 xyrhouxuypordr
   3.9062500000000000E-002   10.000000000000000        5.6698000000000004       -1.4700999999999997        6.5958672802054402E-019   100.00000000000001                1
  0.11718750000000000        10.000000000000000        5.6698000000000004       -1.4700999999999997        6.5958672802054402E-019   100.00000000000001                1
  0.19531250000000000        10.000000000000000        5.6698000000000004       -1.4700999999999997        6.5958672802054402E-019   100.00000000000001                1
  0.27343750000000000        10.000000000000000        5.6698000000000004       -1.4700999999999997        6.5958672802054402E-019   100.00000000000001                1
  0.35156250000000000        10.000000000000000        5.6698000000000004       -1.4700999999999997        6.5958672802054402E-019   100.00000000000001                1
  0.42968750000000000        10.000000000000000        5.6698000000000004       -1.4700999999999997        6.5958672802054402E-019   100.00000000000001                1
  0.50781250000000000        10.000000000000000        5.6698000000000004       -1.4700999999999997        6.5958672802054402E-019   100.00000000000001                1
  0.58593750000000000        10.000000000000000        5.6698000000000004       -1.4700999999999997        6.5958672802054402E-019   100.00000000000001                1
  0.66406250000000000        10.000000000000000        5.6698000000000004       -1.4700999999999997        6.5958672802054402E-019   100.00000000000001                1
  0.74218750000000000        10.000000000000000        5.6697999999999995       -1.4700999999999997        6.5958672802054412E-019   100.00000000000001                1
  0.82031250000000000        10.000000000000000        5.6698000000000004       -1.4700999999999997        6.5958672802054402E-019   100.00000000000001                1
  0.89843750000000000        10.000000000000000        5.6698000000000004       -1.4700999999999997        6.5958672802054402E-019   100.00000000000001                1
  0.97656250000000000        10.000000000000000        5.6698000000000004       -1.4700999999999997        6.5958672802054402E-019   100.00000000000001                1
   1.0546875000000000        10.000000000000000        5.6697999999999995       -1.4700999999999997        6.5958672802054412E-019   100.00000000000001                1
   1.1328125000000000        10.000000000000000        5.6698000000000004       -1.4700999999999997        6.5958672802054402E-019   100.00000000000001                1
   1.2109375000000000        10.000000000000000        5.6697999999999995       -1.4700999999999997        6.5958672802054412E-019   100.00000000000001                1
   1.2890625000000000        10.000000000000000        5.6698000000000004       -1.4700999999999997        6.5958672802054402E-019   100.00000000000001                1
   1.3671875000000000        10.000000000000000        5.6698000000000004       -1.4700999999999997        6.5958672802054402E-019   100.00000000000001                1
   1.4453125000000000        10.000000000000000        5.6698000000000004       -1.4700999999999997        6.5958672802054402E-019   100.00000000000001                1
   1.5234375000000000        10.000000000000000        5.6698000000000004       -1.4700999999999997        6.5958672802054402E-019   100.00000000000001                1
   1.6015625000000000        10.000000000000000        5.6698000000000004       -1.4700999999999997        6.5958672802054402E-019   100.00000000000001                1
   1.6796875000000000        10.000000000000000        5.6698000000000004       -1.4700999999999997        6.5958672802054402E-019   100.00000000000001                1
   1.7578125000000000        10.000000000000000        5.6698000000000004       -1.4700999999999997        6.5958672802054402E-019   100.00000000000001                1
   1.8359375000000000        10.000000000000000        5.6698000000000004       -1.4700999999999997        6.5958672802054402E-019   100.00000000000001                1
   1.9140625000000000        10.000000000000000        5.6698000000000004       -1.4700999999999997        6.5958672802054402E-019   100.00000000000001                1
   1.9921875000000000        10.000000000000000        5.6698000000000004       -1.4700999999999997        6.5958672802054402E-019   100.00000000000001                1
   2.0703125000000000        10.000000000000000        5.6698000000000004       -1.4700999999999995        6.5958672802054402E-019   100.00000000000001                1
   2.1484375000000000        10.000000000000000        5.6697999999999995       -1.4700999999999993        8.8220390907673041E-019   99.999999999999986                1
   2.2265625000000000        10.000000000000000        5.6697999999999986       -1.4700999999999991        9.1686606137232508E-019   99.999999999999986                1
   2.3046875000000000        10.000000000000000        5.6697999999999986       -1.4700999999999984        8.2709083447110122E-019   99.999999999999972                1
   2.3828125000000000        10.000000000000000        5.6697999999999995       -1.4700999999999973        1.1869832289076594E-018   99.999999999999957                1
   2.4609375000000000        10.000000000000000        5.6697999999999968       -1.4700999999999969        1.0205380641675894E-018   99.999999999999929                1
   2.5390625000000000        10.000000000000000        5.6697999999999942       -1.4700999999999957        1.1752518839686064E-018   99.999999999999858                1
   2.6171875000000000        10.000000000000000        5.6697999999999915       -1.4700999999999933        1.5181807235774138E-018   99.999999999999787                1
   2.6953125000000000        10.000000000000000        5.6697999999999880       -1.4700999999999895        1.7884016997209999E-018   99.999999999999659                1
   2.7734375000000000        10.000000000000000        5.6697999999999791       -1.4700999999999822        1.2198698235833830E-018   99.999999999999460                1
   2.8515625000000000        10.000000000000000        5.6697999999999622       -1.4700999999999680        1.5484140544948729E-018   99.999999999999091                1
   2.9296875000000000        10.000000000000000        5.6697999999999329       -1.4700999999999418        1.5563838406192214E-018   99.999999999998337                1
   3.0078125000000000        10.000000000000000        5.6697999999998761       -1.4700999999998938        1.6729207738830829E-018   99.999999999996959                1
   3.0859375000000000        10.000000000000000        5.6697999999997721       -1.4700999999998023        1.8802629767457987E-018   99.999999999994401                1
   3.1640625000000000        10.000000000000000        5.6697999999995794       -1.4700999999996325        1.9893698826865893E-018   99.999999999989626                1
   3.2421875000000000        10.000000000000000        5.6697999999992206       -1.4700999999993181        1.5872487718943818E-018   99.999999999980759                1
   3.3203125000000000        10.000000000000000        5.6697999999985589       -1.4700999999987396        2.6627295334206646E-018   99.999999999964444                1
   3.3984375000000000        10.000000000000000        5.6697999999973510       -1.4700999999976823        1.9332155444798174E-018   99.999999999934602                1
   3.4765625000000000        10.000000000000000        5.6697999999951607       -1.4700999999957596        1.4753595971778013E-019   99.999999999880473                1
   3.5546875000000000        10.000000000000000        5.6697999999912057       -1.4700999999922937        1.9815038164429556E-018   99.999999999782830                1
   3.6328125000000000        10.000000000000000        5.6697999999841242       -1.4700999999860866        1.4916198938750612E-018   99.999999999607979                1
   3.7109375000000000        10.000000000000000        5.6697999999715369       -1.4700999999750544        7.7582446201027960E-019   99.999999999297160                1
   3.7890625000000000        10.000000000000000        5.6697999999493218       -1.4700999999555850        5.2832388276826020E-019   99.999999998748564                1
   3.8671875000000000        10.000000000000000        5.6697999999103939       -1.4700999999214697        3.9375906900161991E-019   99.999999997787427                1
   3.9453125000000000        10.000000000000000        5.6697999998426889       -1.4700999998621327        1.7679457542141667E-018   99.999999996115619                1
   4.0234375000000000        10.000000000000000        5.6697999997257913       -1.4700999997596820        2.2751861820744590E-018   99.999999993229153                1
   4.1015625000000000        10.000000000000000        5.6697999995254520       -1.4700999995841009        1.0984094768830231E-018   99.999999988282354                1
   4.1796875000000000        10.000000000000000        5.6697999991846668       -1.4700999992854302        1.7140076829880934E-018   99.999999979867624                1
   4.2578125000000000        10.000000000000000        5.6697999986093279       -1.4700999987811916        1.1527098134128817E-018   99.999999965661203                1
   4.3359375000000000        10.000000000000000        5.6697999976453293       -1.4700999979363234        2.8478236846184350E-018   99.999999941857936                1
   4.4140625000000000        10.000000000000000        5.6697999960424097       -1.4700999965314923        5.4247633777834928E-019   99.999999902278290                1
   4.4921875000000000        10.000000000000000        5.6697999933975352       -1.4700999942134680        9.6354628163534921E-019   99.999999836970360                1
   4.5703125000000000        10.000000000000000        5.6697999890670827       -1.4700999904181726        1.1850596459001531E-018   99.999999730041864                1
   4.6484375000000000        10.000000000000000        5.6697999820320044       -1.4700999842524873        7.1770294969516016E-019   99.999999556330152                1
   4.7265625000000000        10.000000000000000        5.6697999706927034       -1.4700999743144922        1.5978563155307403E-018   99.999999276337476                1
   4.8046875000000000        10.000000000000000        5.6697999525601581       -1.4700999584227614        1.3064011534946601E-018   99.999998828604504                1
   4.8828125000000000        10.000000000000000        5.6697999237955461       -1.4700999332128752        4.2354100460547701E-019   99.999998118342162                1
   4.9609375000000000        10.000000000000000        5.6697998785310997       -1.4700998935421992        8.5484991479193420E-019   99.999997000662120                1
   5.0390625000000000        10.000000000000000        5.6697998078788734       -1.4700998316211566        1.4899057860489837E-019   99.999995256101215                1
   5.1171875000000000        10.000000000000000        5.6697996984997090       -1.4700997357590393        2.5759042213839075E-018   99.999992555285942                1
   5.1953125000000000        10.000000000000000        5.6697995305602413       -1.4700995885734820       -6.2930108033644085E-020   99.999988408486274                1
   5.2734375000000000        10.000000000000000        5.6697992748495922       -1.4700993644634766        1.1207860094879571E-018   99.999982094420815                1
   5.3515625000000000        10.000000000000000        5.6697988887580992       -1.4700990260850437        1.0651507336646922E-018   99.999972560962348                1
   5.4296875000000000        10.000000000000000        5.6697983107371854       -1.4700985194957401        1.0028281168451757E-018   99.999958288339982                1
   5.5078125000000000        10.000000000000000        5.6697974527629285       -1.4700977675495746        1.3244891279562226E-018   99.999937103048538                1
   5.5859375000000000        10.000000000000000        5.6697961902183716       -1.4700966610296269        2.9307315368938260E-018   99.999905928021036                1
   5.6640625000000000        10.000000000000000        5.6697943484962652       -1.4700950469063545       -4.1700401653670554E-019   99.999860451822300                1
   5.7421875000000000        10.000000000000000        5.6697916855136281       -1.4700927130128929        2.3692201938304631E-020   99.999794696898562                1
   5.8203125000000000        10.000000000000000        5.6697878692358668       -1.4700893683465055       -7.6890240952358706E-020   99.999700464604786                1
   5.8984375000000000        10.000000000000000        5.6697824492502118       -1.4700846181545153        1.7936700480361467E-018   99.999566633303672                1
   5.9765625000000000        10.000000000000000        5.6697748214313926       -1.4700779329657145        1.0002104919471382E-018   99.999378285907085                1
   6.0546875000000000        10.000000000000000        5.6697641848381464       -1.4700686108120022        7.0311814730791794E-019   99.999115645601492                1
   6.1328125000000000        10.000000000000000        5.6697494902046071       -1.4700557320822760        5.0075831224214427E-019   99.998752804067038                1
   6.2109375000000000        10.000000000000000        5.6697293797856885       -1.4700381067965127        1.5166935870015623E-018   99.998256236267281                1
   6.2890625000000000        10.000000000000000        5.6697021189205614       -1.4700142146175803        2.0343833802078936E-018   99.997583110838164                1
   6.3671875000000000        10.000000000000000        5.6696655205272330       -1.4699821386614376        1.9076220022275951E-019   99.996679426084725                1
   6.4453125000000000        10.000000000000000        5.6696168648553824       -1.4699394951415508        2.1332630756094466E-018   99.995478029132869                1
   6.5234375000000000        10.000000000000000        5.6695528182033632       -1.4698833620899439        1.3834514493000531E-019   99.993896609859718                1
   6.6015625000000000        10.000000000000000        5.6694693559160951       -1.4698102118069645        1.9525982315657343E-018   99.991835801044033                1
   6.6796875000000000        10.000000000000000        5.6693616967504621       -1.4697158532401644       -5.6581414242261425E-019   99.989177559915689                1
   6.7578125000000000        10.000000000000000        5.6692242575000371       -1.4695953920723634        1.9716067720337873E-018   99.985784050898943                1
   6.8359375000000000        10.000000000000000        5.6690506384365751       -1.4694432177563115        7.7671125352609950E-019   99.981497290480576                1
   6.9140625000000000        10.000000000000000        5.6688336514238618       -1.4692530278703246        2.1893794738111203E-018   99.976139847160951                1
   6.9921875000000000        10.000000000000000        5.6685654032223294       -1.4690179007522743        2.0976228325578732E-018   99.969516905716375                1
   7.0703125000000000        10.000000000000000        5.6682374462408402       -1.4687304271462254        1.4896561854883619E-018   99.961419998339437                1
   7.1484375000000000        10.000000000000000        5.6678410075237560       -1.4683829103224839       -1.1906927501214615E-018   99.951632668653957                1
   7.2265625000000000        10.000000000000000        5.6673673038518997       -1.4679676416033127        7.2948192157404474E-019   99.939938262312054                1
   7.3046875000000000        10.000000000000000        5.6668079463393521       -1.4674772543162904        2.6780114045806438E-018   99.926129926288183                1
   7.3828125000000000        10.000000000000000        5.6661554318120260       -1.4669051538930808        9.7971863375449890E-019   99.910022747827639                1
   7.4609375000000000        10.000000000000000        5.6654037107151263       -1.4662460152672689        1.4902789210163757E-018   99.891467777274869                1
   7.5390625000000000        10.000000000000000        5.6645488126668209       -1.4654963312014437        7.3008232351379115E-019   99.870367465524112                1
   7.6171875000000000        10.000000000000000        5.6635895016046742       -1.4646549871624974        4.9594738695233816E-019   99.846691820383199                1
   7.6953125000000000        10.000000000000000        5.6625279234910426       -1.4637238304924642        1.4711235749232404E-018   99.820494364986757                1
   7.7734375000000000        10.000000000000000        5.6613702016255960       -1.4627081946399885        2.9808993948104099E-018   99.791926787217079                1
   7.8515625000000000        10.000000000000000        5.6601269287070881       -1.4616173339457139       -7.4628635009751053E-019   99.761251025415476                1
   7.9296875000000000        10.000000000000000        5.6588135018441488       -1.4604647217432412       -1.3909387508517631E-018   99.728847465872235                1
   8.0078125000000000        10.000000000000000        5.6574502476036512       -1.4592681651135133        2.9496619694098597E-019   99.695217952782883                1
   8.0859375000000000        10.000000000000000        5.6560622896013024       -1.4580496941475094        5.2439036748571814E-020   99.660982448191675                1
   8.1640625000000000        10.000000000000000        5.6546791215208163       -1.4568351924531060       -6.4612884624585277E-019   99.626868438028907                1
   8.2421875000000000        10.000000000000000        5.6533338638946935       -1.4556537490251034       -2.0680226311271790E-019   99.593692562337480                1
   8.3203125000000000        10.000000000000000        5.6520622031696499       -1.4545367292582247        1.0019671445967382E-018   99.562334444592892                1
   8.3984375000000000        10.000000000000000        5.6509010357001435       -1.4535165841563820        1.6182605385808225E-018   99.533703286189279                1
   8.4765625000000000        10.000000000000000        5.6498868659938548       -1.4526254405031558        5.1330077884609628E-019   99.508698444052058                1
   8.5546875000000000        10.000000000000000        5.6490540358185228       -1.4518935391809873        1.9967224840143405E-018   99.488165874441876                1
   8.6328125000000000        10.000000000000000        5.6484328861514994       -1.4513476116937252        1.7436287120421375E-018   99.472852943604408                1
   8.7109375000000000        10.000000000000000        5.6480479744518144       -1.4510093035572407       -8.6430851725774178E-019   99.463364604747341                1
   8.7890625000000000        10.000000000000000        5.6479164820471324       -1.4508937648011493       -1.8463923203728265E-018   99.460124241044525                1
   8.8671875000000000        10.000000000000000        5.6480469455222506       -1.4510085314304391        1.6301252371303773E-018   99.463342453274990                1
   8.9453125000000000        10.000000000000000        5.6484384463632473       -1.4513528004725440       -1.8771987295133939E-019   99.472997086029778                1
   9.0234375000000000        10.000000000000000        5.6490803477078106       -1.4519171946989700        1.5780693116770231E-018   99.488826677580761                1
   9.1015625000000000        10.000000000000000        5.6499526351998224       -1.4526840704380064       -2.5779670495617321E-019   99.510338745991106                1
   9.1796875000000000        10.000000000000000        5.6510268766093095       -1.4536283692586085        7.2960995589414842E-019   99.536833292404509                1
   9.2578125000000000        10.000000000000000        5.6522677489971223       -1.4547189718415299        9.5535376647770115E-019   99.567440286722928                1
   9.3359375000000000        10.000000000000000        5.6536350289613884       -1.4559204596731248        7.1184985122777624E-019   99.601168590831293                1
   9.4140625000000000        10.000000000000000        5.6550858924689802       -1.4571951473540643        2.3743261027583594E-018   99.636962561478072                1
   9.4921875000000000        10.000000000000000        5.6565773361619129       -1.4585052181994869        2.3431569683701180E-018   99.673761711574173                1
   9.5703125000000000        10.000000000000000        5.6580685167458142       -1.4598147831616592        2.3385776004042957E-018   99.710558418586928                1
   9.6484375000000000        10.000000000000000        5.6595228118911889       -1.4610916901282451        2.0481963043118030E-019   99.746448823638957                1
   9.7265625000000000        10.000000000000000        5.6609094348069098       -1.4623089368983795        2.1009070665465073E-018   99.780672763089783                1
   9.8046875000000000        10.000000000000000        5.6622044821374731       -1.4634455836087508        7.1549620352610593E-019   99.812639740438016                1
   9.8828125000000000        10.000000000000000        5.6633913555100666       -1.4644871140152718        1.0081660948003749E-018   99.841939443288851                1
   9.9609375000000000        10.000000000000000        5.6644605637410423       -1.4654252535033674        3.7330923945726605E-019   99.868336960023399                1
   10.039062500000000        10.000000000000000        5.6654089776245096       -1.4662573082598671        9.3883080655953962E-019   99.891754459833166                1
   10.117187500000000        10.000000000000000        5.6662386649249603       -1.4669851383213584        1.9114073196559657E-018   99.912242482037186                1
   10.195312500000000        10.000000000000000        5.6669554733472376       -1.4676139118389342        2.8840158234973472E-018   99.929944977938447                1
   10.273437500000000        10.000000000000000        5.6675675492160043       -1.4681508049339884        8.1025929626661717E-019   99.945062745201099                1
   10.351562500000000        10.000000000000000        5.6680839768153159       -1.4686038088030935       -1.2976583382700197E-018   99.957819827757930                1
   10.429687500000000        10.000000000000000        5.6685136976534984       -1.4689807831214889        5.1813716069020431E-019   99.968436819968929                1
   10.507812500000000        10.000000000000000        5.6688648227237177       -1.4692888543498077       -4.6755531958259098E-019   99.977113871957258                1
   10.585937500000000        10.000000000000000        5.6691443891034412       -1.4695342035674825       -1.0939483146739161E-019   99.984024667255113                1
   10.664062500000000        10.000000000000000        5.6693585423089869       -1.4697222273141202       -2.6203535446473499E-019   99.989320915605518                1
   10.742187500000000        10.000000000000000        5.6695130568203389       -1.4698579945810659        1.1321111995930123E-018   99.993145198579441                1
   10.820312500000000        10.000000000000000        5.6696140490767046       -1.4699468722722420       -2.5646825746871515E-018   99.995648569734826                1
   10.898437500000000        10.000000000000000        5.6696686995168966       -1.4699951584615549        1.7649403847569825E-018   99.997008379147900                1
   10.976562500000000        10.000000000000000        5.6696857904628422       -1.4700105542302888        2.0872786465760128E-018   99.997441551133122                1
   11.054687500000000        10.000000000000000        5.6696758890286976       -1.4700023244350555        6.8617530582287780E-019   99.997209097693258                1
   11.132812500000000        10.000000000000000        5.6696510583636917       -1.4699810453217903       -1.6087684205337928E-018   99.996608988138135                1
   11.210937500000000        10.000000000000000        5.6696240615317945       -1.4699579074127755        1.0796880015503016E-018   99.995956496898003                1
   11.289062500000000        10.000000000000000        5.6696071190437864       -1.4699436273241611       -1.6666275617586670E-018   99.995553541985544                1
   11.367187500000000        10.000000000000000        5.6696103797203028       -1.4699471089543483        7.2890435854933303E-019   99.995650967918692                1
   11.445312500000000        10.000000000000000        5.6696403481126181       -1.4699740680464815        8.1842888815944826E-019   99.996409802612135                1
   11.523437500000000        10.000000000000000        5.6696985624174676       -1.4700258797280989       -4.3167993644462246E-019   99.997868799263387                1
   11.601562500000000        10.000000000000000        5.6697808195098229       -1.4700989136379812       -8.6828213632461126E-019   99.999925702723601                1
   11.679687500000000        10.000000000000000        5.6698771892914763       -1.4701845773176290       -9.2938468644006764E-019   100.00233845799590                1
   11.757812500000000        10.000000000000000        5.6699729461816801       -1.4702701961849538       -6.2426605007303278E-019   100.00474998123472                1
   11.835937500000000        10.000000000000000        5.6700503788599246       -1.4703407262512307        1.5992720449506470E-018   100.00673639869601                1
   11.914062500000000        10.000000000000000        5.6700912365825644       -1.4703811420050796       -4.6441921748696996E-019   100.00787432803557                1
   11.992187500000000        10.000000000000000        5.6700793553624358       -1.4703791917342854       -3.0480285539206198E-019   100.00781853839598                1
   12.070312500000000        10.000000000000000        5.6700028081705227       -1.4703280944942614       -1.0378277923545509E-018   100.00637797926561                1
   12.148437500000000        10.000000000000000        5.6698547705423428       -1.4702286934607331       -2.4048484099373088E-018   100.00357645902179                1
   12.226562500000000        10.000000000000000        5.6696322222421731       -1.4700905967663072        1.0445942936888186E-018   99.999684779961754                1
   12.304687500000000        10.000000000000000        5.6693316545368528       -1.4699319405226601       -1.6511641893485179E-018   99.995214013805210                1
   12.382812500000000        10.000000000000000        5.6689411842914863       -1.4697775902350971       -4.2064450341262093E-019   99.990864762405266                1
   12.460937500000000        10.000000000000000        5.6684289728230119       -1.4696558384643204       -1.2013230700486444E-019   99.987434099322670                1
   12.539062500000000        10.000000000000000        5.6677287068553230       -1.4695939325411242        2.8602764013720494E-018   99.985689411139930                1
   12.617187500000000        10.000000000000000        5.6667242299415594       -1.4696130174456408       -1.2146835372569346E-018   99.986225992509446                1
   12.695312500000000        10.000000000000000        5.6652371601649545       -1.4697232981614554        4.2322660669721674E-019   99.989330722719131                1
   12.773437500000000        10.000000000000000        5.6630232958785474       -1.4699203266401653        1.3238973326421461E-018   99.994877394355328                1
   12.851562500000000        10.000000000000000        5.6597851414638534       -1.4701832880349761       -8.1522092875818760E-019   100.00227842943902                1
   12.929687500000000        10.000000000000000        5.6552079191410858       -1.4704759636835176       -2.5017327556278725E-018   100.01051228047218                1
   13.007812500000000        10.000000000000000        5.6490236106503060       -1.4707506816785103       -2.5966205635727227E-018   100.01823553111083                1
   13.085937500000000        10.000000000000000        5.6411007751437641       -1.4709550592889737        1.1425530960730073E-018   100.02397422132219                1
   13.164062500000000        10.000000000000000        5.6315471478711698       -1.4710407630904658        1.5873490908361064E-018   100.02637208524769                1
   13.242187500000000        10.000000000000000        5.6207995161603153       -1.4709729689197697       -1.5104763587775540E-018   100.02445745026748                1
   13.320312500000000        10.000000000000000        5.6096658539564759       -1.4707388278231122        3.7765415410034297E-019   100.01787979599708                1
   13.398437500000000        10.000000000000000        5.5992845863847727       -1.4703531671708467       -1.6575177393925630E-018   100.00706565050754                1
   13.476562500000000        10.000000000000000        5.5909805254327622       -1.4698599623702497       -1.7756324823333741E-018   99.993253963196551                1
   13.554687500000000        10.000000000000000        5.5860270066239215       -1.4693287830211206        2.7976256751774762E-018   99.978392268310301                1
   13.632812500000000        10.000000000000000        5.5853617592250870       -1.4688463153881957        1.6101160432217197E-018   99.964901292439535                1
   13.710937500000000        10.000000000000000        5.5893349158248098       -1.4685042782672160        2.7429571965590105E-018   99.955330457231497                1
   13.789062500000000        10.000000000000000        5.5975760520560325       -1.4683846982109812       -2.8901066714085524E-018   99.951969480166895                1
   13.867187500000000        10.000000000000000        5.6090383874086704       -1.4685453030306816       -3.2897501074241604E-019   99.956442671278495                1
   13.945312500000000        10.000000000000000        5.6222223233017337       -1.4690064923318154        1.9179963310205991E-018   99.969343655448640                1
   14.023437500000000        10.000000000000000        5.6355133289361605       -1.4697415837603605       -2.8900473541168183E-018   99.989951985252276                1
   14.101562500000000        10.000000000000000        5.6475235596423898       -1.4706718344367451       -2.6436383072057521E-018   100.01607851792340                1
   14.179687500000000        10.000000000000000        5.6573264645585093       -1.4716679710212244       -2.9981364217011599E-018   100.04409637555123                1
   14.257812500000000        10.000000000000000        5.6645233903033425       -1.4725604373318557        1.0603944807823114E-018   100.06922575078863                1
   14.335937500000000        10.000000000000000        5.6691581815615670       -1.4731606727248869       -1.1864072192157727E-018   100.08613836062004                1
   14.414062500000000        10.000000000000000        5.6715577233048569       -1.4732944072161187       -1.7458621909228940E-018   100.08990573397942                1
   14.492187500000000        10.000000000000000        5.6721835340661544       -1.4728442282322298       -3.0482616047380905E-019   100.07721116405258                1
   14.570312500000000        10.000000000000000        5.6715273445423975       -1.4717929455519325       -6.9202864645071098E-019   100.04757397919028                1
   14.648437500000000        10.000000000000000        5.6700281737850213       -1.4702530369942199       -1.6161517726347948E-018   100.00417549928486                1
   14.726562500000000        10.000000000000000        5.6680148527507068       -1.4684656407916916        1.5361870030310720E-018   99.953821716912159                1
   14.804687500000000        10.000000000000000        5.6657878255995682       -1.4667588788920782        1.1009904781433939E-018   99.905760185086834                1
   14.882812500000000        10.000000000000000        5.6639402220713730       -1.4654707462668635       -1.1697507987012402E-018   99.869503298208897                1
   14.960937500000000        10.000000000000000        5.6635952698606378       -1.4648608310418363       -2.2545302951907109E-018   99.852344316718629                1
   15.039062500000000        10.000000000000000        5.6656343366929498       -1.4650464603643054        9.8840620142313501E-019   99.857575589778264                1
   15.117187500000000        10.000000000000000        5.6685174004238403       -1.4659919063845201        2.4222129530412105E-019   99.884196956747445                1
   15.195312500000000        10.000000000000000        5.6672497217458115       -1.4675534655370734       -4.1023082002979532E-019   99.928149210569984                1
   15.273437500000000        10.000000000000000        5.6586450850309102       -1.4696942777309185        1.4899603564697298E-018   99.980347750760217                1
   15.351562500000000        10.000000000000000        5.6259134554559571       -1.4960204402286623        8.4466717501706519E-020   99.367990857348587                1
   15.429687500000000        10.000000000000000        5.0918867441645359       -1.9940364701366853       -8.3029316095516833E-020   85.987185221168076                1
   15.507812500000000        10.000000000000000        2.7409311473831393       -4.9021018443768050        4.7388057388059668E-020   32.641730827079542                1
   15.585937500000000        10.000000000000000        1.0000000000000000       -10.500000000000000        1.1588189829090098E-020  0.99999999999999978                1
   15.664062500000000        10.000000000000000        1.0000000000000000       -10.500000000000000        1.1588189829090098E-020  0.99999999999999978                1
   15.742187500000000        10.000000000000000        1.0000000000000000       -10.500000000000000        1.1588189829090098E-020  0.99999999999999978                1
   15.820312500000000        10.000000000000000        1.0000000000000000       -10.500000000000000        1.1588189829090098E-020  0.99999999999999978                1
   15.898437500000000        10.000000000000000        1.0000000000000000       -10.500000000000000        1.1588189829090098E-020  0.99999999999999978                1
   15.976562500000000        10.000000000000000        1.0000000000000000       -10.500000000000000        1.1588189829090098E-020  0.99999999999999978                1
   16.054687500000000        10.000000000000000        1.0000000000000000       -10.500000000000000        1.1588189829090098E-020  0.99999999999999978                1
   16.132812500000000        10.000000000000000        1.0000000000000000       -10.500000000000000        1.1588189829090098E-020  0.99999999999999978                1
   16.210937500000000        10.000000000000000        1.0000000000000000       -10.500000000000000        1.1588189829090098E-020  0.99999999999999978                1
   16.289062500000000        10.000000000000000        1.0000000000000000       -10.500000000000000        1.1588189829090098E-020  0.99999999999999978                1
   16.367187500000000        10.000000000000000        1.0000000000000000       -10.500000000000000        1.1588189829090098E-020  0.99999999999999978                1
   16.445312500000000        10.000000000000000        1.0000000000000000       -10.500000000000000        1.1588189829090098E-020  0.99999999999999978                1
   16.523437500000000        10.000000000000000        1.0000000000000000       -10.500000000000000        1.1588189829090098E-020  0.99999999999999978                1
   16.601562500000000        10.000000000000000        1.0000000000000000       -10.500000000000000        1.1588189829090098E-020  0.99999999999999978                1
   16.679687500000000        10.000000000000000        1.0000000000000000       -10.500000000000000        1.1588189829090098E-020  0.99999999999999978                1
   16.757812500000000        10.000000000000000        1.0000000000000000       -10.500000000000000        1.1588189829090098E-020  0.99999999999999978                1
   16.835937500000000        10.000000000000000        1.0000000000000000       -10.500000000000000        1.1588189829090098E-020  0.99999999999999978                1
   16.914062500000000        10.000000000000000        1.0000000000000000       -10.500000000000000        1.1588189829090098E-020  0.99999999999999978                1
   16.992187500000000        10.000000000000000        1.0000000000000000       -10.500000000000000        1.1588189829090098E-020  0.99999999999999978                1
   17.070312500000000        10.000000000000000        1.0000000000000000       -10.500000000000000        1.1588189829090098E-020  0.99999999999999978                1
   17.148437500000000        10.000000000000000        1.0000000000000000       -10.500000000000000        1.1588189829090098E-020  0.99999999999999978                1
   17.226562500000000        10.000000000000000        1.0000000000000000       -10.500000000000000        1.1588189829090098E-020  0.99999999999999978                1
   17.304687500000000        10.000000000000000        1.0000000000000000       -10.500000000000000        1.1588189829090098E-020  0.99999999999999978                1
   17.382812500000000        10.000000000000000        1.0000000000000000       -10.500000000000000        1.1588189829090098E-020  0.99999999999999978                1
   17.460937500000000        10.000000000000000        1.0000000000000000       -10.500000000000000        1.1588189829090098E-020  0.99999999999999978                1
   17.539062500000000        10.000000000000000        1.0000000000000000       -10.500000000000000        1.1588189829090098E-020  0.99999999999999978                1
   17.617187500000000        10.000000000000000        1.0000000000000000       -10.500000000000000        1.1588189829090098E-020  0.99999999999999978                1
   17.695312500000000        10.000000000000000        1.0000000000000000       -10.500000000000000        1.1588189829090098E-020  0.99999999999999978                1
   17.773437500000000        10.000000000000000        1.0000000000000000       -10.500000000000000        1.1588189829090098E-020  0.99999999999999978                1
   17.851562500000000        10.000000000000000        1.0000000000000000       -10.500000000000000        1.1588189829090098E-020  0.99999999999999978                1
   17.929687500000000        10.000000000000000        1.0000000000000000       -10.500000000000000        1.1588189829090098E-020  0.99999999999999978                1
   18.007812500000000        10.000000000000000        1.0000000000000000       -10.500000000000000        1.1588189829090098E-020  0.99999999999999978                1
   18.085937500000000        10.000000000000000        1.0000000000000000       -10.500000000000000        1.1588189829090098E-020  0.99999999999999978                1
   18.164062500000000        10.000000000000000        1.0000000000000000       -10.500000000000000        1.1588189829090098E-020  0.99999999999999978                1
   18.242187500000000        10.000000000000000        1.0000000000000000       -10.500000000000000        1.1588189829090098E-020  0.99999999999999978                1
   18.320312500000000        10.000000000000000        1.0000000000000000       -10.500000000000000        1.1588189829090098E-020  0.99999999999999978                1
   18.398437500000000        10.000000000000000        1.0000000000000000       -10.500000000000000        1.1588189829090098E-020  0.99999999999999978                1
   18.476562500000000        10.000000000000000        1.0000000000000000       -10.500000000000000        1.1588189829090098E-020  0.99999999999999978                1
   18.554687500000000        10.000000000000000        1.0000000000000000       -10.500000000000000        1.1588189829090098E-020  0.99999999999999978                1
   18.632812500000000        10.000000000000000        1.0000000000000000       -10.500000000000000        1.1588189829090098E-020  0.99999999999999978                1
   18.710937500000000        10.000000000000000        1.0000000000000000       -10.500000000000000        1.1588189829090098E-020  0.99999999999999978                1
   18.789062500000000        10.000000000000000        1.0000000000000000       -10.500000000000000        1.1588189829090098E-020  0.99999999999999978                1
   18.867187500000000        10.000000000000000        1.0000000000000000       -10.500000000000000        1.1588189829090098E-020  0.99999999999999978                1
   18.945312500000000        10.000000000000000        1.0000000000000000       -10.500000000000000        1.1588189829090098E-020  0.99999999999999978                1
   19.023437500000000        10.000000000000000        1.0000000000000000       -10.500000000000000        1.1588189829090098E-020  0.99999999999999978                1
   19.101562500000000        10.000000000000000        1.0000000000000000       -10.500000000000000        1.1588189829090098E-020  0.99999999999999978                1
   19.179687500000000        10.000000000000000        1.0000000000000000       -10.500000000000000        1.1588189829090098E-020  0.99999999999999978                1
   19.257812500000000        10.000000000000000        1.0000000000000000       -10.500000000000000        1.1588189829090098E-020  0.99999999999999978                1
   19.335937500000000        10.000000000000000        1.0000000000000000       -10.500000000000000        1.1588189829090098E-020  0.99999999999999978                1
   19.414062500000000        10.000000000000000        1.0000000000000000       -10.500000000000000        1.1588189829090098E-020  0.99999999999999978                1
   19.492187500000000        10.000000000000000        1.0000000000000000       -10.500000000000000        1.1588189829090098E-020  0.99999999999999978                1
   19.570312500000000        10.000000000000000        1.0000000000000000       -10.500000000000000        1.1588189829090098E-020  0.99999999999999978                1
   19.648437500000000        10.000000000000000        1.0000000000000000       -10.500000000000000        1.1588189829090098E-020  0.99999999999999978                1
   19.726562500000000        10.000000000000000        1.0000000000000000       -10.500000000000000        1.1588189829090098E-020  0.99999999999999978                1
   19.804687500000000        10.000000000000000        1.0000000000000000       -10.500000000000000        1.1588189829090098E-020  0.99999999999999978                1
   19.882812500000000        10.000000000000000        1.0000000000000000       -10.500000000000000        1.1588189829090098E-020  0.99999999999999978                1
   19.960937500000000        10.000000000000000        1.0000000000000000       -10.500000000000000        1.1588189829090098E-020  0.99999999999999978                1
