 -0.70434464532253760        1.0000000000004459     
 -0.69882037359451776        1.0000000000004459     
 -0.69329610186649782        1.0000000000004459     
 -0.68777183013847787        1.0000000000004459     
 -0.68224755841045803        1.0000000000004459     
 -0.67672328668243809        1.0000000000004459     
 -0.67119901495441825        1.0000000000004459     
 -0.66567474322639830        1.0000000000004459     
 -0.66015047149837836        1.0000000000004459     
 -0.65462619977035852        1.0000000000004459     
 -0.64910192804233857        1.0000000000004459     
 -0.64357765631431874        1.0000000000004459     
 -0.63805338458629879        1.0000000000004459     
 -0.63252911285827884        1.0000000000004459     
 -0.62700484113025901        1.0000000000004459     
 -0.62148056940223906        1.0000000000004459     
 -0.61595629767421922        1.0000000000004459     
 -0.61043202594619927        1.0000000000004459     
 -0.60490775421817933        1.0000000000004459     
 -0.59938348249015949        1.0000000000004459     
 -0.59385921076213954        1.0000000000004459     
 -0.58833493903411971        1.0000000000004459     
 -0.58281066730609976        1.0000000000004459     
 -0.57728639557807981        1.0000000000004459     
 -0.57176212385005998        1.0000000000004459     
 -0.56623785212204003        1.0000000000004459     
 -0.56071358039402019        1.0000000000004459     
 -0.55518930866600025        1.0000000000004459     
 -0.54966503693798030        1.0000000000004459     
 -0.54414076520996046        1.0000000000004459     
 -0.53861649348194052        1.0000000000004459     
 -0.53309222175392068        1.0000000000004459     
 -0.52756795002590073        1.0000000000004459     
 -0.52204367829788079        1.0000000000004459     
 -0.51651940656986095        1.0000000000004459     
 -0.51099513484184100        1.0000000000004459     
 -0.50547086311382117        1.0000000000004459     
 -0.49994659138580122        1.0000000000004459     
 -0.49442231965778133        1.0000000000004459     
 -0.48889804792976138        1.0000000000004459     
 -0.48337377620174149        1.0000000000004459     
 -0.47784950447372160        1.0000000000004459     
 -0.47232523274570171        1.0000000000004459     
 -0.46680096101768181        1.0000000000004459     
 -0.46127668928966187        1.0000000000004459     
 -0.45575241756164198        1.0000000000004459     
 -0.45022814583362208        1.0000000000004459     
 -0.44470387410560219        1.0000000000004459     
 -0.43917960237758230        1.0000000000004459     
 -0.43365533064956235        1.0000000000004459     
 -0.42813105892154246        1.0000000000004459     
 -0.42260678719352257        1.0000000000004459     
 -0.41708251546550268        1.0000000000004459     
 -0.41155824373748279        1.0000000000004459     
 -0.40603397200946284        1.0000000000004459     
 -0.40050970028144295        1.0000000000004459     
 -0.39498542855342306        1.0000000000004459     
 -0.38946115682540317        1.0000000000004459     
 -0.38393688509738327        1.0000000000004459     
 -0.37841261336936333        1.0000000000004459     
 -0.37288834164134343        1.0000000000004459     
 -0.36736406991332354        1.0000000000004459     
 -0.36183979818530365        1.0000000000004459     
 -0.35631552645728376        1.0000000000004459     
 -0.35079125472926381        1.0000000000004459     
 -0.34526698300124392        1.0000000000004459     
 -0.33974271127322403        1.0000000000004459     
 -0.33421843954520414        1.0000000000004459     
 -0.32869416781718425        1.0000000000004459     
 -0.32316989608916430        1.0000000000004459     
 -0.31764562436114441        1.0000000000004459     
 -0.31212135263312452        1.0000000000004459     
 -0.30659708090510462        1.0000000000004459     
 -0.30107280917708473        1.0000000000004459     
 -0.29554853744906479        1.0000000000004459     
 -0.29002426572104489        1.0000000000004459     
 -0.28449999399302500        1.0000000000004459     
 -0.27897572226500511        1.0000000000004459     
 -0.27345145053698522        1.0000000000004459     
 -0.26792717880896527        1.0000000000004459     
 -0.26240290708094538        1.0000000000004459     
 -0.25687863535292549        1.0000000000004459     
 -0.25135436362490560        1.0000000000004468     
 -0.24583009189688568       0.99999999999952027     
 -0.24030582016886579       0.99999999900286340     
 -0.23478154844084587       0.99999999147843066     
 -0.22925727671282597        1.0003530742194930     
 -0.22373300498480606        1.1017998047893474     
 -0.21820873325678616        2.0999897469564228     
 -0.21268446152876627        4.6460458975738517     
 -0.20716018980074635        3.2979556058649555     
 -0.20163591807272646        2.7930226006823511     
 -0.19611164634470654        2.1086348247132580     
 -0.19058737461668665        1.5795485595373095     
 -0.18506310288866676        1.3622031302169708     
 -0.17953883116064684        1.0793496768533748     
 -0.17401455943262695       0.82790242399260650     
 -0.16849028770460703       0.66804828770749480     
 -0.16296601597658714       0.54036851260520136     
 -0.15744174424856724       0.44384918085559727     
 -0.15191747252054733       0.38835447007439583     
 -0.14639320079252743       0.35088978094691903     
 -0.14086892906450751       0.31598155402748740     
 -0.13534465733648762       0.27699592310002658     
 -0.12982038560846773       0.23484261066149109     
 -0.12429611388044781       0.19418319922856467     
 -0.11877184215242791       0.15851879302271107     
 -0.11324757042440801       0.12431006020249914     
 -0.10772329869638811        7.4429247814302130E-002
 -0.10219902696836820        2.5774780715132502E-002
  -9.6674755240348298E-002   1.5702136656476233E-002
  -9.1150483512328392E-002   1.1474472070347193E-002
  -8.5626211784308501E-002   1.2042675289631054E-002
  -8.0101940056288595E-002   9.7252546437112137E-003
  -7.4577668328268690E-002   1.0533064853368891E-002
  -6.9053396600248784E-002   1.0263419440843956E-002
  -6.3529124872228879E-002   1.0407150636098665E-002
  -5.8004853144208980E-002   9.8740112066649875E-003
  -5.2480581416189075E-002   9.6961161762387851E-003
  -4.6956309688169176E-002   9.4211463323537643E-003
  -4.1432037960149271E-002   1.2392884876787033E-002
  -3.5907766232129372E-002   1.2605250811609615E-002
  -3.0383494504109466E-002   1.3533474606868764E-002
  -2.4859222776089564E-002   1.2021258040988457E-002
  -1.9334951048069659E-002   1.1038516411738411E-002
  -1.3810679320049757E-002   7.4133745713576785E-003
  -8.2864075920298548E-003   9.6037492945973569E-003
  -2.7621358640099515E-003   1.1193979244742410E-002
   2.7621358640099515E-003   1.1193979244742401E-002
   8.2864075920298548E-003   9.6037492945973552E-003
   1.3810679320049757E-002   7.4133745713576612E-003
   1.9334951048069659E-002   1.1038516411738426E-002
   2.4859222776089564E-002   1.2021258040988516E-002
   3.0383494504109466E-002   1.3533474606868762E-002
   3.5907766232129372E-002   1.2605250811609613E-002
   4.1432037960149271E-002   1.2392884876787046E-002
   4.6956309688169176E-002   9.4211463323536915E-003
   5.2480581416189075E-002   9.6961161762388736E-003
   5.8004853144208980E-002   9.8740112066649944E-003
   6.3529124872228879E-002   1.0407150636098652E-002
   6.9053396600248784E-002   1.0263419440843880E-002
   7.4577668328268690E-002   1.0533064853368945E-002
   8.0101940056288595E-002   9.7252546437112085E-003
   8.5626211784308501E-002   1.2042675289631231E-002
   9.1150483512328392E-002   1.1474472070346981E-002
   9.6674755240348298E-002   1.5702136656475862E-002
  0.10219902696836820        2.5774780715132378E-002
  0.10772329869638811        7.4429247814302241E-002
  0.11324757042440801       0.12431006020249996     
  0.11877184215242791       0.15851879302271144     
  0.12429611388044781       0.19418319922856639     
  0.12982038560846773       0.23484261066149287     
  0.13534465733648762       0.27699592310002702     
  0.14086892906450751       0.31598155402748840     
  0.14639320079252743       0.35088978094691969     
  0.15191747252054733       0.38835447007439944     
  0.15744174424856724       0.44384918085560071     
  0.16296601597658714       0.54036851260520269     
  0.16849028770460703       0.66804828770749647     
  0.17401455943262695       0.82790242399260594     
  0.17953883116064684        1.0793496768533772     
  0.18506310288866676        1.3622031302169852     
  0.19058737461668665        1.5795485595373064     
  0.19611164634470654        2.1086348247132531     
  0.20163591807272646        2.7930226006823440     
  0.20716018980074635        3.2979556058649475     
  0.21268446152876627        4.6460458975738526     
  0.21820873325678616        2.0999897469564197     
  0.22373300498480606        1.1017998047893462     
  0.22925727671282597        1.0003530742194930     
  0.23478154844084587       0.99999999147843066     
  0.24030582016886579       0.99999999900286340     
  0.24583009189688568       0.99999999999952005     
  0.25135436362490560        1.0000000000004468     
  0.25687863535292549        1.0000000000004459     
  0.26240290708094538        1.0000000000004459     
  0.26792717880896527        1.0000000000004459     
  0.27345145053698522        1.0000000000004459     
  0.27897572226500511        1.0000000000004459     
  0.28449999399302500        1.0000000000004459     
  0.29002426572104489        1.0000000000004459     
  0.29554853744906479        1.0000000000004459     
  0.30107280917708473        1.0000000000004459     
  0.30659708090510462        1.0000000000004459     
  0.31212135263312452        1.0000000000004459     
  0.31764562436114441        1.0000000000004459     
  0.32316989608916430        1.0000000000004459     
  0.32869416781718425        1.0000000000004459     
  0.33421843954520414        1.0000000000004459     
  0.33974271127322403        1.0000000000004459     
  0.34526698300124392        1.0000000000004459     
  0.35079125472926381        1.0000000000004459     
  0.35631552645728376        1.0000000000004459     
  0.36183979818530365        1.0000000000004459     
  0.36736406991332354        1.0000000000004459     
  0.37288834164134343        1.0000000000004459     
  0.37841261336936333        1.0000000000004459     
  0.38393688509738327        1.0000000000004459     
  0.38946115682540317        1.0000000000004459     
  0.39498542855342306        1.0000000000004459     
  0.40050970028144295        1.0000000000004459     
  0.40603397200946284        1.0000000000004459     
  0.41155824373748279        1.0000000000004459     
  0.41708251546550268        1.0000000000004459     
  0.42260678719352257        1.0000000000004459     
  0.42813105892154246        1.0000000000004459     
  0.43365533064956235        1.0000000000004459     
  0.43917960237758230        1.0000000000004459     
  0.44470387410560219        1.0000000000004459     
  0.45022814583362208        1.0000000000004459     
  0.45575241756164198        1.0000000000004459     
  0.46127668928966187        1.0000000000004459     
  0.46680096101768181        1.0000000000004459     
  0.47232523274570171        1.0000000000004459     
  0.47784950447372160        1.0000000000004459     
  0.48337377620174149        1.0000000000004459     
  0.48889804792976138        1.0000000000004459     
  0.49442231965778133        1.0000000000004459     
  0.49994659138580122        1.0000000000004459     
  0.50547086311382117        1.0000000000004459     
  0.51099513484184100        1.0000000000004459     
  0.51651940656986095        1.0000000000004459     
  0.52204367829788079        1.0000000000004459     
  0.52756795002590073        1.0000000000004459     
  0.53309222175392068        1.0000000000004459     
  0.53861649348194052        1.0000000000004459     
  0.54414076520996046        1.0000000000004459     
  0.54966503693798030        1.0000000000004459     
  0.55518930866600025        1.0000000000004459     
  0.56071358039402019        1.0000000000004459     
  0.56623785212204003        1.0000000000004459     
  0.57176212385005998        1.0000000000004459     
  0.57728639557807981        1.0000000000004459     
  0.58281066730609976        1.0000000000004459     
  0.58833493903411971        1.0000000000004459     
  0.59385921076213954        1.0000000000004459     
  0.59938348249015949        1.0000000000004459     
  0.60490775421817933        1.0000000000004459     
  0.61043202594619927        1.0000000000004459     
  0.61595629767421922        1.0000000000004459     
  0.62148056940223906        1.0000000000004459     
  0.62700484113025901        1.0000000000004459     
  0.63252911285827884        1.0000000000004459     
  0.63805338458629879        1.0000000000004459     
  0.64357765631431874        1.0000000000004459     
  0.64910192804233857        1.0000000000004459     
  0.65462619977035852        1.0000000000004459     
  0.66015047149837836        1.0000000000004459     
  0.66567474322639830        1.0000000000004459     
  0.67119901495441825        1.0000000000004459     
  0.67672328668243809        1.0000000000004459     
  0.68224755841045803        1.0000000000004459     
  0.68777183013847787        1.0000000000004459     
  0.69329610186649782        1.0000000000004459     
  0.69882037359451776        1.0000000000004459     
  0.70434464532253760        1.0000000000004459     
