   1.9531250000000000E-003   1.0000000000000000        0.0000000000000000       -4.8969092263080200E-022   2.5000000000000001E-005   2.4999999999999998E-005
   5.8593750000000000E-003   1.0000000000000000        0.0000000000000000       -1.1617292158522523E-022   2.5000000000000001E-005   2.4999999999999998E-005
   9.7656250000000000E-003   1.0000000000000000        0.0000000000000000       -2.3969855972647730E-022   2.5000000000000001E-005   2.4999999999999998E-005
   1.3671875000000000E-002   1.0000000000000000        0.0000000000000000       -3.6852460376329821E-023   2.5000000000000001E-005   2.4999999999999998E-005
   1.7578125000000000E-002   1.0000000000000000        0.0000000000000000        1.1617292158522464E-022   2.5000000000000001E-005   2.4999999999999998E-005
   2.1484375000000000E-002   1.0000000000000000        0.0000000000000000       -2.0146443356693940E-022   2.5000000000000001E-005   2.4999999999999998E-005
   2.5390625000000000E-002   1.0000000000000000        0.0000000000000000        1.5146594609138939E-022   2.5000000000000001E-005   2.4999999999999998E-005
   2.9296875000000000E-002   1.0000000000000000        0.0000000000000000       -1.3087835469729988E-022   2.5000000000000001E-005   2.4999999999999998E-005
   3.3203125000000000E-002   1.0000000000000000        0.0000000000000000        8.0879882116296034E-023   2.5000000000000001E-005   2.4999999999999998E-005
   3.7109375000000000E-002   1.0000000000000000        0.0000000000000000        2.7938706934277206E-023   2.5000000000000001E-005   2.4999999999999998E-005
   4.1015625000000000E-002   1.0000000000000000        0.0000000000000000        4.4263463110640572E-022   2.5000000000000001E-005   2.4999999999999998E-005
   4.4921875000000000E-002   1.0000000000000000        0.0000000000000000       -2.7369326121924502E-022   2.5000000000000001E-005   2.4999999999999998E-005
   4.8828125000000000E-002   1.0000000000000000        0.0000000000000000        7.3527184007463255E-024   2.5000000000000001E-005   2.4999999999999998E-005
   5.2734375000000000E-002   1.0000000000000000        0.0000000000000000       -1.4852487443174363E-022   2.5000000000000001E-005   2.4999999999999998E-005
   5.6640625000000000E-002   1.0000000000000000        0.0000000000000000        8.5962157012577088E-023   2.5000000000000001E-005   2.4999999999999998E-005
   6.0546875000000000E-002   1.0000000000000000        0.0000000000000000        3.2793115804012727E-022   2.5000000000000001E-005   2.4999999999999998E-005
   6.4453125000000000E-002   1.0000000000000000        0.0000000000000000       -2.5407579334312649E-022   2.5000000000000001E-005   2.4999999999999998E-005
   6.8359375000000000E-002   1.0000000000000000        0.0000000000000000        2.3631632754336658E-022   2.5000000000000001E-005   2.4999999999999998E-005
   7.2265625000000000E-002   1.0000000000000000        1.2065083071443241E-320   7.3527165560269159E-024   2.5000000000000001E-005   2.4999999999999998E-005
   7.6171875000000000E-002   1.0000000000000000       -4.2506290119889949E-316  -1.3690687608233054E-022   2.5000000000000001E-005   2.4999999999999998E-005
   8.0078125000000000E-002   1.0000000000000000        5.3649297577067180E-306   1.0293803178515713E-023   2.5000000000000001E-005   2.4999999999999998E-005
   8.3984375000000000E-002   1.0000000000000000       -7.1241902332306922E-295   6.7481598620950509E-023   2.5000000000000001E-005   2.4999999999999998E-005
   8.7890625000000000E-002   1.0000000000000000       -1.9750957119214363E-292   4.2645755925892184E-023   2.5000000000000001E-005   2.4999999999999998E-005
   9.1796875000000000E-002   1.0000000000000000       -5.3176861136962090E-283  -2.8969703230746549E-022   2.5000000000000001E-005   2.4999999999999998E-005
   9.5703125000000000E-002   1.0000000000000000        1.9139725223478070E-272   6.9115535626663619E-023   2.5000000000000001E-005   2.4999999999999998E-005
   9.9609375000000000E-002   1.0000000000000000       -2.1765065989090767E-270  -1.6175976423265601E-023   2.5000000000000001E-005   2.4999999999999998E-005
  0.10351562500000000        1.0000000000000000       -2.9535938222563605E-260   2.7205051257468276E-022   2.5000000000000001E-005   2.4999999999999998E-005
  0.10742187500000000        1.0000000000000000        1.1767485332946446E-248  -7.7938795493885268E-023   2.5000000000000001E-005   2.4999999999999998E-005
  0.11132812500000000        1.0000000000000000       -1.2460118045891500E-249  -7.3527165560269159E-024   2.5000000000000001E-005   2.4999999999999998E-005
  0.11523437500000000        1.0000000000000000       -6.1140688067531266E-232   7.8919157701355527E-023   2.5000000000000001E-005   2.4999999999999998E-005
  0.11914062500000000        1.0000000000000000        1.2462862113855020E-225  -8.9630522545380081E-023   2.5000000000000001E-005   2.4999999999999998E-005
  0.12304687500000000        1.0000000000000000       -3.3795496507666762E-223   1.8381791390067280E-022   2.5000000000000001E-005   2.4999999999999998E-005
  0.12695312500000000        1.0000000000000000       -1.7766520652957539E-208  -6.3233362382664650E-023   2.5000000000000001E-005   2.4999999999999998E-005
  0.13085937500000000        1.0000000000000000        7.4436763919452448E-203   3.5543031500240336E-022   2.5000000000000001E-005   2.4999999999999998E-005
  0.13476562500000000        1.0000000000000000       -2.9688645232216879E-200  -1.4852487443230596E-022   2.5000000000000001E-005   2.4999999999999998E-005
  0.13867187500000000        1.0000000000000000        1.3319469060928792E-181  -8.0879882116296034E-023   2.5000000000000001E-005   2.4999999999999998E-005
  0.14257812500000000        1.0000000000000000        1.3336830105443425E-179  -3.3103464010612757E-022   2.5000000000000001E-005   2.4999999999999998E-005
  0.14648437500000000        1.0000000000000000       -8.8693925508483525E-178   5.1336597116169668E-022   2.5000000000000001E-005   2.4999999999999998E-005
  0.15039062500000000        1.0000000000000000        1.3909846825004745E-160  -1.2205509483004622E-022   2.5000000000000001E-005   2.4999999999999998E-005
  0.15429687500000000        1.0000000000000000        6.2664865132055093E-157   2.7940322912902263E-023   2.5000000000000001E-005   2.4999999999999998E-005
  0.15820312500000000        1.0000000000000000       -8.4961809039029494E-155  -1.3087835469727905E-022   2.5000000000000001E-005   2.4999999999999998E-005
  0.16210937500000000        1.0000000000000000        1.9326974053761197E-136   1.0293803178434076E-023   2.5000000000000001E-005   2.4999999999999998E-005
  0.16601562500000000        1.0000000000000000        3.1167149184871664E-134  -2.3675747310406655E-022   2.5000000000000001E-005   2.4999999999999998E-005
  0.16992187500000000        1.0000000000000000       -4.1867146720638140E-132   1.2106868182515464E-022   2.5000000000000001E-005   2.4999999999999998E-005
  0.17382812500000000        1.0000000000000000        3.3822132320111829E-113  -1.3381944131970330E-022   2.5000000000000001E-005   2.4999999999999998E-005
  0.17773437500000000        1.0000000000000000        9.7024962814242353E-112   5.2944057087606054E-023   2.5000000000000001E-005   2.4999999999999998E-005
  0.18164062500000000        1.0000000000000000       -2.2328973222959775E-109   4.2645756026643082E-023   2.5000000000000001E-005   2.4999999999999998E-005
  0.18554687500000000        1.0000000000000000        4.4578909013888352E-090  -1.3087834671617695E-022   2.5000000000000001E-005   2.4999999999999998E-005
  0.18945312500000000        1.0000000000000000        6.1020943800944116E-089   7.7938795493885268E-023   2.5000000000000001E-005   2.4999999999999998E-005
  0.19335937500000000        1.0000000000000000       -3.9669895826412265E-087   1.3381944131968981E-022   2.5000000000000001E-005   2.4999999999999998E-005
  0.19726562500000000        1.0000000000000000        5.5647653107055513E-067   7.2056622249063735E-023   2.5000000000000001E-005   2.4999999999999998E-005
  0.20117187500000000        1.0000000000000000        1.5081238943765358E-067  -6.3233362381831436E-023   2.5000000000000001E-005   2.4999999999999998E-005
  0.20507812500000000        1.0000000000000000       -1.2530505296123053E-066  -9.8526401850760621E-023   2.5000000000000001E-005   2.4999999999999998E-005
  0.20898437500000000        1.0000000000000000        1.2975086016305365E-044   1.3087835469727905E-022   2.5000000000000001E-005   2.4999999999999998E-005
  0.21289062500000000        1.0000000000000000       -2.0854269140532076E-043   1.4852487443174649E-022   2.5000000000000001E-005   2.4999999999999998E-005
  0.21679687500000000        1.0000000000000000       -1.1781246009556125E-041  -7.2276273589549356E-023   2.5000000000000001E-005   2.4999999999999998E-005
  0.22070312500000000        1.0000000000000000        2.5951641514419966E-021   2.2248775652867932E-022   2.5000000000000001E-005   2.4999999999999998E-005
  0.22460937500000000        1.0000000000000000        4.1356475652104074E-021  -2.6400503649847990E-022   2.5000000000000001E-005   2.4999999999999998E-005
  0.22851562500000000        1.0000000000000000       -3.9581167495975275E-019  -5.8168246185333979E-023   2.5000000000000001E-005   2.4999999999999998E-005
  0.23242187500000000       0.99999999999999811        3.5025560888968264E-018  -6.6073369767739225E-022   2.4999999999999964E-005   2.5000000000000015E-005
  0.23632812500000000        1.0000000000003344       -1.2604618929966229E-015  -2.2283685506179130E-020   2.5000000000011772E-005   2.5000000000003413E-005
  0.24023437500000000       0.99999999999832734        6.2466280051978099E-015  -3.2370961459633885E-020   2.4999999999941508E-005   2.4999999999983325E-005
  0.24414062500000000        1.0000000000023717       -8.8909717086381191E-015   2.1435681805367147E-018   2.5000000000083095E-005   2.5000000000023799E-005
  0.24804687500000000       0.99999999993942235        2.2664001546562136E-013  -1.3139768118419384E-017   2.4999999997879847E-005   2.4999999999394288E-005
  0.25195312500000000       0.99999989275954326        4.0125959232970358E-010   1.3777154846206221E-014   2.4999996246954380E-005   2.4999998927965606E-005
  0.25585937500000000       0.99999999766491432        8.7474460444704135E-012   2.0971363700226944E-014   2.4999999918173129E-005   2.4999999976550270E-005
  0.25976562500000000       0.99999998034231585        7.3549257322267187E-011  -6.1557153940428544E-014   2.4999999311898065E-005   2.4999999803340161E-005
  0.26367187500000000        1.0000321905296525       -1.4784791097774451E-007  -2.7741872538606272E-012   2.5001309001906978E-005   2.5000504211505679E-005
  0.26757812500000000        1.0032464413678179       -1.9444234280132774E-004  -5.9374802287314201E-008   3.4777121864554359E-005   3.4645803552438609E-005
  0.27148437500000000        1.0480259697728120       -1.7693053928514838E-002  -3.6187007710045165E-005   5.8459955823305489E-003   5.4355957717868919E-003
  0.27539062500000000        1.3037338770934466      -0.26188669158200117       -1.4864068975480314E-003  0.22515114699122046       0.15252126529158394     
  0.27929687500000000        1.8923161694013821       -1.1853735994436954       -1.1094608616788404E-002   1.5579417089894849       0.62708431842751322     
  0.28320312500000000        3.3648133901545583       -4.5400058541581032       -5.7251191149776580E-002   7.8827208464564285        1.4322967155285999     
  0.28710937500000000        4.3120560061616082       -7.3595708203760539       -7.1359905277832064E-002   14.231374570454987        1.8437461391812520     
  0.29101562500000000        3.6614151180211629       -6.1389701930480705       -4.4270752300499192E-002   12.486681925876251        2.0046656245391294     
  0.29492187500000000        2.6591524210382724       -4.0021903205041731       -5.4232860032793290E-002   8.6791708028056433        2.1310717816407032     
  0.29882812500000000        2.3699924583590324       -3.7377883144018522       -4.0101883941163111E-002   8.9243048499036668        2.5217273786572938     
  0.30273437500000000        1.9403629532361815       -2.9886293507910313       -2.9202502142057659E-002   7.8505271003301047        2.8596198843406331     
  0.30664062500000000        1.4882147456547465       -2.0848018294616857       -2.5521583164870670E-002   6.2047572069600134        3.1878905279267893     
  0.31054687500000000        1.2985709177017031       -1.8863574494301201       -1.5446919234048328E-002   6.2744023445037076        3.7766210926470887     
  0.31445312500000000        1.0637630671774976       -1.4816292327026348       -1.6557873357005700E-002   5.6511472904644995        4.3423183409698574     
  0.31835937500000000       0.85728861656817634       -1.1215955279559238       -9.2852107401156792E-003   4.9966828200691253        4.9725816712250586     
  0.32226562500000000       0.74734858174332164      -0.98859816028454095       -6.6821832503024406E-003   4.9902992598815628        5.8023886850456572     
  0.32617187500000000       0.61973513648302203      -0.77362767561663359       -6.2136142386622151E-003   4.5893017863132144        6.6260616852437826     
  0.33007812500000000       0.52252953035841943      -0.63003090011144836       -2.3129833865168561E-003   4.3898362592204494        7.6742203125643700     
  0.33398437500000000       0.44636968970467161      -0.52888839684147193       -3.6575023345139287E-003   4.3081229071248721        8.9494806641209301     
  0.33789062500000000       0.37074783183043869      -0.41234773571716232       -3.5493086357530441E-003   4.0839317079993851        10.396843086252488     
  0.34179687500000000       0.31726531397152280      -0.34783873554405048       -4.6031143179353050E-003   4.0351297389509799        12.117357263301587     
  0.34570312500000000       0.27125688399749631      -0.28825972913211256       -4.0487935481862735E-003   3.9369853056485540        13.949105596181122     
  0.34960937500000000       0.23791437170885246      -0.24402677170215309       -3.1055006980104838E-003   3.8587429617234799        15.692934236478658     
  0.35351562500000000       0.21277917978909477      -0.21437847966922502       -2.8295010812341057E-003   3.8317415112157467        17.500433085882463     
  0.35742187500000000       0.18865809546248741      -0.18259498025357052       -2.2836568678544812E-003   3.7685078046706346        19.506878902021800     
  0.36132812500000000       0.16857176046647110      -0.15895068354905309       -1.9699768723164322E-003   3.7382229196603860        21.731232077867482     
  0.36523437500000000       0.14996684986915426      -0.13633241433218013       -1.7528201959724980E-003   3.6971193482321434        24.239625771050807     
  0.36914062500000000       0.13184786294674752      -0.11514172443717226       -1.2669508748536749E-003   3.6627402241980533        27.398684098324054     
  0.37304687500000000       0.11362856683390378       -9.4501643868854915E-002  -5.9293937147577897E-004   3.6381750451058972        31.672284840276166     
  0.37695312500000000        9.6342588774555732E-002  -7.4614071792724931E-002  -8.8543406631908764E-005   3.6100558922005446        37.171129210728090     
  0.38085937500000000        8.1735254199017837E-002  -5.8565547761758603E-002   2.0717427610498365E-004   3.5948520827396706        43.724950094969934     
  0.38476562500000000        6.9714640079885898E-002  -4.5328871559684084E-002   3.5912746026924318E-004   3.5775265104346370        51.105320648200681     
  0.38867187500000000        6.0124509092644197E-002  -3.5234608337452261E-002   4.0149226238869647E-004   3.5669002966011334        59.153493096405811     
  0.39257812500000000        5.2898852311921832E-002  -2.7593410046809264E-002   2.8138617640287940E-004   3.5561328704645980        67.089081306262031     
  0.39648437500000000        4.6893833905940444E-002  -2.1786739093292436E-002   2.4958749401399680E-005   3.5479578163983270        75.551442200189072     
  0.40039062500000000        4.1703789456162432E-002  -1.7541982149732797E-002  -3.5966944645039983E-004   3.5416560272530897        84.835578632143410     
  0.40429687500000000        3.6647479108826597E-002  -1.4437110848759885E-002  -6.5050699068022917E-004   3.5369777275754242        96.435780098528966     
  0.40820312500000000        3.1131118891990602E-002  -1.1881057264246098E-002  -6.2786160908314694E-004   3.5342524167290703        113.45492978911518     
  0.41210937500000000        2.4395627891992389E-002  -9.0124437501718953E-003  -4.0855135042080045E-004   3.5319818377908994        144.71091725920826     
  0.41601562500000000        1.7448895528728164E-002  -6.2431439620543976E-003  -3.1917573879879985E-004   3.5300608604200789        202.24437986033385     
  0.41992187500000000        1.2526780838518914E-002  -4.4688710037793502E-003  -3.8394103070630529E-004   3.5287529892107790        281.63260987459563     
  0.42382812500000000        1.1454216593978980E-002  -4.0985481712222946E-003  -3.3770893467414530E-004   3.5276302298940743        307.91210828210177     
  0.42773437500000000        1.2793544796299988E-002  -4.2335912864312261E-003  -1.9365489306323496E-004   3.5269383597369233        275.62622152284183     
  0.43164062500000000        1.3374085031085709E-002  -3.9022453209719248E-003  -4.7291403636322857E-005   3.5247855846619816        263.51082716192360     
  0.43554687500000000        1.3161153620111880E-002  -3.0916438332802775E-003   4.9612757057514888E-005   3.5246762445818742        267.78146724779236     
  0.43945312500000000        1.2564918383241974E-002  -2.3109295229966822E-003  -5.1004619766979967E-005   3.5223018371329138        280.31134895187938     
  0.44335937500000000        1.1622857284859052E-002  -1.7496399338436807E-003  -3.0657712042262710E-004   3.5237156004479688        303.15952267839106     
  0.44726562500000000        1.0733957566911268E-002  -1.8945481894407478E-003  -5.8682230600514784E-004   3.5206043451727318        327.97047018638420     
  0.45117187500000000        1.0348896045432987E-002  -2.2977210519114499E-003  -4.7322246941683448E-004   3.5234923643004241        340.44466702194887     
  0.45507812500000000        1.0226137551140196E-002  -2.4686070414838179E-003  -1.3139736512014007E-004   3.5189056910252439        344.07975311117883     
  0.45898437500000000        1.0474044369466841E-002  -1.7633679858535874E-003   2.0095278204477178E-004   3.5243575391121200        336.47052182592364     
  0.46289062500000000        1.0592468995183679E-002  -1.1928876738122340E-003  -3.1065022705953994E-004   3.5187115486099874        332.18316007827502     
  0.46679687500000000        9.3271505330588464E-003  -1.3699460167272898E-003  -3.5886801346725019E-004   3.5220413348369499        377.60019113878951     
  0.47070312500000000        9.3553745647915187E-003  -1.4424971181819842E-003  -2.7300764714836145E-004   3.5205837753660347        376.30439688450895     
  0.47460937500000000        1.1738770105155854E-002  -2.0803820817103620E-003  -4.1810973295895303E-004   3.5197888809817548        299.82673290406183     
  0.47851562500000000        9.9277355850388785E-003  -1.8582028454861670E-003  -2.7270713982418323E-004   3.5198727682884883        354.53151325656000     
  0.48242187500000000        7.6981730036057086E-003  -1.2776891274530158E-003  -3.4138798486928437E-005   3.5186085686365347        457.05681858814881     
  0.48632812500000000        9.9147014025068834E-003  -1.1642168158644750E-003  -5.3609254195049471E-005   3.5192937697273075        354.95020261746834     
  0.49023437500000000        1.1160556610054096E-002  -8.9032844860503346E-004  -1.0959757209594835E-004   3.5181839571766189        315.23050589612882     
  0.49414062500000000        1.1333144573904122E-002  -5.2624638336522690E-004  -9.9149118328270300E-005   3.5184888014074804        310.45894868984101     
  0.49804687500000000        1.1593351834662331E-002  -1.4493144310947519E-004  -1.4493144310947996E-004   3.5180841245025549        303.45687449587797     
  0.50195312500000000        1.1593351834662282E-002   1.4493144310950726E-004  -1.4493144310942833E-004   3.5180841245025531        303.45687449587905     
  0.50585937500000000        1.1333144573904039E-002   5.2624638336519318E-004  -9.9149118328201467E-005   3.5184888014074773        310.45894868984294     
  0.50976562500000000        1.1160556610053989E-002   8.9032844860499095E-004  -1.0959757209594095E-004   3.5181839571766185        315.23050589613183     
  0.51367187500000000        9.9147014025067620E-003   1.1642168158644223E-003  -5.3609254195032198E-005   3.5192937697273092        354.95020261747288     
  0.51757812500000000        7.6981730036057953E-003   1.2776891274530289E-003  -3.4138798486928572E-005   3.5186085686365365        457.05681858814387     
  0.52148437500000000        9.9277355850391717E-003   1.8582028454862233E-003  -2.7270713982414935E-004   3.5198727682884874        354.53151325654949     
  0.52539062500000000        1.1738770105155796E-002   2.0803820817102635E-003  -4.1810973295889551E-004   3.5197888809817548        299.82673290406336     
  0.52929687500000000        9.3553745647914598E-003   1.4424971181818368E-003  -2.7300764714832150E-004   3.5205837753660343        376.30439688451133     
  0.53320312500000000        9.3271505330591187E-003   1.3699460167271621E-003  -3.5886801346736658E-004   3.5220413348369481        377.60019113877831     
  0.53710937500000000        1.0592468995183593E-002   1.1928876738120989E-003  -3.1065022705957149E-004   3.5187115486099860        332.18316007827764     
  0.54101562500000000        1.0474044369466579E-002   1.7633679858533994E-003   2.0095278204491462E-004   3.5243575391121191        336.47052182593200     
  0.54492187500000000        1.0226137551139977E-002   2.4686070414836176E-003  -1.3139736512016192E-004   3.5189056910252434        344.07975311118611     
  0.54882812500000000        1.0348896045432935E-002   2.2977210519113276E-003  -4.7322246941694637E-004   3.5234923643004219        340.44466702195035     
  0.55273437500000000        1.0733957566911305E-002   1.8945481894406080E-003  -5.8682230600524694E-004   3.5206043451727291        327.97047018638284     
  0.55664062500000000        1.1622857284859078E-002   1.7496399338434686E-003  -3.0657712042274240E-004   3.5237156004479662        303.15952267839015     
  0.56054687500000000        1.2564918383241776E-002   2.3109295229964740E-003  -5.1004619767139548E-005   3.5223018371329138        280.31134895188382     
  0.56445312500000000        1.3161153620111558E-002   3.0916438332800264E-003   4.9612757057359224E-005   3.5246762445818725        267.78146724779879     
  0.56835937500000000        1.3374085031085401E-002   3.9022453209717547E-003  -4.7291403636448394E-005   3.5247855846619807        263.51082716192963     
  0.57226562500000000        1.2793544796299860E-002   4.2335912864311324E-003  -1.9365489306330153E-004   3.5269383597369242        275.62622152284473     
  0.57617187500000000        1.1454216593978946E-002   4.0985481712222816E-003  -3.3770893467423562E-004   3.5276302298940738        307.91210828210268     
  0.58007812500000000        1.2526780838518978E-002   4.4688710037794066E-003  -3.8394103070634193E-004   3.5287529892107785        281.63260987459410     
  0.58398437500000000        1.7448895528728268E-002   6.2431439620544149E-003  -3.1917573879887537E-004   3.5300608604200785        202.24437986033263     
  0.58789062500000000        2.4395627891992532E-002   9.0124437501718693E-003  -4.0855135042093229E-004   3.5319818377908989        144.71091725920743     
  0.59179687500000000        3.1131118891990682E-002   1.1881057264246021E-002  -6.2786160908333462E-004   3.5342524167290716        113.45492978911491     
  0.59570312500000000        3.6647479108826292E-002   1.4437110848759670E-002  -6.5050699068040460E-004   3.5369777275754277        96.435780098529861     
  0.59960937500000000        4.1703789456161836E-002   1.7541982149732509E-002  -3.5966944645057531E-004   3.5416560272530919        84.835578632144674     
  0.60351562500000000        4.6893833905940055E-002   2.1786739093292051E-002   2.4958749401265382E-005   3.5479578163983296        75.551442200189769     
  0.60742187500000000        5.2898852311921422E-002   2.7593410046808615E-002   2.8138617640286693E-004   3.5561328704646007        67.089081306262599     
  0.61132812500000000        6.0124509092643677E-002   3.5234608337451463E-002   4.0149226238880538E-004   3.5669002966011347        59.153493096406351     
  0.61523437500000000        6.9714640079885745E-002   4.5328871559683417E-002   3.5912746026951553E-004   3.5775265104346383        51.105320648200816     
  0.61914062500000000        8.1735254199017629E-002   5.8565547761757916E-002   2.0717427610516658E-004   3.5948520827396733        43.724950094970083     
  0.62304687500000000        9.6342588774555926E-002   7.4614071792724626E-002  -8.8543406631850027E-005   3.6100558922005503        37.171129210728083     
  0.62695312500000000       0.11362856683390306        9.4501643868853860E-002  -5.9293937147596870E-004   3.6381750451059003        31.672284840276397     
  0.63085937500000000       0.13184786294674661       0.11514172443717095       -1.2669508748540501E-003   3.6627402241980569        27.398684098324274     
  0.63476562500000000       0.14996684986915293       0.13633241433217913       -1.7528201959732179E-003   3.6971193482321487        24.239625771051063     
  0.63867187500000000       0.16857176046646954       0.15895068354905190       -1.9699768723176435E-003   3.7382229196603864        21.731232077867688     
  0.64257812500000000       0.18865809546248674       0.18259498025357002       -2.2836568678559002E-003   3.7685078046706333        19.506878902021867     
  0.64648437500000000       0.21277917978909594       0.21437847966922602       -2.8295010812350164E-003   3.8317415112157485        17.500433085882374     
  0.65039062500000000       0.23791437170885149       0.24402677170215190       -3.1055006980110090E-003   3.8587429617234790        15.692934236478722     
  0.65429687500000000       0.27125688399749504       0.28825972913211190       -4.0487935481866594E-003   3.9369853056485544        13.949105596181189     
  0.65820312500000000       0.31726531397152313       0.34783873554405154       -4.6031143179351003E-003   4.0351297389509870        12.117357263301592     
  0.66210937500000000       0.37074783183043902       0.41234773571716299       -3.5493086357534058E-003   4.0839317079993940        10.396843086252501     
  0.66601562500000000       0.44636968970467278       0.52888839684147182       -3.6575023345119147E-003   4.3081229071248792        8.9494806641209266     
  0.66992187500000000       0.52252953035842364       0.63003090011145280       -2.3129833865141074E-003   4.3898362592204663        7.6742203125643353     
  0.67382812500000000       0.61973513648302647       0.77362767561664003       -6.2136142386593181E-003   4.5893017863132251        6.6260616852437453     
  0.67773437500000000       0.74734858174332419       0.98859816028454428       -6.6821832503013157E-003   4.9902992598815850        5.8023886850456652     
  0.68164062500000000       0.85728861656817412        1.1215955279559160       -9.2852107401177487E-003   4.9966828200691156        4.9725816712250692     
  0.68554687500000000        1.0637630671774940        1.4816292327026299       -1.6557873357009777E-002   5.6511472904644862        4.3423183409698627     
  0.68945312500000000        1.2985709177017064        1.8863574494301241       -1.5446919234058104E-002   6.2744023445036969        3.7766210926470687     
  0.69335937500000000        1.4882147456547457        2.0848018294616812       -2.5521583164872332E-002   6.2047572069599983        3.1878905279267840     
  0.69726562500000000        1.9403629532362139        2.9886293507910695       -2.9202502142050394E-002   7.8505271003301536        2.8596198843405998     
  0.70117187500000000        2.3699924583590777        3.7377883144018775       -4.0101883941153341E-002   8.9243048499036775        2.5217273786572569     
  0.70507812500000000        2.6591524210383501        4.0021903205042229       -5.4232860032753349E-002   8.6791708028056416        2.1310717816406459     
  0.70898437500000000        3.6614151180213881        6.1389701930483005       -4.4270752300444624E-002   12.486681925876519        2.0046656245390611     
  0.71289062500000000        4.3120560061619235        7.3595708203762591       -7.1359905277860708E-002   14.231374570455053        1.8437461391811576     
  0.71679687500000000        3.3648133901547528        4.5400058541579886       -5.7251191149872607E-002   7.8827208464559302        1.4322967155284667     
  0.72070312500000000        1.8923161694014463        1.1853735994435386       -1.1094608616827054E-002   1.5579417089891652       0.62708431842738155     
  0.72460937500000000        1.3037338770934586       0.26188669158193467       -1.4864068975544819E-003  0.22515114699113592       0.15252126529152810     
  0.72851562500000000        1.0480259697728083        1.7693053928506706E-002  -3.6187007710242537E-005   5.8459955823266744E-003   5.4355957717833452E-003
  0.73242187500000000        1.0032464413678166        1.9444234280118112E-004  -5.9374802287683144E-008   3.4777121864543721E-005   3.4645803552428079E-005
  0.73632812500000000        1.0000321905296525        1.4784791097757942E-007  -2.7741872542330951E-012   2.5001309001906978E-005   2.5000504211505679E-005
  0.74023437500000000       0.99999998034231652       -7.3549257322444850E-011  -6.1557153872440169E-014   2.4999999311898065E-005   2.4999999803340147E-005
  0.74414062500000000       0.99999999766491432       -8.7474460437582045E-012   2.0971363741311975E-014   2.4999999918173129E-005   2.4999999976550270E-005
  0.74804687500000000       0.99999989275954326       -4.0125959233066110E-010   1.3777154802654404E-014   2.4999996246954380E-005   2.4999998927965606E-005
  0.75195312500000000       0.99999999993942235       -2.2664001494497210E-013  -1.3139741983657528E-017   2.4999999997879847E-005   2.4999999999394288E-005
  0.75585937500000000        1.0000000000023719        8.8909715006238146E-015   2.1432584113726959E-018   2.5000000000083095E-005   2.5000000000023796E-005
  0.75976562500000000       0.99999999999832734       -6.2466278787003657E-015  -3.2516058906980759E-020   2.4999999999941508E-005   2.4999999999983325E-005
  0.76367187500000000        1.0000000000003344        1.2604617639461758E-015  -2.2454000296679387E-020   2.5000000000011772E-005   2.5000000000003413E-005
  0.76757812500000000       0.99999999999999811       -3.5025888996140233E-018  -1.1243208182118264E-022   2.4999999999999964E-005   2.5000000000000015E-005
  0.77148437500000000        1.0000000000000000        3.9595191560772949E-019  -1.7645437244143703E-022   2.5000000000000001E-005   2.4999999999999998E-005
  0.77539062500000000        1.0000000000000000       -3.8379866276089313E-021   1.1530428213991654E-026   2.5000000000000001E-005   2.4999999999999998E-005
  0.77929687500000000        1.0000000000000000       -2.4359136422848578E-021   2.1911095336960197E-022   2.5000000000000001E-005   2.4999999999999998E-005
  0.78320312500000000        1.0000000000000000        4.6031519203449682E-042   7.7938795493885268E-023   2.5000000000000001E-005   2.4999999999999998E-005
  0.78710937500000000        1.0000000000000000       -3.5839825935335131E-044   9.5585315228349854E-023   2.5000000000000001E-005   2.4999999999999998E-005
  0.79101562500000000        1.0000000000000000       -5.0148582144261845E-045   8.9703141983528321E-023   2.5000000000000001E-005   2.4999999999999998E-005
  0.79492187500000000        1.0000000000000000       -2.4665683829025967E-066  -3.8969397746942635E-022   2.5000000000000001E-005   2.4999999999999998E-005
  0.79882812500000000        1.0000000000000000        3.7382564726145955E-066   1.5150361556966766E-022   2.5000000000000001E-005   2.4999999999999998E-005
  0.80273437500000000        1.0000000000000000        1.0028655553631137E-070   1.8381791411589951E-022   2.5000000000000001E-005   2.4999999999999998E-005
  0.80664062500000000        1.0000000000000000       -2.6175758032253147E-088  -1.3670606337881781E-023   2.5000000000000001E-005   2.4999999999999998E-005
  0.81054687500000000        1.0000000000000000        2.7972376215359305E-089  -9.5585535981781763E-023   2.5000000000000001E-005   2.4999999999999998E-005
  0.81445312500000000        1.0000000000000000        7.6317461053072119E-093  -2.4994364342496611E-022   2.5000000000000001E-005   2.4999999999999998E-005
  0.81835937500000000        1.0000000000000000       -3.3186020813237625E-111   9.5585315228349854E-023   2.5000000000000001E-005   2.4999999999999998E-005
  0.82226562500000000        1.0000000000000000       -1.1231016228200028E-112  -1.7219882866656688E-022   2.5000000000000001E-005   2.4999999999999998E-005
  0.82617187500000000        1.0000000000000000        1.4900203884421712E-115   2.2205203999201277E-022   2.5000000000000001E-005   2.4999999999999998E-005
  0.83007812500000000        1.0000000000000000       -3.6606692572228573E-137  -2.3234584317045041E-022   2.5000000000000001E-005   2.4999999999999998E-005
  0.83398437500000000        1.0000000000000000        4.1437250878957051E-138  -1.0293803178437676E-023   2.5000000000000001E-005   2.4999999999999998E-005
  0.83789062500000000        1.0000000000000000       -5.9395300405754747E-141  -2.3087529985924504E-022   2.5000000000000001E-005   2.4999999999999998E-005
  0.84179687500000000        1.0000000000000000       -1.6850326024878517E-156   2.7940322912902263E-023   2.5000000000000001E-005   2.4999999999999998E-005
  0.84570312500000000        1.0000000000000000        2.0995636981277957E-157  -1.4264270136911711E-022   2.5000000000000001E-005   2.4999999999999998E-005
  0.84960937500000000        1.0000000000000000        9.9227335074050484E-167  -1.3970161305798219E-022   2.5000000000000001E-005   2.4999999999999998E-005
  0.85351562500000000        1.0000000000000000       -1.9520018754304121E-185   2.4999236290491502E-023   2.5000000000000001E-005   2.4999999999999998E-005
  0.85742187500000000        1.0000000000000000       -1.1150217278316996E-186  -1.4705433112053825E-024   2.5000000000000001E-005   2.4999999999999998E-005
  0.86132812500000000        1.0000000000000000       -7.0034324951389873E-190   2.4999236290491499E-023   2.5000000000000001E-005   2.4999999999999998E-005
  0.86523437500000000        1.0000000000000000       -4.9069986052531380E-204   1.1323183496281445E-022   2.5000000000000001E-005   2.4999999999999998E-005
  0.86914062500000000        1.0000000000000000        1.7335143720542226E-210  -1.0293803178437679E-023   2.5000000000000001E-005   2.4999999999999998E-005
  0.87304687500000000        1.0000000000000000        9.3534472345834053E-217   7.3527165560269115E-024   2.5000000000000001E-005   2.4999999999999998E-005
  0.87695312500000000        1.0000000000000000        9.7216966302252186E-229  -2.0440552025754815E-022   2.5000000000000001E-005   2.4999999999999998E-005
  0.88085937500000000        1.0000000000000000        9.2924936711792795E-233  -1.8675870126778359E-022   2.5000000000000001E-005   2.4999999999999998E-005
  0.88476562500000000        1.0000000000000000        1.3845046792446298E-239   2.7940322912902451E-023   2.5000000000000001E-005   2.4999999999999998E-005
  0.88867187500000000        1.0000000000000000        2.6862324582952042E-251   1.8675900052308358E-022   2.5000000000000001E-005   2.4999999999999998E-005
  0.89257812500000000        1.0000000000000000        3.0931979541448125E-258  -7.7938795493885268E-023   2.5000000000000001E-005   2.4999999999999998E-005
  0.89648437500000000        1.0000000000000000       -9.3764138893789817E-260  -6.0292275759420681E-023   2.5000000000000001E-005   2.4999999999999998E-005
  0.90039062500000000        1.0000000000000000        2.5969656268061649E-278   1.8675900052308358E-022   2.5000000000000001E-005   2.4999999999999998E-005
  0.90429687500000000        1.0000000000000000        6.2619815298332973E-283  -7.7940588566094225E-023   2.5000000000000001E-005   2.4999999999999998E-005
  0.90820312500000000        1.0000000000000000        3.0295277883659281E-286   1.2941254054226934E-022   2.5000000000000001E-005   2.4999999999999998E-005
  0.91210937500000000        1.0000000000000000        8.8221222936394191E-297  -8.1242984764347261E-023   2.5000000000000001E-005   2.4999999999999998E-005
  0.91601562500000000        1.0000000000000000        5.3878372267268492E-301   2.2314170396798569E-022   2.5000000000000001E-005   2.4999999999999998E-005
  0.91992187500000000        1.0000000000000000       -4.5361155075976528E-319   6.9188136602184034E-023   2.5000000000000001E-005   2.4999999999999998E-005
  0.92382812500000000        1.0000000000000000        1.1363509854348671E-322  -6.3233362381831436E-023   2.5000000000000001E-005   2.4999999999999998E-005
  0.92773437500000000        1.0000000000000000        0.0000000000000000       -8.6762055361117567E-023   2.5000000000000001E-005   2.4999999999999998E-005
  0.93164062500000000        1.0000000000000000        0.0000000000000000        2.4999236290491502E-023   2.5000000000000001E-005   2.4999999999999998E-005
  0.93554687500000000        1.0000000000000000        0.0000000000000000       -3.9557615071679243E-022   2.5000000000000001E-005   2.4999999999999998E-005
  0.93945312500000000        1.0000000000000000        0.0000000000000000        2.7940201159823198E-023   2.5000000000000001E-005   2.4999999999999998E-005
  0.94335937500000000        1.0000000000000000        0.0000000000000000       -1.4264270118692209E-022   2.5000000000000001E-005   2.4999999999999998E-005
  0.94726562500000000        1.0000000000000000        0.0000000000000000       -1.9661417603672132E-022   2.5000000000000001E-005   2.4999999999999998E-005
  0.95117187500000000        1.0000000000000000        0.0000000000000000        1.9645389490299113E-022   2.5000000000000001E-005   2.4999999999999998E-005
  0.95507812500000000        1.0000000000000000        0.0000000000000000       -1.3060603196323066E-022   2.5000000000000001E-005   2.4999999999999998E-005
  0.95898437500000000        1.0000000000000000        0.0000000000000000        1.4852487443174363E-022   2.5000000000000001E-005   2.4999999999999998E-005
  0.96289062500000000        1.0000000000000000        0.0000000000000000       -1.4263732197042019E-022   2.5000000000000001E-005   2.4999999999999998E-005
  0.96679687500000000        1.0000000000000000        0.0000000000000000        6.3668879688244085E-023   2.5000000000000001E-005   2.4999999999999998E-005
  0.97070312500000000        1.0000000000000000        0.0000000000000000        2.0146443363513740E-022   2.5000000000000001E-005   2.4999999999999998E-005
  0.97460937500000000        1.0000000000000000        0.0000000000000000        3.5382910145616238E-022   2.5000000000000001E-005   2.4999999999999998E-005
  0.97851562500000000        1.0000000000000000        0.0000000000000000       -1.8392654413886445E-022   2.5000000000000001E-005   2.4999999999999998E-005
  0.98242187500000000        1.0000000000000000        0.0000000000000000       -8.6568375883530188E-024   2.5000000000000001E-005   2.4999999999999998E-005
  0.98632812500000000        1.0000000000000000        0.0000000000000000       -4.9263197563994888E-022   2.5000000000000001E-005   2.4999999999999998E-005
  0.99023437500000000        1.0000000000000000        0.0000000000000000        1.4852487443174363E-022   2.5000000000000001E-005   2.4999999999999998E-005
  0.99414062500000000        1.0000000000000000        0.0000000000000000       -2.4999236290491532E-023   2.5000000000000001E-005   2.4999999999999998E-005
  0.99804687500000000        1.0000000000000000        0.0000000000000000       -2.4999236290491499E-023   2.5000000000000001E-005   2.4999999999999998E-005
