 -0.70434464532253760        1.0000000000000000     
 -0.69882037359451776        1.0000000000000000     
 -0.69329610186649782        1.0000000000000000     
 -0.68777183013847787        1.0000000000000000     
 -0.68224755841045803        1.0000000000000000     
 -0.67672328668243809        1.0000000000000000     
 -0.67119901495441825        1.0000000000000000     
 -0.66567474322639830        1.0000000000000000     
 -0.66015047149837836        1.0000000000000000     
 -0.65462619977035852        1.0000000000000000     
 -0.64910192804233857        1.0000000000000000     
 -0.64357765631431874        1.0000000000000000     
 -0.63805338458629879        1.0000000000000000     
 -0.63252911285827884        1.0000000000000000     
 -0.62700484113025901        1.0000000000000000     
 -0.62148056940223906        1.0000000000000000     
 -0.61595629767421922        1.0000000000000000     
 -0.61043202594619927        1.0000000000000000     
 -0.60490775421817933        1.0000000000000000     
 -0.59938348249015949        1.0000000000000000     
 -0.59385921076213954        1.0000000000000000     
 -0.58833493903411971        1.0000000000000000     
 -0.58281066730609976        1.0000000000000000     
 -0.57728639557807981        1.0000000000000000     
 -0.57176212385005998        1.0000000000000000     
 -0.56623785212204003        1.0000000000000000     
 -0.56071358039402019        1.0000000000000000     
 -0.55518930866600025        1.0000000000000000     
 -0.54966503693798030        1.0000000000000000     
 -0.54414076520996046        1.0000000000000000     
 -0.53861649348194052        1.0000000000000000     
 -0.53309222175392068        1.0000000000000000     
 -0.52756795002590073        1.0000000000000000     
 -0.52204367829788079        1.0000000000000000     
 -0.51651940656986095        1.0000000000000000     
 -0.51099513484184100        1.0000000000000000     
 -0.50547086311382117        1.0000000000000000     
 -0.49994659138580122        1.0000000000000000     
 -0.49442231965778133        1.0000000000000000     
 -0.48889804792976138        1.0000000000000000     
 -0.48337377620174149        1.0000000000000000     
 -0.47784950447372160        1.0000000000000000     
 -0.47232523274570171        1.0000000000000000     
 -0.46680096101768181        1.0000000000000000     
 -0.46127668928966187        1.0000000000000000     
 -0.45575241756164198        1.0000000000000000     
 -0.45022814583362208        1.0000000000000000     
 -0.44470387410560219        1.0000000000000000     
 -0.43917960237758230        1.0000000000000000     
 -0.43365533064956235        1.0000000000000000     
 -0.42813105892154246        1.0000000000000000     
 -0.42260678719352257        1.0000000000000000     
 -0.41708251546550268        1.0000000000000000     
 -0.41155824373748279        1.0000000000000000     
 -0.40603397200946284        1.0000000000000000     
 -0.40050970028144295        1.0000000000000000     
 -0.39498542855342306        1.0000000000000000     
 -0.38946115682540317        1.0000000000000000     
 -0.38393688509738327        1.0000000000000000     
 -0.37841261336936333        1.0000000000000000     
 -0.37288834164134343        1.0000000000000000     
 -0.36736406991332354        1.0000000000000000     
 -0.36183979818530365        1.0000000000000000     
 -0.35631552645728376        1.0000000000000000     
 -0.35079125472926381        1.0000000000000000     
 -0.34526698300124392        1.0000000000000000     
 -0.33974271127322403        1.0000000000000000     
 -0.33421843954520414        1.0000000000000000     
 -0.32869416781718425        1.0000000000000000     
 -0.32316989608916430        1.0000000000000000     
 -0.31764562436114441        1.0000000000000000     
 -0.31212135263312452        1.0000000000000000     
 -0.30659708090510462        1.0000000000000000     
 -0.30107280917708473        1.0000000000000000     
 -0.29554853744906479        1.0000000000000000     
 -0.29002426572104489        1.0000000000000000     
 -0.28449999399302500        1.0000000000000000     
 -0.27897572226500511        1.0000000000000000     
 -0.27345145053698522        1.0000000000000000     
 -0.26792717880896527        1.0000000000000000     
 -0.26240290708094538        1.0000000000000000     
 -0.25687863535292549        1.0000000000000000     
 -0.25135436362490560        1.0000000000000000     
 -0.24583009189688568       0.99999999999969125     
 -0.24030582016886579        1.0000000009410928     
 -0.23478154844084587        1.0000011281473480     
 -0.22925727671282597        1.0000196787028222     
 -0.22373300498480606        1.0494881959924662     
 -0.21820873325678616        1.9722909271999041     
 -0.21268446152876627        4.5629139863802619     
 -0.20716018980074635        3.4796902600530122     
 -0.20163591807272646        2.7086535244380285     
 -0.19611164634470654        2.0559015232923596     
 -0.19058737461668665        1.6214365420859878     
 -0.18506310288866676        1.2939213487220218     
 -0.17953883116064684        1.0409983115306656     
 -0.17401455943262695       0.85626611885861781     
 -0.16849028770460703       0.71642409295576626     
 -0.16296601597658714       0.60056187608054590     
 -0.15744174424856724       0.49892658378682880     
 -0.15191747252054733       0.40785150284094179     
 -0.14639320079252743       0.32966445048740156     
 -0.14086892906450751       0.26765905168292231     
 -0.13534465733648762       0.22042397184808482     
 -0.12982038560846773       0.18296449819188887     
 -0.12429611388044781       0.15032344927763422     
 -0.11877184215242791       0.11865991670760548     
 -0.11324757042440801        8.5790690760226454E-002
 -0.10772329869638811        4.9801662678818095E-002
 -0.10219902696836820        1.8987921559864302E-002
  -9.6674755240348298E-002   1.3112805803941686E-002
  -9.1150483512328392E-002   1.3019688458727743E-002
  -8.5626211784308501E-002   1.2446368865446072E-002
  -8.0101940056288595E-002   1.2524960176206570E-002
  -7.4577668328268690E-002   1.1811920874636785E-002
  -6.9053396600248784E-002   1.1725424437112754E-002
  -6.3529124872228879E-002   1.1902783397520997E-002
  -5.8004853144208980E-002   1.2439343910045603E-002
  -5.2480581416189075E-002   1.3415074397945611E-002
  -4.6956309688169176E-002   1.4125891286289147E-002
  -4.1432037960149271E-002   1.3992637799388662E-002
  -3.5907766232129372E-002   1.3588874323510341E-002
  -3.0383494504109466E-002   1.2948828301327958E-002
  -2.4859222776089564E-002   1.2223375856913349E-002
  -1.9334951048069659E-002   1.1667097489298893E-002
  -1.3810679320049757E-002   1.1167390084250942E-002
  -8.2864075920298548E-003   1.0875198494033473E-002
  -2.7621358640099515E-003   1.0748648709220066E-002
   2.7621358640099515E-003   1.0748648709220038E-002
   8.2864075920298548E-003   1.0875198494033496E-002
   1.3810679320049757E-002   1.1167390084250996E-002
   1.9334951048069659E-002   1.1667097489298922E-002
   2.4859222776089564E-002   1.2223375856913356E-002
   3.0383494504109466E-002   1.2948828301327995E-002
   3.5907766232129372E-002   1.3588874323510360E-002
   4.1432037960149271E-002   1.3992637799388660E-002
   4.6956309688169176E-002   1.4125891286289109E-002
   5.2480581416189075E-002   1.3415074397945592E-002
   5.8004853144208980E-002   1.2439343910045569E-002
   6.3529124872228879E-002   1.1902783397520994E-002
   6.9053396600248784E-002   1.1725424437112693E-002
   7.4577668328268690E-002   1.1811920874636764E-002
   8.0101940056288595E-002   1.2524960176206487E-002
   8.5626211784308501E-002   1.2446368865446094E-002
   9.1150483512328392E-002   1.3019688458727641E-002
   9.6674755240348298E-002   1.3112805803941661E-002
  0.10219902696836820        1.8987921559864084E-002
  0.10772329869638811        4.9801662678817749E-002
  0.11324757042440801        8.5790690760226190E-002
  0.11877184215242791       0.11865991670760537     
  0.12429611388044781       0.15032344927763394     
  0.12982038560846773       0.18296449819188854     
  0.13534465733648762       0.22042397184808477     
  0.14086892906450751       0.26765905168292242     
  0.14639320079252743       0.32966445048740139     
  0.15191747252054733       0.40785150284094251     
  0.15744174424856724       0.49892658378683019     
  0.16296601597658714       0.60056187608054634     
  0.16849028770460703       0.71642409295576781     
  0.17401455943262695       0.85626611885861825     
  0.17953883116064684        1.0409983115306654     
  0.18506310288866676        1.2939213487220254     
  0.19058737461668665        1.6214365420859875     
  0.19611164634470654        2.0559015232923605     
  0.20163591807272646        2.7086535244380303     
  0.20716018980074635        3.4796902600530175     
  0.21268446152876627        4.5629139863802655     
  0.21820873325678616        1.9722909271998901     
  0.22373300498480606        1.0494881959924649     
  0.22925727671282597        1.0000196787028222     
  0.23478154844084587        1.0000011281473478     
  0.24030582016886579        1.0000000009410928     
  0.24583009189688568       0.99999999999969125     
  0.25135436362490560        1.0000000000000000     
  0.25687863535292549        1.0000000000000000     
  0.26240290708094538        1.0000000000000000     
  0.26792717880896527        1.0000000000000000     
  0.27345145053698522        1.0000000000000000     
  0.27897572226500511        1.0000000000000000     
  0.28449999399302500        1.0000000000000000     
  0.29002426572104489        1.0000000000000000     
  0.29554853744906479        1.0000000000000000     
  0.30107280917708473        1.0000000000000000     
  0.30659708090510462        1.0000000000000000     
  0.31212135263312452        1.0000000000000000     
  0.31764562436114441        1.0000000000000000     
  0.32316989608916430        1.0000000000000000     
  0.32869416781718425        1.0000000000000000     
  0.33421843954520414        1.0000000000000000     
  0.33974271127322403        1.0000000000000000     
  0.34526698300124392        1.0000000000000000     
  0.35079125472926381        1.0000000000000000     
  0.35631552645728376        1.0000000000000000     
  0.36183979818530365        1.0000000000000000     
  0.36736406991332354        1.0000000000000000     
  0.37288834164134343        1.0000000000000000     
  0.37841261336936333        1.0000000000000000     
  0.38393688509738327        1.0000000000000000     
  0.38946115682540317        1.0000000000000000     
  0.39498542855342306        1.0000000000000000     
  0.40050970028144295        1.0000000000000000     
  0.40603397200946284        1.0000000000000000     
  0.41155824373748279        1.0000000000000000     
  0.41708251546550268        1.0000000000000000     
  0.42260678719352257        1.0000000000000000     
  0.42813105892154246        1.0000000000000000     
  0.43365533064956235        1.0000000000000000     
  0.43917960237758230        1.0000000000000000     
  0.44470387410560219        1.0000000000000000     
  0.45022814583362208        1.0000000000000000     
  0.45575241756164198        1.0000000000000000     
  0.46127668928966187        1.0000000000000000     
  0.46680096101768181        1.0000000000000000     
  0.47232523274570171        1.0000000000000000     
  0.47784950447372160        1.0000000000000000     
  0.48337377620174149        1.0000000000000000     
  0.48889804792976138        1.0000000000000000     
  0.49442231965778133        1.0000000000000000     
  0.49994659138580122        1.0000000000000000     
  0.50547086311382117        1.0000000000000000     
  0.51099513484184100        1.0000000000000000     
  0.51651940656986095        1.0000000000000000     
  0.52204367829788079        1.0000000000000000     
  0.52756795002590073        1.0000000000000000     
  0.53309222175392068        1.0000000000000000     
  0.53861649348194052        1.0000000000000000     
  0.54414076520996046        1.0000000000000000     
  0.54966503693798030        1.0000000000000000     
  0.55518930866600025        1.0000000000000000     
  0.56071358039402019        1.0000000000000000     
  0.56623785212204003        1.0000000000000000     
  0.57176212385005998        1.0000000000000000     
  0.57728639557807981        1.0000000000000000     
  0.58281066730609976        1.0000000000000000     
  0.58833493903411971        1.0000000000000000     
  0.59385921076213954        1.0000000000000000     
  0.59938348249015949        1.0000000000000000     
  0.60490775421817933        1.0000000000000000     
  0.61043202594619927        1.0000000000000000     
  0.61595629767421922        1.0000000000000000     
  0.62148056940223906        1.0000000000000000     
  0.62700484113025901        1.0000000000000000     
  0.63252911285827884        1.0000000000000000     
  0.63805338458629879        1.0000000000000000     
  0.64357765631431874        1.0000000000000000     
  0.64910192804233857        1.0000000000000000     
  0.65462619977035852        1.0000000000000000     
  0.66015047149837836        1.0000000000000000     
  0.66567474322639830        1.0000000000000000     
  0.67119901495441825        1.0000000000000000     
  0.67672328668243809        1.0000000000000000     
  0.68224755841045803        1.0000000000000000     
  0.68777183013847787        1.0000000000000000     
  0.69329610186649782        1.0000000000000000     
  0.69882037359451776        1.0000000000000000     
  0.70434464532253760        1.0000000000000000     
