   3.5355339059327377E-003   7.9999961034427596     
   1.0606601717798213E-002   7.9999967946315689     
   1.7677669529663688E-002   7.9999357747696251     
   2.4748737341529166E-002   8.0000226807526893     
   3.1819805153394637E-002   8.0000120191061015     
   3.8890872965260115E-002   8.0000028921405715     
   4.5961940777125593E-002   7.9999741983548001     
   5.3033008588991057E-002   8.0000149581477995     
   6.0104076400856535E-002   8.0000102667852566     
   6.7175144212722027E-002   8.0000286603581738     
   7.4246212024587477E-002   7.9999783650153704     
   8.1317279836452955E-002   8.0000049201568437     
   8.8388347648318433E-002   7.9999680062846279     
   9.5459415460183911E-002   7.9999978503295104     
  0.10253048327204939        8.0000085154474476     
  0.10960155108391487        8.0000476025172844     
  0.11667261889578034        8.0000151839290954     
  0.12374368670764581        8.0000083280745962     
  0.13081475451951130        8.0000116899865290     
  0.13788582233137675        8.0000418687641108     
  0.14495689014324226        8.0000365504019548     
  0.15202795795510771        8.0000133879286732     
  0.15909902576697321        7.9999936063469672     
  0.16617009357883866        7.9999406065572209     
  0.17324116139070411        7.9999636091280895     
  0.18031222920256962        7.9999166291077213     
  0.18738329701443512        7.9998812343979822     
  0.19445436482630057        7.9997499258875955     
  0.20152543263816602        7.9998270528959079     
  0.20859650045003153        7.9998361330703460     
  0.21566756826189698        7.9997909581573925     
  0.22273863607376249        7.9999024727329759     
  0.22980970388562794        7.9999443067951033     
  0.23688077169749344        7.9999819286548792     
  0.24395183950935889        7.9999958020752171     
  0.25102290732122434        8.0001025040520943     
  0.25809397513308985        8.0001512361369862     
  0.26516504294495535        8.0001426226172718     
  0.27223611075682080        8.0001836258351844     
  0.27930717856868625        8.0001753394139250     
  0.28637824638055176        8.0000875141619812     
  0.29344931419241721        7.9999495609072415     
  0.30052038200428266        7.9998948298458457     
  0.30759144981614817        7.9998932160479033     
  0.31466251762801367        7.9999064128834538     
  0.32173358543987918        7.9999356625276441     
  0.32880465325174457        7.9999284842852560     
  0.33587572106361008        7.9999730857130826     
  0.34294678887547558        8.0000312282633956     
  0.35001785668734098        8.0000557526319565     
  0.35708892449920648        8.0000506672941469     
  0.36415999231107199        8.0000345359835077     
  0.37123106012293750        8.0000257865463826     
  0.37830212793480295        8.0000017295029604     
  0.38537319574666840        7.9999581657700993     
  0.39244426355853390        7.9999703898386283     
  0.39951533137039941        7.9999731912015655     
  0.40658639918226480        7.9999977727837344     
  0.41365746699413031        8.0000124925977332     
  0.42072853480599576        8.0000271621190588     
  0.42779960261786121        8.0000158384026019     
  0.43487067042972671        7.9999943903058686     
  0.44194173824159222        7.9999815875997529     
  0.44901280605345772        7.9999934677958215     
  0.45608387386532312        8.0000024833813441     
  0.46315494167718863        8.0000081525212856     
  0.47022600948905413        8.0000044672686244     
  0.47729707730091964        7.9999981380241412     
  0.48436814511278509        7.9999937295986143     
  0.49143921292465054        7.9999998136017600     
  0.49851028073651593        8.0000039251297288     
  0.50558134854838144        8.0000027581268078     
  0.51265241636024694        8.0000003410837550     
  0.51972348417211234        7.9999963127541198     
  0.52679455198397784        7.9999982740522499     
  0.53386561979584335        7.9999988807607618     
  0.54093668760770885        8.0000012122199564     
  0.54800775541957436        8.0000001166347587     
  0.55507882323143987        7.9999996223627150     
  0.56214989104330537        7.9999993686907676     
  0.56922095885517088        8.0000005659770075     
  0.57629202666703627        8.0000005403732217     
  0.58336309447890167        8.0000004753893634     
  0.59043416229076717        8.0000000363845043     
  0.59750523010263268        7.9999999705331311     
  0.60457629791449818        7.9999999528083299     
  0.61164736572636369        8.0000000842400620     
  0.61871843353822897        7.9999999953915868     
  0.62578950135009448        8.0000000276210343     
  0.63286056916195998        7.9999999189525663     
  0.63993163697382549        8.0000000014336550     
  0.64700270478569100        8.0000000056816010     
  0.65407377259755650        7.9999999551376710     
  0.66114484040942201        8.0000000402998239     
  0.66821590822128751        7.9999999662965973     
  0.67528697603315280        8.0000000155969122     
  0.68235804384501830        7.9999999707025484     
  0.68942911165688381        8.0000000224422152     
  0.69650017946874931        7.9999999973319547     
  0.70357124728061482        8.0000000052964797     
  0.71064231509248033        7.9999999872457934     
  0.71771338290434583        8.0000000067389774     
  0.72478445071621134        7.9999999969315470     
  0.73185551852807684        8.0000000038773411     
  0.73892658633994235        7.9999999950585252     
  0.74599765415180774        8.0000000028710705     
  0.75306872196367314        8.0000000000998224     
  0.76013978977553864        7.9999999990389563     
  0.76721085758740415        7.9999999993720499     
  0.77428192539926965        8.0000000010292212     
  0.78135299321113516        8.0000000001210374     
  0.78842406102300067        7.9999999999628972     
  0.79549512883486617        7.9999999998915694     
  0.80256619664673168        8.0000000003748148     
  0.80963726445859707        8.0000000000490328     
  0.81670833227046247        7.9999999998761160     
  0.82377940008232797        8.0000000000897540     
  0.83085046789419337        7.9999999999923412     
  0.83792153570605876        7.9999999999654774     
  0.84499260351792427        7.9999999999631539     
  0.85206367132978977        8.0000000000616200     
  0.85913473914165528        7.9999999999520837     
  0.86620580695352078        7.9999999999812754     
  0.87327687476538629        8.0000000000090168     
  0.88034794257725180        8.0000000000083134     
  0.88741901038911730        7.9999999999919842     
  0.89449007820098270        8.0000000000052758     
  0.90156114601284809        8.0000000000021014     
  0.90863221382471360        7.9999999999940989     
  0.91570328163657910        8.0000000000007674     
  0.92277434944844461        8.0000000000033822     
  0.92984541726031011        7.9999999999984981     
  0.93691648507217562        7.9999999999993410     
  0.94398755288404113        8.0000000000006075     
  0.95105862069590663        8.0000000000005826     
  0.95812968850777203        8.0000000000003233     
  0.96520075631963753        7.9999999999983036     
  0.97227182413150293        8.0000000000012559     
  0.97934289194336843        7.9999999999994404     
  0.98641395975523394        7.9999999999994920     
  0.99348502756709922        8.0000000000004992     
   1.0005560953789647        7.9999999999992406     
   1.0076271631908302        8.0000000000000782     
   1.0146982310026957        7.9999999999997327     
   1.0217692988145610        7.9999999999998659     
   1.0288403666264267        7.9999999999998392     
   1.0359114344382920        7.9999999999998135     
   1.0429825022501578        7.9999999999998597     
   1.0500535700620230        7.9999999999998508     
   1.0571246378738888        7.9999999999998535     
   1.0641957056857541        7.9999999999998694     
   1.0712667734976196        7.9999999999998312     
   1.0783378413094851        7.9999999999998899     
   1.0854089091213504        7.9999999999998117     
   1.0924799769332161        7.9999999999998321     
   1.0995510447450814        7.9999999999998348     
   1.1066221125569471        7.9999999999998384     
   1.1136931803688124        7.9999999999998597     
   1.1207642481806781        7.9999999999998526     
   1.1278353159925434        7.9999999999998366     
   1.1349063838044089        7.9999999999998526     
   1.1419774516162744        7.9999999999998490     
   1.1490485194281397        7.9999999999998517     
   1.1561195872400054        7.9999999999998401     
   1.1631906550518707        7.9999999999998579     
   1.1702617228637364        7.9999999999998517     
   1.1773327906756017        7.9999999999998739     
   1.1844038584874670        7.9999999999998312     
   1.1914749262993327        7.9999999999998579     
   1.1985459941111980        7.9999999999998526     
   1.2056170619230637        7.9999999999998632     
   1.2126881297349290        7.9999999999998845     
   1.2197591975467945        7.9999999999998472     
   1.2268302653586600        7.9999999999998277     
   1.2339013331705253        7.9999999999998348     
   1.2409724009823910        7.9999999999998579     
   1.2480434687942563        7.9999999999998916     
   1.2551145366061220        7.9999999999998836     
   1.2621856044179873        7.9999999999999076     
   1.2692566722298531        7.9999999999998481     
   1.2763277400417183        7.9999999999998437     
   1.2833988078535841        7.9999999999998703     
   1.2904698756654494        7.9999999999998703     
   1.2975409434773146        7.9999999999998606     
   1.3046120112891804        7.9999999999998739     
   1.3116830791010456        7.9999999999998561     
   1.3187541469129114        7.9999999999998872     
   1.3258252147247767        7.9999999999998774     
   1.3328962825366424        7.9999999999999094     
   1.3399673503485077        7.9999999999998828     
   1.3470384181603734        7.9999999999998828     
   1.3541094859722387        7.9999999999998943     
   1.3611805537841040        7.9999999999998943     
   1.3682516215959697        7.9999999999998952     
   1.3753226894078350        7.9999999999999130     
   1.3823937572197003        7.9999999999998828     
   1.3894648250315660        7.9999999999999130     
   1.3965358928434313        7.9999999999998899     
   1.4036069606552970        7.9999999999999378     
   1.4106780284671623        7.9999999999998650     
