   3.7500000000000001E-004  0.82370287594790792        4.9943404663963680E-004  0.11965116894129066        1.9789823697370861        2.3919935270128332     
   1.1250000000000001E-003  0.82382463699839981        1.3675889338429310E-003  0.11937469426590760        1.9788861075013959        2.3915721936931735     
   1.8750000000000004E-003  0.82391821736679627        1.9312784744743225E-003  0.11883215188774986        1.9787924581933265        2.3912819087657269     
   2.6250000000000002E-003  0.82398508299191253        2.1973231638290035E-003  0.11811477444623986        1.9787462371221836        2.3911569777982464     
   3.3750000000000000E-003  0.82417159809295537        2.3275987710043482E-003  0.11679310030319916        1.9785094966246171        2.3905590261747784     
   4.1250000000000002E-003  0.82490627061944088        2.5432841972640812E-003  0.11466311996005582        1.9777229673001002        2.3878468987138688     
   4.8750000000000000E-003  0.82611320165331226        2.9730268175618192E-003  0.11238549064757677        1.9763923827300431        2.3831388925435695     
   5.6249999999999998E-003  0.82720454390596643        3.5085538042943305E-003  0.11077209093485234        1.9752437075890532        2.3788789125421559     
   6.3749999999999996E-003  0.82817642507397049        3.8270303638149161E-003  0.10995263156493021        1.9754910091411131        2.3765265354235594     
   7.1249999999999994E-003  0.82946867524100176        3.7394244749771668E-003  0.10955643920034841        1.9776084728538170        2.3754542890557349     
   7.8750000000000001E-003  0.83068981909186634        3.6969498724533463E-003  0.10948685378056351        1.9796351763330944        2.3744261615074445     
   8.6250000000000007E-003  0.83038564844233820        4.8032113693278339E-003  0.11025576288593057        1.9772652468083187        2.3723093812376530     
   9.3749999999999997E-003  0.82767528241378463        7.6789631499208739E-003  0.11221186709275266        1.9681019115039049        2.3686339119499391     
   1.0125000000000000E-002  0.82465699659899683        1.0563646943633268E-002  0.11406385497318733        1.9587806946640565        2.3656193720096481     
   1.0874999999999999E-002  0.82704527373220849        8.7658300945861051E-003  0.11239249371898759        1.9672003611639828        2.3692983928613507     
   1.1625000000000000E-002  0.83969050754935437       -1.7564117542803281E-003  0.10415136891139740        2.0088362057153955        2.3846585391726292     
   1.2375000000000001E-002  0.85877641470474941       -1.7964361449064915E-002   9.1474409373908411E-002   2.0718531109015808        2.4066723130062160     
   1.3125000000000000E-002  0.87282541385098122       -2.9889934063289249E-002   8.1980004949561022E-002   2.1185918266190447        2.4222828780484389     
   1.3875000000000000E-002  0.87555814409040256       -3.1638502611192734E-002   8.0352073607196692E-002   2.1275641955799145        2.4250879580120626     
   1.4624999999999999E-002  0.87173652895295850       -2.7373961201414849E-002   8.3353410207455514E-002   2.1146731744755587        2.4207524653476740     
   1.5375000000000000E-002  0.86882121183488081       -2.3821984255115690E-002   8.5699889586401096E-002   2.1050493126741667        2.4176389945344430     
   1.6125000000000000E-002  0.86934231858259647       -2.3214401974455234E-002   8.5623883967336820E-002   2.1070434667893423        2.4185143247871674     
   1.6875000000000001E-002  0.87157836064205496       -2.3993607271588523E-002   8.4302144625018310E-002   2.1147669783894321        2.4213080702230139     
   1.7625000000000002E-002  0.87341416956594931       -2.4292116719513340E-002   8.3196232266767284E-002   2.1210457161035343        2.4235300786711043     
   1.8374999999999999E-002  0.87435596604142873       -2.3732750862411785E-002   8.2685551275830937E-002   2.1241887076931265        2.4245925248441331     
   1.9125000000000000E-002  0.87501751146559126       -2.2972622613696952E-002   8.2391124441694386E-002   2.1263450448828962        2.4252823596716593     
   1.9875000000000000E-002  0.87585043204238477       -2.2545402011945190E-002   8.2011802114477728E-002   2.1292448347914705        2.4263446414236447     
   2.0625000000000001E-002  0.87668766319306701       -2.2399317968350360E-002   8.1628952768747487E-002   2.1325185294167621        2.4278111874705579     
   2.1375000000000002E-002  0.87716828045113360       -2.2209058358630251E-002   8.1454032470371474E-002   2.1348722674002190        2.4291908856189091     
   2.2124999999999999E-002  0.87724382527576683       -2.1811985470681482E-002   8.1524401873234426E-002   2.1356933321525942        2.4299219569890478     
   2.2875000000000000E-002  0.87721549402247434       -2.1333908369654916E-002   8.1660810204031764E-002   2.1354830891832988        2.4297595544930930     
   2.3625000000000000E-002  0.87742056646300393       -2.1045369384279811E-002   8.1627180841159344E-002   2.1352973419215679        2.4289925590443824     
   2.4375000000000001E-002  0.87798963154119403       -2.1168773202270917E-002   8.1295730855323434E-002   2.1360308938003434        2.4282883450938146     
   2.5125000000000001E-002  0.87885388870496861       -2.1753263611967964E-002   8.0706395352838939E-002   2.1379831674988528        2.4281718348320593     
   2.5874999999999999E-002  0.87985328474080560       -2.2633040839796222E-002   8.0020626554311219E-002   2.1407396958634104        2.4285977957683946     
   2.6624999999999999E-002  0.88078763478738153       -2.3478761041818310E-002   7.9425117513089172E-002   2.1433606599687938        2.4290380108753546     
   2.7375000000000000E-002  0.88143530224246680       -2.3937118241429023E-002   7.9049326043220777E-002   2.1448345118900343        2.4289528746611482     
   2.8125000000000001E-002  0.88162023127233735       -2.3789095804275739E-002   7.8932762889700331E-002   2.1445662956099554        2.4281564567769989     
   2.8875000000000001E-002  0.88130449065546390       -2.3028433331840466E-002   7.9039733569877826E-002   2.1425992807813561        2.4268049250777115     
   2.9624999999999999E-002  0.88061441523590300       -2.1827743474951949E-002   7.9292662133164674E-002   2.1394932148185148        2.4251849666521870     
   3.0374999999999999E-002  0.87978010291984021       -2.0451342488552685E-002   7.9601754918044318E-002   2.1360607952963133        2.4235850902383560     
   3.1125000000000000E-002  0.87906089253633113       -1.9188966007287381E-002   7.9884085674149855E-002   2.1331842902038760        2.4222953879476039     
   3.1875000000000001E-002  0.87870475310744234       -1.8319953584884374E-002   8.0074414653023340E-002   2.1317224162061379        2.4216130982958761     
   3.2625000000000001E-002  0.87890484053964824       -1.8058564451954633E-002   8.0132504879533856E-002   2.1323458558961983        2.4217722675378299     
   3.3375000000000002E-002  0.87971014098978895       -1.8449561388385362E-002   8.0053205781243003E-002   2.1352094832703497        2.4228135121242795     
   3.4125000000000003E-002  0.88093389316934589       -1.9269394192828519E-002   7.9881065972040186E-002   2.1396395192369999        2.4244805111306342     
   3.4875000000000003E-002  0.88217112177695056       -2.0050841455268795E-002   7.9710261994491091E-002   2.1442010293957128        2.4262548640971460     
   3.5625000000000004E-002  0.88297493258759885       -2.0284107754768396E-002   7.9644295973406221E-002   2.1473034325703080        2.4275643732418435     
   3.6374999999999998E-002  0.88308621183869207       -1.9678499466065716E-002   7.9733129293033167E-002   2.1479894938271964        2.4280423473913766     
   3.7124999999999998E-002  0.88254123639703785       -1.8284524306154556E-002   7.9952097422995388E-002   2.1463135123322035        2.4276514935133418     
   3.7874999999999999E-002  0.88158794633265536       -1.6399515007029773E-002   8.0251337257000829E-002   2.1430894749832952        2.4266260590077056     
   3.8625000000000000E-002  0.88050728563938829       -1.4370051676119709E-002   8.0613622929209372E-002   2.1393358192257934        2.4253386187953856     
   3.9375000000000000E-002  0.87949490327929647       -1.2451332200980835E-002   8.1043119574758793E-002   2.1358605236816541        2.4241623488373580     
   4.0125000000000001E-002  0.87866312113363498       -1.0781643339477308E-002   8.1505518562473789E-002   2.1331463400040351        2.4233405055663289     
   4.0875000000000002E-002  0.87809278441371619       -9.4232397847787367E-003   8.1920166377075637E-002   2.1314237554807791        2.4229237838779527     
   4.1625000000000002E-002  0.87785011793729906       -8.3983269654044831E-003   8.2238499543963173E-002   2.1307625000290100        2.4228170183969988     
   4.2375000000000003E-002  0.87795276222111762       -7.6902536639954899E-003   8.2502455959958781E-002   2.1310960594262713        2.4228933883649155     
   4.3125000000000004E-002  0.87831648149938446       -7.2277533813126680E-003   8.2779826664925032E-002   2.1321988996708079        2.4231222765211613     
   4.3874999999999997E-002  0.87875733480475238       -6.8880963460302121E-003   8.3055096858072081E-002   2.1336941810566037        2.4235840263330313     
   4.4624999999999998E-002  0.87910836436179263       -6.5367296405724152E-003   8.3238895197563639E-002   2.1351470075188841        2.4242539708910060     
   4.5374999999999999E-002  0.87934742947548439       -6.0826651772248434E-003   8.3287395804461012E-002   2.1362148879282392        2.4248090069562624     
   4.6124999999999999E-002  0.87956109443233554       -5.5070627652505106E-003   8.3259731499060546E-002   2.1367608744028179        2.4248491001981796     
   4.6875000000000000E-002  0.87978879013344935       -4.8440427676033695E-003   8.3243421119871375E-002   2.1368552990686176        2.4243362101166719     
   4.7625000000000001E-002  0.87996748131690505       -4.1349254158021976E-003   8.3263751894498222E-002   2.1366779623312500        2.4236452215169781     
   4.8375000000000001E-002  0.88002966793257897       -3.3926563208011625E-003   8.3283998627726397E-002   2.1363957955682022        2.4231550706859770     
   4.9125000000000002E-002  0.87998740972073619       -2.5946051474338020E-003   8.3264693612836019E-002   2.1360880248802894        2.4229266352596817     
   4.9875000000000003E-002  0.87989627260303660       -1.6983472993346014E-003   8.3199516940998364E-002   2.1357476036324257        2.4227997345521040     
   5.0625000000000003E-002  0.87978257452704867       -6.6591364159248158E-004   8.3107637340010754E-002   2.1353400342124260        2.4226604513109677     
   5.1375000000000004E-002  0.87963873815123017        5.1581736157375142E-004   8.3013243786935295E-002   2.1348725113839477        2.4225346223378885     
   5.2124999999999998E-002  0.87947265056708357        1.8263795185577637E-003   8.2932207681857384E-002   2.1344278799089969        2.4224924172737174     
   5.2874999999999998E-002  0.87933617938773567        3.2176664903490410E-003   8.2864260344223950E-002   2.1341449948956974        2.4225487365037490     
   5.3624999999999999E-002  0.87930169205202846        4.6310667122454480E-003   8.2792219078331994E-002   2.1341608737491637        2.4226621796958021     
   5.4375000000000000E-002  0.87941541358344166        6.0164173457045722E-003   8.2694323078786686E-002   2.1345492480969477        2.4227920335725956     
   5.5125000000000000E-002  0.87966706363075109        7.3426841026078852E-003   8.2564244234632628E-002   2.1352857965164240        2.4229399517600556     
   5.5875000000000001E-002  0.87999220856536642        8.5957840525709549E-003   8.2420841620315710E-002   2.1362518501897432        2.4231465271968813     
   5.6625000000000002E-002  0.88030116409694570        9.7674762439434251E-003   8.2298054485649599E-002   2.1372701334535105        2.4234535528235379     
   5.7375000000000002E-002  0.88051588812437664        1.0844529913779138E-002   8.2226114506480347E-002   2.1381563989413030        2.4238634917342798     
   5.8125000000000003E-002  0.88059448022862585        1.1805618967927794E-002   8.2221055220448619E-002   2.1387691961570274        2.4243299509434282     
   5.8875000000000004E-002  0.88053441687932843        1.2626969575301891E-002   8.2284411387965606E-002   2.1390427176308053        2.4247859855669631     
   5.9624999999999997E-002  0.88036115504668888        1.3292354063680935E-002   8.2404758738962081E-002   2.1389928485853726        2.4251817636230335     
   6.0374999999999998E-002  0.88011365301025202        1.3801902317630590E-002   8.2559643005126526E-002   2.1386950889048446        2.4254987753656292     
   6.1124999999999999E-002  0.87983313816369424        1.4176304277369644E-002   8.2721982526049259E-002   2.1382442928761050        2.4257341861508244     
   6.1874999999999999E-002  0.87955568947516882        1.4455076251035722E-002   8.2869658676875985E-002   2.1377158036483168        2.4258761057938649     
   6.2625000000000000E-002  0.87930705375924023        1.4688712158945143E-002   8.2992773461677188E-002   2.1371479775461761        2.4258973868403442     
   6.3375000000000001E-002  0.87909864954098138        1.4926463861424332E-002   8.3095556057928247E-002   2.1365525747435758        2.4257785068867426     
   6.4125000000000001E-002  0.87892559206179799        1.5204373389640603E-002   8.3192570994460813E-002   2.1359388055263460        2.4255410473715231     
   6.4875000000000002E-002  0.87876883789868854        1.5539160048214788E-002   8.3300278640535616E-002   2.1353260249620503        2.4252572957031542     
   6.5625000000000003E-002  0.87860234881972588        1.5930582340277149E-002   8.3427475015694197E-002   2.1347305226467324        2.4250164856233498     
   6.6375000000000003E-002  0.87840207892198341        1.6369593608375185E-002   8.3569517731434145E-002   2.1341357826503380        2.4248666773139802     
   6.7125000000000004E-002  0.87814997636648107        1.6846119678016837E-002   8.3710138563037190E-002   2.1334725144160900        2.4247806511166847     
   6.7875000000000005E-002  0.87782991554951906        1.7351733819217216E-002   8.3830624575566628E-002   2.1326300550914321        2.4246789888159652     
   6.8625000000000005E-002  0.87742262254695402        1.7877622362978955E-002   8.3920457639339183E-002   2.1314983640349872        2.4244906886391808     
   6.9375000000000006E-002  0.87691031612051429        1.8412087362937334E-002   8.3982318073104037E-002   2.1300184339964514        2.4241972946960453     
   7.0125000000000007E-002  0.87629174241919527        1.8941127028369503E-002   8.4029429509329859E-002   2.1282143778274474        2.4238283780583112     
   7.0875000000000007E-002  0.87559555503012665        1.9451972090150149E-002   8.4078182628806217E-002   2.1261927086175127        2.4234246797266561     
   7.1625000000000008E-002  0.87487938982097901        1.9936919389614255E-002   8.4140479331934512E-002   2.1241116261164397        2.4230064539254892     
   7.2374999999999995E-002  0.87421327861335840        2.0395574369376751E-002   8.4219880969367333E-002   2.1221344469432397        2.4225664361316976     
   7.3124999999999996E-002  0.87365646145592168        2.0836056313783154E-002   8.4313804989657209E-002   2.1203839057845824        2.4220813425118588     
   7.3874999999999996E-002  0.87323758587685796        2.1276501192672412E-002   8.4420608404418382E-002   2.1189117450295143        2.4215309540499068     
   7.4624999999999997E-002  0.87294397454402728        2.1746077576824150E-002   8.4547245417803285E-002   2.1176945857061695        2.4209221434994030     
   7.5374999999999998E-002  0.87272464167905639        2.2281703492356683E-002   8.4712228512385745E-002   2.1166623411908412        2.4203127149593251     
   7.6124999999999998E-002  0.87251318984507309        2.2915950138205896E-002   8.4940295316078565E-002   2.1157573210293497        2.4198165548648167     
   7.6874999999999999E-002  0.87227054857758968        2.3655410706761845E-002   8.5249234299697330E-002   2.1150101146751492        2.4195744605259848     
   7.7625000000000000E-002  0.87203039299074203        2.4456741445716901E-002   8.5634683829539593E-002   2.1146036262428480        2.4197045913477293     
   7.8375000000000000E-002  0.87191588736098635        2.5216107065262491E-002   8.6062158475073550E-002   2.1148827276783484        2.4202686992141271     
   7.9125000000000001E-002  0.87210276743130677        2.5790637948943755E-002   8.6473672032496812E-002   2.1162647031105104        2.4212699065984005     
   7.9875000000000002E-002  0.87273123906358463        2.6060332222093970E-002   8.6808811915305123E-002   2.1190364339741157        2.4226587767767769     
   8.0625000000000002E-002  0.87380326508220485        2.6012001928241390E-002   8.7030820814306686E-002   2.1231032379460899        2.4243236606966603     
   8.1375000000000003E-002  0.87512685315405547        2.5795065292453026E-002   8.7144050628833847E-002   2.1278472738127361        2.4260805763326854     
   8.2125000000000004E-002  0.87636366670103949        2.5694770925767076E-002   8.7193658808700836E-002   2.1322584588705338        2.4276954854538939     
   8.2875000000000004E-002  0.87717859492164796        2.6017447816033858E-002   8.7247188193139202E-002   2.1353388091979770        2.4289398142612644     
   8.3625000000000005E-002  0.87740363291671808        2.6955015793688530E-002   8.7365644011165228E-002   2.1365489765712953        2.4296517853720481     
   8.4375000000000006E-002  0.87709885977354418        2.8517127538992736E-002   8.7577103965770287E-002   2.1360029447296700        2.4297912441106613     
   8.5125000000000006E-002  0.87647405729773187        3.0560253386994429E-002   8.7864636542897140E-002   2.1343150707932992        2.4294822608225810     
   8.5875000000000007E-002  0.87575177906138924        3.2868706925500354E-002   8.8171710549600019E-002   2.1322581649643055        2.4290019004327941     
   8.6625000000000008E-002  0.87508031756238291        3.5226193511528663E-002   8.8420779790019902E-002   2.1304611416610122        2.4286741853318556     
   8.7375000000000008E-002  0.87452927296911054        3.7451514921192780E-002   8.8537923547146222E-002   2.1292623975896250        2.4287107566748389     
   8.8124999999999995E-002  0.87412394661978621        3.9406540220625778E-002   8.8473652077425691E-002   2.1287030082475087        2.4291033097343200     
   8.8874999999999996E-002  0.87386599261356013        4.0992710865794979E-002   8.8208927163306652E-002   2.1285922377091451        2.4296389034424535     
   8.9624999999999996E-002  0.87372163629745059        4.2144337438790244E-002   8.7745487357893462E-002   2.1285947851318707        2.4300329207049129     
   9.0374999999999997E-002  0.87359759985809660        4.2820985710566500E-002   8.7093241622010542E-002   2.1283225365739034        2.4301024700571694     
   9.1124999999999998E-002  0.87335220995943585        4.3002480860028919E-002   8.6267723950275349E-002   2.1274291852628764        2.4298442372524263     
   9.1874999999999998E-002  0.87286225981794607        4.2689956089105627E-002   8.5295249299322057E-002   2.1257010391188529        2.4293519287315846     
   9.2624999999999999E-002  0.87209731166564752        4.1910835304457404E-002   8.4213679388931706E-002   2.1231243164859341        2.4286867932478180     
   9.3375000000000000E-002  0.87115975116747113        4.0723216969273397E-002   8.3066735304796316E-002   2.1199036055874845        2.4277883522271497     
   9.4125000000000000E-002  0.87032058135702495        3.9218856536634678E-002   8.1900547688784159E-002   2.1164166985313817        2.4263237170958805     
   9.4875000000000001E-002  0.87001512336464182        3.7523101207333966E-002   8.0764754780932924E-002   2.1131160762346730        2.4235879283212518     
   9.5625000000000002E-002  0.87064171576253302        3.5785709512161486E-002   7.9710701613546570E-002   2.1104137406374486        2.4189392063096484     
   9.6375000000000002E-002  0.87221241976303543        3.4162254703748313E-002   7.8782137452837242E-002   2.1085922899873260        2.4126752173143631     
   9.7125000000000003E-002  0.87423736422128928        3.2795913198668536E-002   7.8016557334465247E-002   2.1077691424146980        2.4062949013855897     
   9.7875000000000004E-002  0.87605270860689255        3.1804466341434467E-002   7.7462647335902413E-002   2.1079121265219625        2.4015793475052383     
   9.8625000000000004E-002  0.87727403796471015        3.1266775038365113E-002   7.7173356115362690E-002   2.1088845939788401        2.3994018576918208     
   9.9375000000000005E-002  0.87793390992390252        3.1208204093210328E-002   7.7165590645943846E-002   2.1104963737006313        2.3994408337630548     
  0.10012500000000001       0.87827162772991907        3.1593886022980133E-002   7.7398566317775710E-002   2.1125450959473744        2.4008135479967030     
  0.10087500000000001       0.87849045385103097        3.2336293461418392E-002   7.7795013710217700E-002   2.1148417704040581        2.4027603798573907     
  0.10162500000000001       0.87868973500360903        3.3315968753429764E-002   7.8264833281488880E-002   2.1172220596939351        2.4048362669331600     
  0.10237500000000001       0.87890938507232863        3.4407540756668339E-002   7.8732154683471250E-002   2.1195491089344345        2.4067887578317588     
  0.10312500000000001       0.87916535534270213        3.5497771743579223E-002   7.9172264631956007E-002   2.1217092197780918        2.4084521535697561     
  0.10387500000000000       0.87944911318155117        3.6493028671479355E-002   7.9600544164009801E-002   2.1236013091382171        2.4097377972568781     
  0.10462500000000000       0.87972218122544421        3.7329166778568477E-002   8.0027336481610867E-002   2.1251288142240203        2.4106438017078653     
  0.10537500000000000       0.87992528769424594        3.7986863623546994E-002   8.0445213071075203E-002   2.1262043963135970        2.4112355976188042     
  0.10612500000000000       0.87999963767381129        3.8497677434148198E-002   8.0849314876832348E-002   2.1267693396856853        2.4116069792929267     
  0.10687500000000000       0.87990755560844258        3.8929913242733934E-002   8.1252347982762679E-002   2.1268189300600309        2.4118513657189582     
  0.10762500000000000       0.87964309228839377        3.9362062682535837E-002   8.1671232666152116E-002   2.1264204881065543        2.4120559872544374     
  0.10837500000000000       0.87923443815779811        3.9859901956640215E-002   8.2108332758788621E-002   2.1257130312295720        2.4122981630541869     
  0.10912500000000000       0.87873783600760569        4.0464056994954589E-002   8.2551598870804474E-002   2.1248844491939751        2.4126367744474213     
  0.10987500000000000       0.87822377943794439        4.1187770009883252E-002   8.2980693631540592E-002   2.1241320357044069        2.4131046746203970     
  0.11062500000000000       0.87775992087563004        4.2023099747148712E-002   8.3371295044855076E-002   2.1236184389492569        2.4137045573142974     
  0.11137500000000000       0.87739360307691416        4.2950247569575759E-002   8.3698932949022392E-002   2.1234369261812551        2.4144163328779773     
  0.11212500000000000       0.87714453142017157        4.3944648237215007E-002   8.3944618215582079E-002   2.1235961356741591        2.4151988793507124     
  0.11287500000000000       0.87700765021075733        4.4979221500393990E-002   8.4098404485613149E-002   2.1240260637357808        2.4159885430545933     
  0.11362500000000000       0.87695773776997443        4.6022858295364406E-002   8.4156205595899647E-002   2.1246005545250912        2.4167127392106207     
  0.11437500000000000       0.87695826809763533        4.7039203445599052E-002   8.4114541019498529E-002   2.1251684561557500        2.4173019275815082     
  0.11512500000000001       0.87697504135594906        4.7987842191696300E-002   8.3967477659778827E-002   2.1255853372084776        2.4176886356100562     
  0.11587500000000001       0.87698566766540331        4.8826114567980923E-002   8.3705035018322743E-002   2.1257398610947189        2.4178114605603929     
  0.11662500000000001       0.87697745401297200        4.9510979875790617E-002   8.3317873109916077E-002   2.1255728742702744        2.4176418924016958     
  0.11737500000000001       0.87693351585501123        5.0006639604195172E-002   8.2828716491696514E-002   2.1250907896548137        2.4172337516827596     
  0.11812500000000001       0.87682122894123160        5.0302622541665468E-002   8.2339661012169607E-002   2.1243696647363879        2.4167533196792128     
  0.11887500000000001       0.87660357300038294        5.0430430558541586E-002   8.2012223786511962E-002   2.1235364995970967        2.4164280747213041     
  0.11962500000000000       0.87627102575359195        5.0455887500464390E-002   8.1941944366905106E-002   2.1227240656705169        2.4164215076750288     
  0.12037500000000000       0.87586307777366834        5.0444812265697622E-002   8.2053028712292239E-002   2.1220230646510760        2.4167326870333548     
  0.12112500000000000       0.87545547163811799        5.0431822856701863E-002   8.2153562457115539E-002   2.1214625864103258        2.4172049565661458     
  0.12187500000000000       0.87512986609878707        5.0421203175118529E-002   8.2096166567848947E-002   2.1210244173522330        2.4176082221316237     
  0.12262500000000000       0.87495830570986288        5.0413386014720660E-002   8.1873215413854311E-002   2.1206725286969283        2.4177032878555704     
  0.12337500000000000       0.87499866802031223        5.0427233246268355E-002   8.1583923929518160E-002   2.1203815604820595        2.4172894752390266     
  0.12412500000000000       0.87527852231910863        5.0502645800947404E-002   8.1349252101808767E-002   2.1201598550814262        2.4162852012302620     
  0.12487500000000000       0.87577797139820068        5.0692597868517146E-002   8.1254623008322785E-002   2.1200631674394232        2.4147977216469556     
  0.12562500000000001       0.87643732648797590        5.1056356753275703E-002   8.1332243610913013E-002   2.1201920491412376        2.4131002783105053     
  0.12637500000000002       0.87718595467977301        5.1653755924727394E-002   8.1565839739335511E-002   2.1206711174913631        2.4115274971204683     
  0.12712500000000002       0.87797002155672721        5.2536375991493266E-002   8.1911016182842022E-002   2.1216169166040766        2.4103603028373728     
  0.12787500000000002       0.87876457536465069        5.3735954110913343E-002   8.2323083076109874E-002   2.1231033346694526        2.4097515987108995     
  0.12862500000000002       0.87956201221647390        5.5251797078996412E-002   8.2771702381057841E-002   2.1251298101520772        2.4097218316504341     
  0.12937500000000002       0.88034045165147079        5.7037561032337133E-002   8.3231300542767409E-002   2.1275947409923814        2.4102180773238810     
  0.13012500000000002       0.88103804496773874        5.8990938001677776E-002   8.3664513515936664E-002   2.1302787675256161        2.4111687691501822     
  0.13087500000000002       0.88156119930393317        6.0955969713916869E-002   8.4024997189649106E-002   2.1328478115926561        2.4124655500123793     
  0.13162500000000002       0.88182090338176256        6.2747259717799833E-002   8.4278671346190645E-002   2.1348884731107196        2.4139013107475806     
  0.13237500000000002       0.88175907738948212        6.4194031398743620E-002   8.4412483937588073E-002   2.1359825273983062        2.4151782082175788     
  0.13312500000000002       0.88134400188709772        6.5188351032178696E-002   8.4417613653609197E-002   2.1358107138022131        2.4160339346038184     
  0.13387500000000002       0.88056948647108024        6.5719086904403867E-002   8.4283113351556013E-002   2.1342542237854181        2.4163547755743555     
  0.13462500000000002       0.87950048555274751        6.5880406580556189E-002   8.4028362132719345E-002   2.1314471209834678        2.4161050954552215     
  0.13537500000000002       0.87832249518385663        6.5848338851499849E-002   8.3724745631147984E-002   2.1277424283591695        2.4151534654856643     
  0.13612500000000002       0.87729512868554149        6.5823077764985111E-002   8.3440835014371523E-002   2.1235972578703861        2.4132811860778918     
  0.13687500000000002       0.87662181819030693        6.5955219871701859E-002   8.3159884542605922E-002   2.1194349748011847        2.4104001547004610     
  0.13762500000000003       0.87636995335616352        6.6299342311705076E-002   8.2787926868895634E-002   2.1155551991238184        2.4066742433132138     
  0.13837500000000003       0.87645790215848729        6.6823074860991566E-002   8.2249361222630074E-002   2.1121170692342108        2.4025231962848870     
  0.13912500000000003       0.87661941992896475        6.7451296524994958E-002   8.1542541161111787E-002   2.1091683631265674        2.3987385935264451     
  0.13987500000000003       0.87647894479031430        6.8110760998935399E-002   8.0706167702104162E-002   2.1066863000140268        2.3963201555212983     
  0.14062500000000003       0.87588859762144233        6.8758602475861158E-002   7.9775430159926997E-002   2.1046169891589646        2.3956074056086405     
  0.14137500000000003       0.87507930882580220        6.9370801820899691E-002   7.8769937759251674E-002   2.1029082913645745        2.3959124684843740     
  0.14212500000000003       0.87414799058725867        6.9881491866242401E-002   7.7673788290532661E-002   2.1015267494289702        2.3969426364050537     
  0.14287500000000003       0.87275991073701809        7.0166825218417717E-002   7.6441430363510976E-002   2.1004590526988220        2.3996185545333391     
  0.14362500000000003       0.87124894101472239        7.0182682110774094E-002   7.5116805504548897E-002   2.0997097644906000        2.4030385885649852     
  0.14437500000000000       0.87149408005389450        7.0113232712889134E-002   7.3949326958927336E-002   2.0992951571429757        2.4020098458309822     
  0.14512500000000000       0.87459185390877658        7.0227899361801044E-002   7.3242380152868103E-002   2.0992184128375895        2.3934958898453180     
  0.14587500000000000       0.87726838272892516        7.0531815756559355E-002   7.3009028010583149E-002   2.0994327605362688        2.3864525670134991     
  0.14662500000000001       0.87317747439903681        7.0713856026512506E-002   7.2895591598316045E-002   2.0998333199827535        2.3980545094639929     
  0.14737500000000001       0.85952065767925234        7.0542025250417861E-002   7.2531969750369463E-002   2.1002994593527804        2.4366422610612162     
  0.14812500000000001       0.84120437404632187        7.0200201621216957E-002   7.1877447009148665E-002   2.1007457863480843        2.4901746364598272     
  0.14887500000000001       0.82730823717704283        7.0142404505639147E-002   7.1178391065487512E-002   2.1011323992617084        2.5324260971990360     
  0.14962500000000001       0.82415583546451443        7.0695611983232667E-002   7.0695611980176848E-002   2.1014450201441286        2.5424570222968681     
  0.15037500000000001       0.83189732072742983        7.1862923181769400E-002   7.0546271412523343E-002   2.1016779803329544        2.5190402603837367     
  0.15112500000000001       0.84593606539290978        7.3408174027455836E-002   7.0714780537424290E-002   2.1018284124262867        2.4773594153289178     
  0.15187500000000001       0.86025716835086130        7.5025318177872946E-002   7.1098605457037944E-002   2.1018977682473285        2.4361181571762240     
  0.15262500000000001       0.87029790975894850        7.6465614161534981E-002   7.1550171590956377E-002   2.1019012489803579        2.4079121002899107     
  0.15337500000000001       0.87457281853335500        7.7608336321973850E-002   7.1943676375314541E-002   2.1018825149829587        2.3960040225965540     
  0.15412500000000001       0.87459306634865852        7.8458543812724213E-002   7.2231707382564847E-002   2.1019232880267000        2.3958814615764674     
  0.15487500000000001       0.87312116193765310        7.9066903638724373E-002   7.2439118803237390E-002   2.1021411612577472        2.4000748752841052     
  0.15562500000000001       0.87205961293014012        7.9445591013282899E-002   7.2622582608578651E-002   2.1026767943107725        2.4035445218703071     
  0.15637500000000001       0.87164800764038997        7.9575117024460018E-002   7.2859955008800339E-002   2.1036716049338637        2.4057809303427917     
  0.15712500000000001       0.87129006749435156        7.9494069123418235E-002   7.3263530118319653E-002   2.1052329557083178        2.4085277651009385     
  0.15787500000000002       0.87073392127813376        7.9355964792660744E-002   7.3952170271624276E-002   2.1073896336799516        2.4124856571350857     
  0.15862500000000002       0.87032822478135285        7.9371286236889022E-002   7.4966646408573437E-002   2.1100568442925307        2.4165698740092463     
  0.15937500000000002       0.87045107950328260        7.9690570115292028E-002   7.6204005007316528E-002   2.1130366082181125        2.4194962023083439     
  0.16012500000000002       0.87106327305284348        8.0343125736903928E-002   7.7448591079073328E-002   2.1160630475294213        2.4210809696009044     
  0.16087500000000002       0.87182951492071070        8.1265457695515103E-002   7.8480659106323111E-002   2.1188754448468989        2.4219822548503904     
  0.16162500000000002       0.87246635987917187        8.2364294952507466E-002   7.9172509314772932E-002   2.1212854989639998        2.4227930817940391     
  0.16237500000000002       0.87290703053297936        8.3558740270952281E-002   7.9512519384493635E-002   2.1232101694479972        2.4236137500399240     
  0.16312500000000002       0.87323969210511931        8.4791788545536262E-002   7.9569331903766860E-002   2.1246639982541140        2.4242166258986502     
  0.16387500000000002       0.87357743760780959        8.6026711929623523E-002   7.9440231950234294E-002   2.1257256468692596        2.4243733207762421     
  0.16462500000000002       0.87397352736419243        8.7241238155661580E-002   7.9213733287653840E-002   2.1264985811123855        2.4240488121413888     
  0.16537500000000002       0.87440478359262541        8.8423705735263119E-002   7.8952863196436934E-002   2.1270794859516986        2.4234132410364029     
  0.16612500000000002       0.87480469531065486        8.9571162057751869E-002   7.8693191159441803E-002   2.1275404503509066        2.4227298294642008     
  0.16687500000000002       0.87511421332245787        9.0687910023534185E-002   7.8447933248180141E-002   2.1279265677509809        2.4222111735451599     
  0.16762500000000002       0.87531609300008140        9.1782121750693862E-002   7.8216137621907961E-002   2.1282678064641907        2.4219379361260218     
  0.16837500000000002       0.87543662640998976        9.2858684610494693E-002   7.7993362651312931E-002   2.1286005158334449        2.4218788498435533     
  0.16912500000000003       0.87552799896838129        9.3908940996308213E-002   7.7782762081765294E-002   2.1289899648538584        2.4219653659245579     
  0.16987500000000003       0.87565603241002066        9.4900841586843657E-002   7.7599967999231093E-002   2.1295431589532683        2.4221408046657800     
  0.17062500000000003       0.87589965659812585        9.5774444544240389E-002   7.7465471855873824E-002   2.1304023890808672        2.4223558320443690     
  0.17137500000000003       0.87634430409347730        9.6447554196486235E-002   7.7387073577051574E-002   2.1317138040378176        2.4225518968345363     
  0.17212500000000003       0.87705340055185388        9.6835017758184858E-002   7.7345350532805904E-002   2.1335711687173751        2.4226745594196704     
  0.17287500000000003       0.87802866758977172        9.6881160622198828E-002   7.7295777827051340E-002   2.1359455030802534        2.4226979993514268     
  0.17362500000000003       0.87918785245067688        9.6595872900977570E-002   7.7189209506738687E-002   2.1386285824567359        2.4226149805809314     
  0.17437500000000003       0.88037738659290521        9.6074814760777519E-002   7.6997526689793608E-002   2.1412330894553735        2.4223972037804251     
  0.17512500000000003       0.88141394135460049        9.5484762224782860E-002   7.6726783662970408E-002   2.1432819119157949        2.4219839225934590     
  0.17587500000000000       0.88213716548218357        9.5013600747178323E-002   7.6410333310019590E-002   2.1443708158651775        2.4213293604220727     
  0.17662500000000000       0.88245690315605274        9.4809527088658460E-002   7.6090000136841557E-002   2.1443299523752386        2.4204654396418213     
  0.17737500000000000       0.88238064164164676        9.4942461758636867E-002   7.5800521258598513E-002   2.1432956689690186        2.4195136993541095     
  0.17812500000000001       0.88200999272659453        9.5403427868015991E-002   7.5565781747894051E-002   2.1416566753589699        2.4186346661382263     
  0.17887500000000001       0.88150545432435579        9.6131550074008462E-002   7.5403003297382781E-002   2.1399137150385545        2.4179623650351738     
  0.17962500000000001       0.88103434329714747        9.7046291153921688E-002   7.5325610988622532E-002   2.1385280363131551        2.4175710733779394     
  0.18037500000000001       0.88072491133372111        9.8069145546970549E-002   7.5340445278877344E-002   2.1378165539359268        2.4174791172973822     
  0.18112500000000001       0.88064310829480386        9.9131891532934446E-002   7.5442940122476071E-002   2.1379122410276068        2.4176663368678333     
  0.18187500000000001       0.88079420823763321       0.10017641686726894        7.5616528450636128E-002   2.1387787839110270        2.4180860498356762     
  0.18262500000000001       0.88114052100071871       0.10115259227478067        7.5838492540597394E-002   2.1402565980046138        2.4186686095100978     
  0.18337500000000001       0.88162293383432844       0.10201890468320998        7.6088666425886894E-002   2.1421176733274825        2.4193240642828195     
  0.18412500000000001       0.88217694610517461       0.10274757135565363        7.6355233731057195E-002   2.1441149583664512        2.4199533252760430     
  0.18487500000000001       0.88274077105170656       0.10333230434298772        7.6634596399884722E-002   2.1460234560146825        2.4204716396104446     
  0.18562500000000001       0.88325989018074069       0.10379424241232818        7.6926825155272188E-002   2.1476763466975255        2.4208365620234149     
  0.18637500000000001       0.88369411109315332       0.10418173803898939        7.7230516090822418E-002   2.1489944503517728        2.4210622977873442     
  0.18712500000000001       0.88402753180165961       0.10456252817358912        7.7539785721459170E-002   2.1499974735941794        2.4212063540442847     
  0.18787500000000001       0.88427382058810144       0.10500977387385951        7.7843955830745146E-002   2.1507849392927243        2.4213353824879071     
  0.18862500000000001       0.88446896118280760       0.10558487802522058        7.8129351645305156E-002   2.1514888780778936        2.4214935997408751     
  0.18937500000000002       0.88465308502503037       0.10632072135715608        7.8381814472924916E-002   2.1522178334897828        2.4216910418428959     
  0.19012500000000002       0.88485183921653210       0.10720970622685201        7.8587952667010130E-002   2.1530168255450217        2.4219106693971559     
  0.19087500000000002       0.88506814968325220       0.10820075906454049        7.8735067164803038E-002   2.1538581065588840        2.4221210023585531     
  0.19162500000000002       0.88528854369796095       0.10920736853007489        7.8812198297023628E-002   2.1546632803131027        2.4222829913413650     
  0.19237500000000002       0.88549847057539788       0.11012539322379562        7.8812985567241520E-002   2.1553474886161448        2.4223556846480170     
  0.19312500000000002       0.88569543694998687       0.11085591697040308        7.8738287716916322E-002   2.1558706076372953        2.4223148242022718     
  0.19387500000000002       0.88589299880668404       0.11132676852659565        7.8598628576312696E-002   2.1562758580000754        2.4221820518719057     
  0.19462500000000002       0.88611660988485119       0.11150863501358511        7.8417103003412605E-002   2.1566951828328014        2.4220393601980841     
  0.19537500000000002       0.88639494342020630       0.11142605247408698        7.8227191327793433E-002   2.1573097927331588        2.4220065683382006     
  0.19612500000000002       0.88674960927216895       0.11116334927050583        7.8060156104198114E-002   2.1582765408341729        2.4221865719364191     
  0.19687500000000002       0.88718715272951743       0.11085950029257392        7.7930045870000519E-002   2.1596566307846810        2.4226091063205999     
  0.19762500000000002       0.88769742976289312       0.11068344457951461        7.7830719243655117E-002   2.1613904439050984        2.4232109370733350     
  0.19837500000000002       0.88825890526761109       0.11079092467468352        7.7746169760294442E-002   2.1633359033963493        2.4238699898025584     
  0.19912500000000002       0.88884706054094320       0.11127868179644305        7.7662625388996723E-002   2.1653431526621083        2.4244717059977736     
  0.19987500000000002       0.88944100921558689       0.11215746154632578        7.7575048290911150E-002   2.1673144096363712        2.4249612562643104     
  0.20062500000000003       0.89002591395520181       0.11335617503615814        7.7489099369786943E-002   2.1692170622216693        2.4253508793079015     
  0.20137500000000003       0.89059258458104806       0.11475292551081821        7.7419835083059718E-002   2.1710596409442577        2.4256900814041318     
  0.20212500000000003       0.89113752893495823       0.11621591251785861        7.7387462646745134E-002   2.1728634609086326        2.4260286966933431     
  0.20287500000000003       0.89166422806601897       0.11763569048556376        7.7412654327051175E-002   2.1746505146819022        2.4263958332089599     
  0.20362500000000003       0.89218189016229998       0.11893909050071222        7.7512767656883905E-002   2.1764405642165534        2.4267981600425532     
  0.20437500000000003       0.89269744089450032       0.12008704383679694        7.7696887414969718E-002   2.1782384017335383        2.4272277912861222     
  0.20512500000000003       0.89320223481499883       0.12106616659836725        7.7959148225343694E-002   2.1800063118467605        2.4276690227166471     
  0.20587500000000003       0.89366215946109029       0.12188411831098049        7.8274391254218451E-002   2.1816398567490660        2.4280989768485326     
  0.20662500000000003       0.89402143067410167       0.12257121302500973        7.8600687531733354E-002   2.1829740447044079        2.4284837488976962     
  0.20737500000000003       0.89422415966181790       0.12317819709650490        7.8889148743074081E-002   2.1838355065597743        2.4287778798700770     
  0.20812500000000000       0.89424728175103585       0.12375316993065925        7.9097281241589018E-002   2.1841317971776530        2.4289374236984278     
  0.20887500000000001       0.89412605114530308       0.12429690795584605        7.9200351371921468E-002   2.1839300312330359        2.4289447090735554     
  0.20962500000000001       0.89393972922562281       0.12473766316080909        7.9195547658840987E-002   2.1834247946749725        2.4288147560521156     
  0.21037500000000001       0.89373031197960784       0.12498932407950365        7.9096113382900929E-002   2.1827018935796496        2.4285423240901762     
  0.21112500000000001       0.89339670851231778       0.12508337094248739        7.8919338211448364E-002   2.1814222247705484        2.4280144527722980     
  0.21187500000000001       0.89273101379938113       0.12519857764268821        7.8683926794173784E-002   2.1789506771116467        2.4270514195973436     
  0.21262500000000001       0.89175417537336943       0.12537568680309380        7.8433320815368898E-002   2.1754318638962333        2.4257459060262270     
  0.21337500000000001       0.89110630972681371       0.12511209196379880        7.8263130214232646E-002   2.1730211250003340        2.4248525384747097     
  0.21412500000000001       0.89165193630891060       0.12369008395204323        7.8267355192980975E-002   2.1745687642756888        2.4253348758767936     
  0.21487500000000001       0.89279689587398270       0.12181381722929263        7.8350655170035866E-002   2.1781448402047490        2.4265280222188368     
  0.21562500000000001       0.89133603035454090       0.12277979057496087        7.8111394341289594E-002   2.1732840354386944        2.4249048785727396     
  0.21637500000000001       0.88480012982892287       0.12903580021092342        7.7251094201384291E-002   2.1519886984944048        2.4177294126381454     
  0.21712500000000001       0.87988230073753448       0.13367492695733296        7.6556631821648152E-002   2.1359987883000557        2.4122704627295137     
  0.21787500000000001       0.89519904923797078       0.11781741479041574        7.8206580601891687E-002   2.1855936228963042        2.4289843490090988     
  0.21862500000000001       0.93877917689586043        7.1283308790661304E-002   8.3263083309875668E-002   2.3306892807255064        2.4758650115019898     
  0.21937500000000001       0.98122077887198622        2.3918436326043183E-002   8.8393847856565427E-002   2.4768402992413399        2.5198888225897407     
  0.22012500000000002       0.98954102145598477        1.5681805227847907E-002   8.9530025486582079E-002   2.5060459231199554        2.5283150837940851     
  0.22087500000000002       0.97450519356691945        3.5183355498301629E-002   8.7894180013460332E-002   2.4534173939445960        2.5128840102514842     
  0.22162500000000002       0.96546535543633338        4.8108088693305177E-002   8.7027375610922761E-002   2.4220172225585053        2.5033485494388685     
  0.22237500000000002       0.96964981859546018        4.6293572990203820E-002   8.7796194773886727E-002   2.4363677381410973        2.5073876002560014     
  0.22312500000000002       0.97571721271886447        4.2342178796780296E-002   8.8891267340978838E-002   2.4572090077904605        2.5132703233857479     
  0.22387500000000002       0.97556140102835398        4.5123198251442419E-002   8.9387260677484315E-002   2.4565147870465989        2.5127850586915810     
  0.22462500000000002       0.97160634913050159        5.1508469908275609E-002   8.9575789986289844E-002   2.4428198130444483        2.5085522902846082     
  0.22537500000000002       0.96891878001700726        5.5657783245083518E-002   8.9934438495954561E-002   2.4336978932798754        2.5058090871911110     
  0.22612500000000002       0.96836770437119424        5.6743766344123009E-002   9.0499508870908837E-002   2.4320327738633885        2.5053927319498719     
  0.22687500000000002       0.96792775130160202        5.7294424836188761E-002   9.1074062277632789E-002   2.4306867485734727        2.5050489288772244     
  0.22762500000000002       0.96644219591718672        5.8987685235106557E-002   9.1322952475386771E-002   2.4256326299156306        2.5035307053059066     
  0.22837500000000002       0.96455922200994249        6.1363404539476911E-002   9.1233662240703256E-002   2.4190513252370311        2.5014376018483162     
  0.22912500000000002       0.96325082644365745        6.3267521915092301E-002   9.1235025936135125E-002   2.4143330818987012        2.4998002323923263     
  0.22987500000000002       0.96270614597099335        6.4498382488274858E-002   9.1344137035650350E-002   2.4122355989956352        2.4989364856732741     
  0.23062500000000002       0.96254227484403942        6.5587329847819620E-002   9.1302338809515271E-002   2.4114699235102388        2.4984929764098989     
  0.23137500000000003       0.96245417803005817        6.6741676665204266E-002   9.1266281974807295E-002   2.4111651834481158        2.4983255210108180     
  0.23212500000000003       0.96258067505307521        6.7818414862264975E-002   9.1380182464719573E-002   2.4117681661041992        2.4985351236233826     
  0.23287500000000003       0.96316719167153475        6.8673274148421337E-002   9.1517846357250715E-002   2.4140528375724672        2.4993134858105552     
  0.23362500000000003       0.96424539097875861        6.9224957589547775E-002   9.1690664583463338E-002   2.4180598875759887        2.5006243810829805     
  0.23437500000000003       0.96557017019976088        6.9548024033277117E-002   9.1956659942206587E-002   2.4228249313654890        2.5020879182077804     
  0.23512500000000003       0.96670318420960388        6.9793802521740680E-002   9.2211981752836014E-002   2.4267617456711594        2.5031926492172616     
  0.23587500000000003       0.96720848274367377        6.9971103475905308E-002   9.2318546845229763E-002   2.4283889620826353        2.5035472726746049     
  0.23662500000000003       0.96685913568160298        7.0006068997840773E-002   9.2203005483906531E-002   2.4270207856561656        2.5030429782170303     
  0.23737500000000003       0.96579193761911486        6.9977508043396058E-002   9.1948537915408024E-002   2.4232455221546392        2.5019191860735472     
  0.23812500000000003       0.96450621541891191        7.0196132090584132E-002   9.1870879581606765E-002   2.4188469085265147        2.5006755019679581     
  0.23887500000000003       0.96354361732392024        7.0976747265244916E-002   9.2282306421500107E-002   2.4156528694621557        2.4997514977510789     
  0.23962500000000000       0.96293359192029893        7.2189948424087963E-002   9.3012557665967860E-002   2.4136229287654771        2.4990557773483122     
  0.24037500000000001       0.96191448724284689        7.3034624515274538E-002   9.3203467395845105E-002   2.4099478111820987        2.4977893596013026     
  0.24112500000000001       0.95951071569651070        7.2548727506362098E-002   9.1907965404467273E-002   2.4011935525516854        2.4950727937765413     
  0.24187500000000001       0.95576889944854648        7.0678138590132000E-002   8.9289723803251314E-002   2.3877391468036286        2.4911409579898751     
  0.24262500000000001       0.95227190623527513        6.8693087079235798E-002   8.7046146527532758E-002   2.3754728884958358        2.4877525563496623     
  0.24337500000000001       0.95065674317279647        6.7926781598939556E-002   8.6820033512065686E-002   2.3702690076612223        2.4865733890922916     
  0.24412500000000001       0.95009903218720138        6.7740452130540141E-002   8.7630432672850575E-002   2.3689271458830077        2.4865524220153490     
  0.24487500000000001       0.94678778097058069        6.5178487289951959E-002   8.5378003555186779E-002   2.3574367433397345        2.4834960345641401     
  0.24562500000000001       0.93698839173951676        5.7566574309725255E-002   7.6110379646953691E-002   2.3223655926482021        2.4733561848578507     
  0.24637500000000001       0.92094560309349693        4.5633157471748842E-002   6.0161694795006757E-002   2.2651612584606893        2.4562423886600566     
  0.24712500000000001       0.90309476387113063        3.3209208524497782E-002   4.2236307202995933E-002   2.2022522397794360        2.4367918735039948     
  0.24787500000000001       0.88830279539976020        2.3820647792908392E-002   2.7391844671242546E-002   2.1508046860676791        2.4204167558789234     
  0.24862500000000001       0.87858233843892763        1.8416296755109075E-002   1.7803233518525988E-002   2.1173962657333365        2.4095896069212652     
  0.24937500000000001       0.87318755027799100        1.6000030203996353E-002   1.2904907776878969E-002   2.0990627197235714        2.4036311189056807     
  0.25012499999999999       0.87052837396963345        1.5257222390188981E-002   1.1152966111247959E-002   2.0901222800390826        2.4007455657414338     
  0.25087500000000001       0.86942094153484173        1.5370885861789611E-002   1.1199002489441202E-002   2.0863781659223317        2.3994938064176492     
  0.25162499999999999       0.86917744327064206        1.5953155749085256E-002   1.2087360617493681E-002   2.0853964257074837        2.3990106850920188     
  0.25237500000000002       0.86929618231542427        1.6768050019765193E-002   1.3110659129631459E-002   2.0854916190474162        2.3987578378192134     
  0.25312499999999999       0.86932250134592559        1.7644998036378735E-002   1.3773694170924528E-002   2.0852567651754561        2.3983833061468234     
  0.25387500000000002       0.86891486752051228        1.8533638915419370E-002   1.3858117312079728E-002   2.0837086516247840        2.3977038046983505     
  0.25462499999999999       0.86795407138120217        1.9507887001563941E-002   1.3421939834850462E-002   2.0805479862356693        2.3966993765412328     
  0.25537500000000002       0.86660063279730193        2.0642656716666204E-002   1.2679377336815439E-002   2.0763051711190896        2.3955285499930441     
  0.25612499999999999       0.86527750931506153        2.1850522647832975E-002   1.1842408844929590E-002   2.0723185063367211        2.3945630776974602     
  0.25687499999999996       0.86453499733674233        2.2853569858825976E-002   1.1032379979969403E-002   2.0703391699909282        2.3943122283674851     
  0.25762499999999999       0.86473492829197884        2.3420042177298338E-002   1.0319477395110813E-002   2.0715038063688533        2.3950982152104650     
  0.25837499999999997       0.86564305820189658        2.3770014806974316E-002   9.8462370795865690E-003   2.0749666586654749        2.3965816929622297     
  0.25912499999999999       0.86632520743680586        2.4704858879035081E-002   9.8654006379485237E-003   2.0775448410622790        2.3976405155177183     
  0.25987499999999997       0.86584373646791146        2.6908973556801094E-002   1.0512898475687085E-002   2.0760693357951885        2.3971847144200833     
  0.26062500000000000       0.86468906518240118        2.9497503678802276E-002   1.1381930781294236E-002   2.0721919678984015        2.3957905917177635     
  0.26137499999999997       0.86574011021309927        2.9116550501010349E-002   1.1337128959720834E-002   2.0755372051902525        2.3967624066173010     
  0.26212500000000000       0.87268022736942785        2.1693161348314796E-002   9.1232431213111118E-003   2.0984882722650409        2.4042838289944370     
  0.26287499999999997       0.88543218089657261        7.2722870594134547E-003   4.7957604741599557E-003   2.1411958431649731        2.4182010063968411     
  0.26362500000000000       0.89774034702248073       -7.0804133822405264E-003   5.5925981990344624E-004   2.1828907699594646        2.4315078203236551     
  0.26437499999999997       0.90269005306977368       -1.3070485914116244E-002  -1.0349456759955375E-003   2.1997472101337201        2.4367743750141599     
  0.26512500000000000       0.90008179742441896       -1.0004128799209011E-002   1.1498821671972407E-004   2.1908234930438568        2.4339653302400346     
  0.26587499999999997       0.89541119056720042       -4.0335670729496178E-003   2.0192728014320656E-003   2.1750434000867198        2.4290873970644222     
  0.26662500000000000       0.89349055354609164       -6.9077380462269247E-004   3.0323618318832809E-003   2.1687703912030871        2.4272948045158222     
  0.26737499999999997       0.89518676332673430       -1.1179654764079964E-003   2.9004336465497087E-003   2.1746898936099588        2.4293081464775002     
  0.26812500000000000       0.89849596852375568       -3.3210048447794007E-003   2.2495280692525366E-003   2.1858369289052049        2.4327632531848757     
  0.26887499999999998       0.90102702206738616       -4.9148808023628567E-003   1.7294825698637786E-003   2.1941727134947091        2.4351740793451575     
  0.26962500000000000       0.90170059274091041       -4.9325352373841653E-003   1.5148736296403194E-003   2.1962819783800476        2.4356945447657514     
  0.27037499999999998       0.90086483191026123       -3.8390644801438532E-003   1.3604598893405982E-003   2.1935156449432562        2.4348896303123029     
  0.27112500000000000       0.89939853901156352       -2.4666606452225957E-003   9.6299825185224973E-004   2.1887442861065822        2.4335600883602075     
  0.27187499999999998       0.89792831399421957       -1.2093961506610554E-003   2.2970942267512562E-004   2.1838020213396843        2.4320440100515817     
  0.27262500000000001       0.89665481816200987       -2.4706882860559524E-005  -7.6390631805216161E-004   2.1791942385954370        2.4303598984908117     
  0.27337499999999998       0.89557670763712660        1.1437490059350249E-003  -1.8941959000682369E-003   2.1750124052569353        2.4286134880429602     
  0.27412500000000001       0.89474045497148702        2.0732360343482066E-003  -2.9112106542145137E-003   2.1716677279706467        2.4271402704836871     
  0.27487499999999998       0.89431462138757345        2.2665216004463312E-003  -3.4670081561702609E-003   2.1699288767894775        2.4263488849286139     
  0.27562500000000001       0.89450731513269177        1.1957669495778964E-003  -3.3454400865904335E-003   2.1704774286276804        2.4264422847356926     
  0.27637499999999998       0.89535660154456231       -1.3080469634107021E-003  -2.4919835161503353E-003   2.1733238294574457        2.4273227028745263     
  0.27712500000000001       0.89656992961384252       -4.8044584846517581E-003  -1.0122174090113662E-003   2.1774590464004238        2.4286400092591820     
  0.27787499999999998       0.89757121509362792       -8.3931026653226923E-003   7.0872350342083776E-004   2.1812121505261670        2.4300830869933701     
  0.27862500000000001       0.89783037652792619       -1.1159548320718601E-002   2.2476151336303560E-003   2.1832549945022408        2.4316205874348680     
  0.27937499999999998       0.89729208318530018       -1.2611731760578861E-002   3.4651948124218186E-003   2.1834068815187635        2.4332228049617464     
  0.28012500000000001       0.89647593943672377       -1.2824702698149761E-002   4.3719372422610318E-003   2.1825519196793817        2.4344764092943807     
  0.28087499999999999       0.89600413563545467       -1.2218813881046925E-002   4.9623032968130025E-003   2.1818602930523538        2.4349923744758528     
  0.28162500000000001       0.89607888287903315       -1.1235734467210271E-002   5.2605643015462260E-003   2.1820612319526473        2.4350259681244353     
  0.28237499999999999       0.89650443786629452       -1.0171513189938064E-002   5.3355024132927956E-003   2.1832684206532287        2.4352303789447305     
  0.28312500000000002       0.89703721974689310       -9.1652687952263126E-003   5.2750605717772538E-003   2.1852316049534970        2.4359850681294248     
  0.28387499999999999       0.89758474163744340       -8.2557147432557720E-003   5.1677930801487248E-003   2.1876437337635917        2.4371970565628813     
  0.28462500000000002       0.89816257252287912       -7.4330793130255000E-003   5.0750854913632843E-003   2.1902545741921196        2.4385445855245051     
  0.28537499999999999       0.89876516698934505       -6.6473179953425790E-003   5.0119709415551500E-003   2.1927685395036960        2.4397140247785636     
  0.28612500000000002       0.89926775534367998       -5.8001216840374310E-003   4.9371093922312547E-003   2.1947058785722113        2.4405118585859227     
  0.28687499999999999       0.89942321620071664       -4.7748872969100914E-003   4.7728382953293978E-003   2.1954499494037458        2.4409249968836826     
  0.28762500000000002       0.89900698037304450       -3.5214610037415323E-003   4.4755896031894535E-003   2.1945632731740501        2.4410769700717587     
  0.28837499999999999       0.89805635065232692       -2.1556605694078375E-003   4.1112172770158108E-003   2.1922362131645672        2.4410764580714455     
  0.28912499999999997       0.89699737040922334       -1.0032317315070596E-003   3.8807410083077300E-003   2.1895644871090014        2.4409832219783683     
  0.28987499999999999       0.89648544503607352       -5.2490107327081187E-004   4.0720956337274286E-003   2.1883248191921414        2.4409938045562827     
  0.29062499999999997       0.89701431799312314       -1.0942525997044549E-003   4.9183647000199627E-003   2.1901032769792197        2.4415319597747778     
  0.29137500000000000       0.89854399706089128       -2.7003787364139335E-003   6.3919199041351984E-003   2.1951049532233551        2.4429278563867167     
  0.29212499999999997       0.90044102988694719       -4.8035601396062694E-003   8.0980274277455775E-003   2.2015692012199026        2.4449352051136199     
  0.29287500000000000       0.90187044637782776       -6.5731116453527725E-003   9.4498040198203667E-003   2.2066350502664278        2.4466502901143348     
  0.29362499999999997       0.90235639268172441       -7.3952356300884710E-003   1.0027108245996480E-002   2.2082273062645541        2.4470833355324562     
  0.29437500000000000       0.90193842235607036       -7.2020399742340436E-003   9.7683818729299328E-003   2.2063077379146732        2.4460939138922870     
  0.29512499999999997       0.90088790652947881       -6.3442338615274600E-003   8.9218766101510413E-003   2.2025000063808822        2.4447364351997911     
  0.29587500000000000       0.89967255174189842       -5.2329537496183199E-003   8.0851855196233009E-003   2.1987655771906454        2.4439047564160719     
  0.29662499999999997       0.89915165740739733       -4.1146914792903229E-003   8.3701955209798812E-003   2.1963781247593417        2.4426688565974097     
  0.29737500000000000       0.89986399952125096       -3.0880931229319672E-003   1.0523131473026342E-002   2.1956245030512029        2.4398772214481861     
  0.29812499999999997       0.90088128051054195       -2.1574887011305147E-003   1.2205822665519336E-002   2.1960764161696877        2.4376032595641850     
  0.29887500000000000       0.89975990666915306       -1.2675227884575721E-003   7.3961618742667294E-003   2.1969295416850216        2.4416494153804735     
  0.29962499999999997       0.89535386063644273       -3.9469966736525018E-004  -3.2331187911158830E-003   2.1975539439382525        2.4543905110204229     
