   3.7500000000000001E-004  0.82289737980408606        1.1698495748152972E-004  0.11353149264517728        1.9908196718434581        2.4097633490793195     
   1.1250000000000001E-003  0.82487736678371237        4.3715423547352624E-004  0.11224928789623395        1.9908102241501711        2.4042030346177570     
   1.8750000000000004E-003  0.82788853167187781        7.3534761196312754E-004  0.11243423133108285        1.9908538442421611        2.3955142320286065     
   2.6250000000000002E-003  0.83016927658285833        9.8899792889448317E-004  0.11246606796319193        1.9911681707531470        2.3893313602787845     
   3.3750000000000000E-003  0.83145012121097983        1.2721874704605769E-003  0.11300236813598288        1.9914984621062672        2.3859740512471741     
   4.1250000000000002E-003  0.83201370457992463        1.4749073210164854E-003  0.11199086601669556        1.9917157088670483        2.3847891961394048     
   4.8750000000000000E-003  0.83247524471766277        1.7182466853131911E-003  0.11180424998691559        1.9923567108957849        2.3842716106895034     
   5.6249999999999998E-003  0.83294866152693825        1.9972774963758046E-003  0.11152725511203061        1.9927449525701770        2.3834315438107088     
   6.3749999999999996E-003  0.83351621315585267        2.2629318696240782E-003  0.11108327248055025        1.9932924899526894        2.3825419531600294     
   7.1249999999999994E-003  0.83410236656639714        2.5275398775818749E-003  0.11060985939579543        1.9939151886791726        2.3816949600401531     
   7.8750000000000001E-003  0.83470099828778888        2.7647954014284096E-003  0.11019909556580448        1.9946646541742676        2.3809552325751553     
   8.6250000000000007E-003  0.83526325343580576        2.9959450187615529E-003  0.10978643615631574        1.9954551118061390        2.3803688277485455     
   9.3749999999999997E-003  0.83581128268723437        3.2070336394460358E-003  0.10951502095620984        1.9964071057627364        2.3799943897051739     
   1.0125000000000000E-002  0.83633018241714507        3.3848700504597882E-003  0.10929046394982203        1.9974559748651664        2.3798114717063825     
   1.0874999999999999E-002  0.83691575888190195        3.6549255563168704E-003  0.10924498848434402        1.9989137078493573        2.3798998606304322     
   1.1625000000000000E-002  0.83723744522532106        3.8825720376118819E-003  0.10907193587828747        1.9996431399760652        2.3798856844705689     
   1.2375000000000001E-002  0.83801402228248645        3.6655067976205545E-003  0.10856356373585843        2.0019690319850678        2.3805435616090120     
   1.3125000000000000E-002  0.84181622636755993        1.0972437856342798E-003  0.10654209213708710        2.0142865987796013        2.3847767735801160     
   1.3875000000000000E-002  0.84844192387723250       -3.8426601820300654E-003  0.10208302667248317        2.0358733180351742        2.3922950230890212     
   1.4624999999999999E-002  0.85642003181655268       -1.0263052691822068E-002   9.6799140261477595E-002   2.0621206904386584        2.4013785643108907     
   1.5375000000000000E-002  0.86401845366470087       -1.6305602049712816E-002   9.1732722086245111E-002   2.0873501804524182        2.4100488688416850     
   1.6125000000000000E-002  0.86942486030655430       -2.0533991484422202E-002   8.7943015461993235E-002   2.1054607317078080        2.4162760806232666     
   1.6875000000000001E-002  0.87235873273177478       -2.2570101341891836E-002   8.5904813523643042E-002   2.1154212436562370        2.4197609180877420     
   1.7625000000000002E-002  0.87338355305730397       -2.2901113913601182E-002   8.5184150697148048E-002   2.1190389309957354        2.4211407724986804     
   1.8374999999999999E-002  0.87363817447565406       -2.2384742441800519E-002   8.5176028842680426E-002   2.1200804237657143        2.4216449765305930     
   1.9125000000000000E-002  0.87354793530181152       -2.1812277208776720E-002   8.5112609808994502E-002   2.1199466195790273        2.4217650933778860     
   1.9875000000000000E-002  0.87363812227373239       -2.1282762809518897E-002   8.5097623332787198E-002   2.1203943522690598        2.4220447252824742     
   2.0625000000000001E-002  0.87365192705310080       -2.0796589657208969E-002   8.5014920451518247E-002   2.1205647931137928        2.4222242413899902     
   2.1375000000000002E-002  0.87376432160948680       -2.0315925632530953E-002   8.4932408153049449E-002   2.1210393156354046        2.4224785137210922     
   2.2124999999999999E-002  0.87391006573446672       -1.9852453341533204E-002   8.4808668368991938E-002   2.1216028829823466        2.4227461633961767     
   2.2875000000000000E-002  0.87407359798920514       -1.9408689675213288E-002   8.4708158816994283E-002   2.1222032255741818        2.4230032015471652     
   2.3625000000000000E-002  0.87428097534369709       -1.8983350422546032E-002   8.4595756305307301E-002   2.1229369765496000        2.4232920353874787     
   2.4375000000000001E-002  0.87450082267783591       -1.8570366832742238E-002   8.4469960242642042E-002   2.1236861903873585        2.4235648397221752     
   2.5125000000000001E-002  0.87474411645991856       -1.8168065735657369E-002   8.4322025214318627E-002   2.1244914352040074        2.4238386535997516     
   2.5874999999999999E-002  0.87499993751708305       -1.7781383762406459E-002   8.4163225848243733E-002   2.1253180839410026        2.4241027168904039     
   2.6624999999999999E-002  0.87526966908081261       -1.7406008657063685E-002   8.4008251603917103E-002   2.1261791473713858        2.4243665703868404     
   2.7375000000000000E-002  0.87555208376202887       -1.7046417642817047E-002   8.3820435425582790E-002   2.1270646653470382        2.4246261471092971     
   2.8125000000000001E-002  0.87584431626620374       -1.6707658822391842E-002   8.3653913726477874E-002   2.1279831114599199        2.4248930142031080     
   2.8875000000000001E-002  0.87613976414360528       -1.6381343215246279E-002   8.3464581953088174E-002   2.1288997523179045        2.4251507712331342     
   2.9624999999999999E-002  0.87647234853661193       -1.6064827067504148E-002   8.3278784388121904E-002   2.1299418059920234        2.4254480824140177     
   3.0374999999999999E-002  0.87680196428547985       -1.5759045288322199E-002   8.3089290500431623E-002   2.1309765509218290        2.4257450122184778     
   3.1125000000000000E-002  0.87715659600288121       -1.5485446378942778E-002   8.2903705004857650E-002   2.1321047412299352        2.4260779357232374     
   3.1875000000000001E-002  0.87750469214906279       -1.5234803283225868E-002   8.2724548665928141E-002   2.1332217919991860        2.4264146244008238     
   3.2625000000000001E-002  0.87788657904071354       -1.4970631894305482E-002   8.2638343678267015E-002   2.1344710078580644        2.4267985206278193     
   3.3375000000000002E-002  0.87817260221151217       -1.4676318847077241E-002   8.2460400288037333E-002   2.1354018616573471        2.4270942899091072     
   3.4125000000000003E-002  0.87843339574368784       -1.4351886868830203E-002   8.2391155352085951E-002   2.1362665217628183        2.4273728919671611     
   3.4875000000000003E-002  0.87868350903834413       -1.3961263385038673E-002   8.2340386733006671E-002   2.1371105177366676        2.4276563424473752     
   3.5625000000000004E-002  0.87885484588908358       -1.3557989873932565E-002   8.2197009212934713E-002   2.1376975642053893        2.4278743630180899     
   3.6374999999999998E-002  0.87902492424173684       -1.3164899356589727E-002   8.2128460611938403E-002   2.1383009395868520        2.4281059751347680     
   3.7124999999999998E-002  0.87916456697191214       -1.2741226389172577E-002   8.2028686643563331E-002   2.1388108087716500        2.4283186587557273     
   3.7874999999999999E-002  0.87930365734456262       -1.2309723174789936E-002   8.1931038739704226E-002   2.1393378776029643        2.4285520066486748     
   3.8625000000000000E-002  0.87942554476835177       -1.1853650788579240E-002   8.1826928549384809E-002   2.1398279643278162        2.4287914544811673     
   3.9375000000000000E-002  0.87953309055380513       -1.1380558624914470E-002   8.1701428029139850E-002   2.1402899178593313        2.4290406073016357     
   4.0125000000000001E-002  0.87961045529433679       -1.0906187072420762E-002   8.1538819867515253E-002   2.1406812434110272        2.4292962225987540     
   4.0875000000000002E-002  0.87967152048953201       -1.0426301583350084E-002   8.1374441262009212E-002   2.1410460344478119        2.4295664969494837     
   4.1625000000000002E-002  0.87972015748115440       -9.9333556765117299E-003   8.1214274668943737E-002   2.1413793239851273        2.4298345814410651     
   4.2375000000000003E-002  0.87975331526735401       -9.4333031249354948E-003   8.1033852820688201E-002   2.1416406581771512        2.4300653856694492     
   4.3125000000000004E-002  0.87979143999383846       -8.9248827266733763E-003   8.0852229169781784E-002   2.1418709153699886        2.4302470080849425     
   4.3874999999999997E-002  0.87984266518240140       -8.4034774809914423E-003   8.0685275580545224E-002   2.1420573062521324        2.4303408664997677     
   4.4624999999999998E-002  0.87992131793491324       -7.8838698269571884E-003   8.0524367544678135E-002   2.1422171730461432        2.4303279073379174     
   4.5374999999999999E-002  0.88002976865026150       -7.3573517117408024E-003   8.0384305544494106E-002   2.1423618751334152        2.4302130860750921     
   4.6124999999999999E-002  0.88016102146962827       -6.8284560835928784E-003   8.0265031405225062E-002   2.1424803601876041        2.4300031382312368     
   4.6875000000000000E-002  0.88029548561094129       -6.2981186962467800E-003   8.0167216140510283E-002   2.1425383926514616        2.4297131386337965     
   4.7625000000000001E-002  0.88042849540513912       -5.7581641968238598E-003   8.0097102048265395E-002   2.1425675695142106        2.4293912891023668     
   4.8375000000000001E-002  0.88056251075712511       -5.2187914453083253E-003   8.0054513220725293E-002   2.1425866769580431        2.4290521012091619     
   4.9125000000000002E-002  0.88068159278240288       -4.6788917193009210E-003   7.9997651939674286E-002   2.1425940894072255        2.4287419447461738     
   4.9875000000000003E-002  0.88074072742080001       -4.2273570721508419E-003   7.9875341349061435E-002   2.1424444287128348        2.4284244225806617     
   5.0625000000000003E-002  0.88081907140530524       -3.5937511455364475E-003   8.0053147624647075E-002   2.1424371463407672        2.4281853942526053     
   5.1375000000000004E-002  0.88085516226842620       -2.9689151981308727E-003   7.9850428118363487E-002   2.1423335668618746        2.4279920165390880     
   5.2124999999999998E-002  0.88089836876077121       -2.5192443475202499E-003   7.9887012674924374E-002   2.1423116637339765        2.4278460897832321     
   5.2874999999999998E-002  0.88092161932391311       -1.9676557907464453E-003   7.9935489194302198E-002   2.1422603142620247        2.4277204312881056     
   5.3624999999999999E-002  0.88091633006030290       -1.4048184992320497E-003   7.9917888772175066E-002   2.1421448919550223        2.4276069937742486     
   5.4375000000000000E-002  0.88090541024821067       -8.4089298313205600E-004   7.9914332774717101E-002   2.1420447456097662        2.4275245321748646     
   5.5125000000000000E-002  0.88086813097669725       -2.7635508686687995E-004   7.9893105973893236E-002   2.1418756109893309        2.4274376767269574     
   5.5875000000000001E-002  0.88084527453584693        3.2797879016997490E-004   7.9908661728438357E-002   2.1417927016528719        2.4274048111072646     
   5.6625000000000002E-002  0.88079008099072842        8.5982103281177281E-004   7.9858008704052241E-002   2.1416126090333951        2.4273570048167028     
   5.7375000000000002E-002  0.88073822237620047        1.4336684127171744E-003   7.9834885244997239E-002   2.1414515825291169        2.4273183881837861     
   5.8125000000000003E-002  0.88068616759334173        2.0146057974156661E-003   7.9808525260031071E-002   2.1412887433115171        2.4272781380020767     
   5.8875000000000004E-002  0.88063244589829504        2.5986605243589062E-003   7.9785005767202197E-002   2.1411134820377713        2.4272276252661560     
   5.9624999999999997E-002  0.88058328275403863        3.1841598503931689E-003   7.9758995142191369E-002   2.1409416501741902        2.4271682669787693     
   6.0374999999999998E-002  0.88053433394201974        3.7713540992596398E-003   7.9742428139569499E-002   2.1407687390113037        2.4271056641159929     
   6.1124999999999999E-002  0.88048220051260229        4.3618594575615391E-003   7.9725959013728337E-002   2.1405853903317071        2.4270394895519622     
   6.1874999999999999E-002  0.88042756499225994        4.9528857380291436E-003   7.9713742600948823E-002   2.1404028844319241        2.4269802588888991     
   6.2625000000000000E-002  0.88037256103714401        5.5445339712073003E-003   7.9712326831328811E-002   2.1402343083946271        2.4269362911132353     
   6.3375000000000001E-002  0.88031322819410740        6.1410509637826937E-003   7.9708657700839514E-002   2.1400556180286223        2.4268924831886873     
   6.4125000000000001E-002  0.88025474730959430        6.7362468525170886E-003   7.9725000517558556E-002   2.1398749820517047        2.4268416070907710     
   6.4875000000000002E-002  0.88019817230695996        7.3320464448325103E-003   7.9733517137835261E-002   2.1396864746878088        2.4267768769937188     
   6.5625000000000003E-002  0.88012535311767714        7.9259959165036420E-003   7.9742508036644372E-002   2.1394238275370463        2.4266721242713385     
   6.6375000000000003E-002  0.88008880720473581        8.5458718791417126E-003   7.9781014185604057E-002   2.1392650126396635        2.4265817105933785     
   6.7125000000000004E-002  0.88006339791944299        9.1476610170144936E-003   7.9809774049058133E-002   2.1391312488586225        2.4264898208814270     
   6.7875000000000005E-002  0.88002545355830364        9.7473988687113676E-003   7.9848263221149490E-002   2.1389495990719718        2.4263765671138033     
   6.8625000000000005E-002  0.87998391489929850        1.0351861258729269E-002   7.9894572987420864E-002   2.1387558000315599        2.4262580529576683     
   6.9375000000000006E-002  0.87994443250142906        1.0959545047366025E-002   7.9946775437612860E-002   2.1385720437698712        2.4261441511395003     
   7.0125000000000007E-002  0.87990385188582299        1.1563659362783963E-002   8.0001461172535232E-002   2.1383900110483118        2.4260345355636863     
   7.0875000000000007E-002  0.87987125073838124        1.2164083859016652E-002   8.0054230912221164E-002   2.1382408791799383        2.4259401200900608     
   7.1625000000000008E-002  0.87980997836011510        1.2778518308664326E-002   8.0102737911919131E-002   2.1380023054546626        2.4258226916666770     
   7.2374999999999995E-002  0.87976836435187356        1.3393120100546444E-002   8.0149057598682655E-002   2.1378389523316055        2.4257363711085920     
   7.3124999999999996E-002  0.87975394264915796        1.3995619207516423E-002   8.0221739741866319E-002   2.1377828223922264        2.4256940735703623     
   7.3874999999999996E-002  0.87968720654537469        1.4601561514787090E-002   8.0290029223315282E-002   2.1375622797215317        2.4256087858462778     
   7.4624999999999997E-002  0.87963418133445337        1.5224538546112793E-002   8.0356719590780792E-002   2.1373970012915726        2.4255479199149295     
   7.5374999999999998E-002  0.87959690827941706        1.5843020918281360E-002   8.0437607554604079E-002   2.1372828444664540        2.4254999136381930     
   7.6124999999999998E-002  0.87956520875076172        1.6453695336238576E-002   8.0535823801157688E-002   2.1371707170323031        2.4254367266219994     
   7.6874999999999999E-002  0.87953683707075436        1.7068774838844981E-002   8.0636042601961042E-002   2.1370292957029111        2.4253302667516410     
   7.7625000000000000E-002  0.87951933052653808        1.7679292363916448E-002   8.0689873120072919E-002   2.1368607744725470        2.4251675232523811     
   7.8375000000000000E-002  0.87954337959631812        1.8299914740915295E-002   8.0822618953225137E-002   2.1367757029586087        2.4249763212203748     
   7.9125000000000001E-002  0.87958695918604235        1.8913592767079528E-002   8.0933576547520647E-002   2.1366865986577812        2.4247287338276431     
   7.9875000000000002E-002  0.87964502142716727        1.9517816356930041E-002   8.1050001902053428E-002   2.1365900195414729        2.4244319960201728     
   8.0625000000000002E-002  0.87972302463190466        2.0139850070658653E-002   8.1173823312532617E-002   2.1365282275745585        2.4241182697292527     
   8.1375000000000003E-002  0.87978689062482962        2.0757451864680525E-002   8.1280771817395847E-002   2.1363903712734391        2.4237583924455488     
   8.2125000000000004E-002  0.87986444923978679        2.1386148663937444E-002   8.1415865850445343E-002   2.1362912501785769        2.4234011798272834     
   8.2875000000000004E-002  0.87996567895540156        2.2013782467541550E-002   8.1573893288408791E-002   2.1362792762718055        2.4230750949517748     
   8.3625000000000005E-002  0.88006193448676662        2.2639440923887418E-002   8.1722047158476904E-002   2.1362531094189170        2.4227471917275523     
   8.4375000000000006E-002  0.88014042014716609        2.3264181810713561E-002   8.1873981632750642E-002   2.1361705397844482        2.4224031917629070     
   8.5125000000000006E-002  0.88021893439887955        2.3883215458937155E-002   8.2030469469398681E-002   2.1361002610899535        2.4220723045426400     
   8.5875000000000007E-002  0.88031592789691115        2.4510067425279440E-002   8.2193372186686639E-002   2.1360948396623831        2.4217629672662646     
   8.6625000000000008E-002  0.88041242027955957        2.5143848032250636E-002   8.2358560892524635E-002   2.1360882687513598        2.4214527672689794     
   8.7375000000000008E-002  0.88049886850430403        2.5771160270893489E-002   8.2528382456744903E-002   2.1360447307433401        2.4211273915926039     
   8.8124999999999995E-002  0.88058964360383718        2.6403792997758271E-002   8.2701670764643256E-002   2.1360152132470387        2.4208050424800271     
   8.8874999999999996E-002  0.88069281649042441        2.7025341330074663E-002   8.2879153515128062E-002   2.1360294536860449        2.4204978321736723     
   8.9624999999999996E-002  0.88073881203412785        2.7642310344579611E-002   8.3081578592632294E-002   2.1358694739769146        2.4201466428739629     
   9.0374999999999997E-002  0.88083738856200844        2.8347887609466289E-002   8.3179902046611812E-002   2.1358833302087987        2.4198560889963869     
   9.1124999999999998E-002  0.88095341386064663        2.8960180306227788E-002   8.3397750723538971E-002   2.1360075633255455        2.4196330739377454     
   9.1874999999999998E-002  0.88101736327991476        2.9597118468216652E-002   8.3552051143016476E-002   2.1359639962425931        2.4193677363183883     
   9.2624999999999999E-002  0.88108798995229809        3.0242717832152800E-002   8.3703269812614167E-002   2.1359541555435717        2.4191218685259281     
   9.3375000000000000E-002  0.88115883070053980        3.0890151120487631E-002   8.3843574395358084E-002   2.1359512777058800        2.4188839016180843     
   9.4125000000000000E-002  0.88123396362992390        3.1537306953943717E-002   8.3971031975025159E-002   2.1359685891598987        2.4186579699524660     
   9.4875000000000001E-002  0.88129285018169523        3.2186034452410833E-002   8.4091719591685279E-002   2.1359490153889347        2.4184348245957255     
   9.5625000000000002E-002  0.88134947509272399        3.2843486108287745E-002   8.4206148084794152E-002   2.1359442950015017        2.4182345084008623     
   9.6375000000000002E-002  0.88138735531552603        3.3492471998543785E-002   8.4312116287029351E-002   2.1359117156188030        2.4180546372139426     
   9.7125000000000003E-002  0.88143180761129980        3.4144052650055289E-002   8.4417319525124199E-002   2.1359354006055771        2.4179200420683289     
   9.7875000000000004E-002  0.88144880243369672        3.4803853551999962E-002   8.4487272227102408E-002   2.1359050840756777        2.4178022526252354     
   9.8625000000000004E-002  0.88146691147583123        3.5458378483407972E-002   8.4564481189824847E-002   2.1359133851404328        2.4177241149907980     
   9.9375000000000005E-002  0.88147733800034178        3.6120779570442074E-002   8.4629848655482037E-002   2.1359298492809278        2.4176766310289177     
  0.10012500000000001       0.88147116178922447        3.6782629628532557E-002   8.4671086953440514E-002   2.1359201803739811        2.4176470210103647     
  0.10087500000000001       0.88146254085585896        3.7439355870059830E-002   8.4703724919958145E-002   2.1359192741268962        2.4176346596118536     
  0.10162500000000001       0.88144339402605376        3.8093428266675167E-002   8.4735642649606313E-002   2.1359021681105483        2.4176323748900774     
  0.10237500000000001       0.88143477629552680        3.8766029130687892E-002   8.4746339231434847E-002   2.1359233941419138        2.4176456027925353     
  0.10312500000000001       0.88141435352507114        3.9433192006366233E-002   8.4758059526515050E-002   2.1359005647902478        2.4176407346624842     
  0.10387500000000000       0.88140299226465990        4.0096952785991055E-002   8.4777154569250918E-002   2.1358961323560814        2.4176307377295849     
  0.10462500000000000       0.88139626135575189        4.0762944811321748E-002   8.4782637632335678E-002   2.1358888651875327        2.4176056535464920     
  0.10537500000000000       0.88140513815289478        4.1413702660241782E-002   8.4780787168917501E-002   2.1359086970182370        2.4175696468526882     
  0.10612500000000000       0.88140337365765775        4.2070352068999305E-002   8.4771350727228578E-002   2.1358650227385234        2.4174906716964801     
  0.10687500000000000       0.88141597831411844        4.2739851275929039E-002   8.4750156094288043E-002   2.1358426563937210        2.4173965766186170     
  0.10762500000000000       0.88145056462374138        4.3411521819863005E-002   8.4735231772300260E-002   2.1358704056852256        2.4172978211029048     
  0.10837500000000000       0.88146866406712987        4.4070860828279046E-002   8.4705300226813371E-002   2.1358169051310822        2.4171537565901731     
  0.10912500000000000       0.88149933910634815        4.4751467245469453E-002   8.4651377367295444E-002   2.1357893491641975        2.4170055633261978     
  0.10987500000000000       0.88153158900733442        4.5426338334087012E-002   8.4613399892384145E-002   2.1357624582752854        2.4168518294029613     
  0.11062500000000000       0.88158428226398544        4.6098321010265370E-002   8.4578486268672148E-002   2.1358009740436139        2.4167156482632683     
  0.11137500000000000       0.88162363354913387        4.6775437110275528E-002   8.4527073649990056E-002   2.1357990067542199        2.4165709520977479     
  0.11212500000000000       0.88165874570276548        4.7451289689969214E-002   8.4486184693377403E-002   2.1357851660030480        2.4164227343872340     
  0.11287500000000000       0.88168643440672545        4.8122470878306844E-002   8.4441146625452462E-002   2.1357460632986918        2.4162663225855572     
  0.11362500000000000       0.88170652885154110        4.8799010499684194E-002   8.4374791334995425E-002   2.1356750677206433        2.4160959042789223     
  0.11437500000000000       0.88174699858959216        4.9458873846723296E-002   8.4309203462619692E-002   2.1356694827758984        2.4159443768753759     
  0.11512500000000001       0.88173402520440680        5.0103012326275384E-002   8.4199957861685409E-002   2.1354876449293791        2.4157442004863872     
  0.11587500000000001       0.88173874116654449        5.0847201274843074E-002   8.4128944754405244E-002   2.1353848420376771        2.4155740945370914     
  0.11662500000000001       0.88179509516322874        5.1490152810438464E-002   8.4065629556441215E-002   2.1354841565678244        2.4154972816510472     
  0.11737500000000001       0.88178192707812186        5.2136079956385868E-002   8.3972215535525030E-002   2.1353833199929939        2.4153859559315007     
  0.11812500000000001       0.88177518043117376        5.2807984785142287E-002   8.3907209532925991E-002   2.1353394102023140        2.4153162653121210     
  0.11887500000000001       0.88175495635881451        5.3466183863292750E-002   8.3755771678606469E-002   2.1352767950047391        2.4152718507660342     
  0.11962500000000000       0.88170976803001977        5.4118815556571581E-002   8.3650452420428095E-002   2.1351602987036777        2.4152293656855450     
  0.12037500000000000       0.88168574640744357        5.4774866894036572E-002   8.3503496697876559E-002   2.1351452121803045        2.4152477337862970     
  0.12112500000000000       0.88161257181597441        5.5399248332166633E-002   8.3349398846553360E-002   2.1349948649847752        2.4152494195700469     
  0.12187500000000000       0.88154423687164929        5.6045418628789444E-002   8.3213889318052542E-002   2.1348956260155836        2.4152917591007652     
  0.12262500000000000       0.88148061807714062        5.6686357922304538E-002   8.3068160736127383E-002   2.1348435989347951        2.4153756853152677     
  0.12337500000000000       0.88138721405894083        5.7286498310834461E-002   8.2914448726943868E-002   2.1347155143468250        2.4154580378339841     
  0.12412500000000000       0.88129595743478562        5.7972404738097921E-002   8.2797387573876030E-002   2.1346293934485341        2.4155713505758873     
  0.12487500000000000       0.88120200620621680        5.8560261811606000E-002   8.2612935140566016E-002   2.1345354059892236        2.4156970678275274     
  0.12562500000000001       0.88109382566817496        5.9170119343288405E-002   8.2454452203051296E-002   2.1344013298897586        2.4158112920125401     
  0.12637500000000002       0.88099040879412160        5.9789129639744469E-002   8.2281411426604306E-002   2.1342776105855963        2.4159245922886003     
  0.12712500000000002       0.88089441182554862        6.0396037518758071E-002   8.2115934469692980E-002   2.1341645557613562        2.4160293336057852     
  0.12787500000000002       0.88079838488756690        6.1000696594017800E-002   8.1950299311391278E-002   2.1340319430333543        2.4161116518661006     
  0.12862500000000002       0.88071194396307095        6.1599216810939175E-002   8.1789278847121366E-002   2.1339087431562911        2.4161779381785609     
  0.12937500000000002       0.88062262406982250        6.2193067041273670E-002   8.1616422062152805E-002   2.1337502962578343        2.4162132083650070     
  0.13012500000000002       0.88052785957186031        6.2787338220262986E-002   8.1451381572954895E-002   2.1335470315013465        2.4162111305478708     
  0.13087500000000002       0.88046052490137749        6.3399375771691469E-002   8.1300922910173212E-002   2.1334154017035187        2.4162118727130517     
  0.13162500000000002       0.88041767653881087        6.3991829283977550E-002   8.1131828853935356E-002   2.1333371156008463        2.4162092456747559     
  0.13237500000000002       0.88036333307031689        6.4579216114073343E-002   8.0970517488018187E-002   2.1331999110072162        2.4161702681323201     
  0.13312500000000002       0.88030464005836961        6.5163293546574672E-002   8.0796188825639159E-002   2.1330326253392209        2.4161101710170887     
  0.13387500000000002       0.88025097593587298        6.5758118895382162E-002   8.0629322541190915E-002   2.1328763453860233        2.4160466335627730     
  0.13462500000000002       0.88020076625308952        6.6340243130647514E-002   8.0466893666797962E-002   2.1327298248543416        2.4159848519764737     
  0.13537500000000002       0.88014874658173381        6.6927140719899719E-002   8.0292157474079001E-002   2.1325799380837367        2.4159245805231033     
  0.13612500000000002       0.88010063809121519        6.7505516282728981E-002   8.0133310515415127E-002   2.1324518735470761        2.4158770035739998     
  0.13687500000000002       0.88004467563148170        6.8083843629780774E-002   7.9959635183113525E-002   2.1323081043192569        2.4158341397049368     
  0.13762500000000003       0.87999275379746700        6.8654025936778010E-002   7.9799673832525703E-002   2.1321945931366142        2.4158134291608002     
  0.13837500000000003       0.87989470077830712        6.9210520935684763E-002   7.9611113743915080E-002   2.1319412098549657        2.4157637379512709     
  0.13912500000000003       0.87982078821310150        6.9863595198136452E-002   7.9474815711211622E-002   2.1318068887747605        2.4157687496543301     
  0.13987500000000003       0.87977228027812493        7.0432156479830560E-002   7.9335430368517978E-002   2.1317756363030274        2.4158287962333231     
  0.14062500000000003       0.87968005343416578        7.1001561227827331E-002   7.9184371194603448E-002   2.1316258819997049        2.4158745126986134     
  0.14137500000000003       0.87959542184238992        7.1578847578637916E-002   7.9051590650139836E-002   2.1315302613756186        2.4159579317836544     
  0.14212500000000003       0.87949371592389047        7.2147649486797041E-002   7.8907875683648626E-002   2.1314049861389899        2.4160558557441072     
  0.14287500000000003       0.87938130353983424        7.2720379459033410E-002   7.8778035192091200E-002   2.1312732485011394        2.4161735429934144     
  0.14362500000000003       0.87927656765709172        7.3293932114971497E-002   7.8668706376958872E-002   2.1311985583312332        2.4163324887042807     
  0.14437500000000000       0.87914441755947714        7.3860988960962520E-002   7.8538121231403912E-002   2.1310488067454885        2.4164835402227518     
  0.14512500000000000       0.87902606129732641        7.4430717175251709E-002   7.8421294320662610E-002   2.1309578194114707        2.4166615807689174     
  0.14587500000000000       0.87890450317803914        7.4999735980606053E-002   7.8311919894436019E-002   2.1308631487724576        2.4168431190496946     
  0.14662500000000001       0.87878840767559296        7.5565562764042610E-002   7.8210191008125471E-002   2.1307827273550015        2.4170250362473671     
  0.14737500000000001       0.87867424323441634        7.6130274625779398E-002   7.8115467880075423E-002   2.1306932637660814        2.4171903764060207     
  0.14812500000000001       0.87856597818867199        7.6691903666991121E-002   7.8019247132220276E-002   2.1305981529602254        2.4173331724930454     
  0.14887500000000001       0.87847843279035598        7.7254982572340120E-002   7.7935963338366471E-002   2.1305423462038675        2.4174620268272933     
  0.14962500000000001       0.87839497898480323        7.7818377387371504E-002   7.7845947115853492E-002   2.1304600508894063        2.4175497443979688     
  0.15037500000000001       0.87832068263384722        7.8342877719878495E-002   7.7767719086019010E-002   2.1303695381456400        2.4176053301052947     
  0.15112500000000001       0.87826624406250686        7.8976374904027272E-002   7.7665474210747251E-002   2.1303188714680066        2.4176427041026640     
  0.15187500000000001       0.87822468653575714        7.9500663513622505E-002   7.7633598975713675E-002   2.1302757432957291        2.4176569675307915     
  0.15262500000000001       0.87819139684410463        8.0030894494741253E-002   7.7570795948342597E-002   2.1302309071141989        2.4176487339883650     
  0.15337500000000001       0.87816786116175150        8.0618142002357618E-002   7.7517563849833659E-002   2.1302059933460260        2.4176291291677994     
  0.15412500000000001       0.87815637236386102        8.1188598920504090E-002   7.7465018624525123E-002   2.1302109129631033        2.4176116874232219     
  0.15487500000000001       0.87813922024156676        8.1747919181466178E-002   7.7411303883928487E-002   2.1301925864137208        2.4175841828411921     
  0.15562500000000001       0.87813397945964200        8.2303516808821198E-002   7.7364345207836666E-002   2.1302160404184587        2.4175708835446366     
  0.15637500000000001       0.87812450989761237        8.2855660093893169E-002   7.7315025391079845E-002   2.1302309479907988        2.4175596577031380     
  0.15712500000000001       0.87811112551957615        8.3436652017674501E-002   7.7305288904422148E-002   2.1302483404862844        2.4175545138253214     
  0.15787500000000002       0.87811414346904859        8.3959441007373931E-002   7.7234459633308813E-002   2.1303183818656395        2.4175763484494008     
  0.15862500000000002       0.87813186235413965        8.4502857776763057E-002   7.7204033052437226E-002   2.1304492900615326        2.4176205007660796     
  0.15937500000000002       0.87813799873971876        8.5042766078124873E-002   7.7172761515074767E-002   2.1305484828483334        2.4176604000799569     
  0.16012500000000002       0.87815112211476942        8.5582912964821983E-002   7.7148435561861156E-002   2.1306781577827127        2.4177147428753649     
  0.16087500000000002       0.87816789991367483        8.6121249384211340E-002   7.7111322168595592E-002   2.1308213365018362        2.4177755395228533     
  0.16162500000000002       0.87819464334698316        8.6662970555371588E-002   7.7087151984988680E-002   2.1309999821287713        2.4178473323022205     
  0.16237500000000002       0.87822376821413140        8.7203508544186972E-002   7.7058858239460043E-002   2.1311832094821717        2.4179179730697333     
  0.16312500000000002       0.87825561415465048        8.7744464525379526E-002   7.7035081199700761E-002   2.1313720665349112        2.4179866804042360     
  0.16387500000000002       0.87829761391190808        8.8282186953203418E-002   7.7011613451277439E-002   2.1315851404533079        2.4180550668247878     
  0.16462500000000002       0.87835338989038958        8.8831107381624710E-002   7.6995684644988960E-002   2.1318362769550649        2.4181265834661887     
  0.16537500000000002       0.87841679236176429        8.9383496204179402E-002   7.6981094583618098E-002   2.1321015200530176        2.4181923149818103     
  0.16612500000000002       0.87848457625877852        8.9936846816756330E-002   7.6957821310302182E-002   2.1323669532558633        2.4182466047697018     
  0.16687500000000002       0.87856836131360161        9.0497195478151549E-002   7.6940187863878851E-002   2.1326709280871743        2.4182991068198882     
  0.16762500000000002       0.87865687673832904        9.1057862080157731E-002   7.6927751893519164E-002   2.1329760603474544        2.4183389956496817     
  0.16837500000000002       0.87875855104517564        9.1621472215647717E-002   7.6909533332874772E-002   2.1333093316815352        2.4183746550852243     
  0.16912500000000003       0.87888329549923860        9.2189009072175226E-002   7.6884314080967145E-002   2.1337044641841061        2.4184172867246962     
  0.16987500000000003       0.87900529984774367        9.2757015339733351E-002   7.6881411733716917E-002   2.1340785132783209        2.4184407542182038     
  0.17062500000000003       0.87911285165336595        9.3244431691901081E-002   7.6852126017125197E-002   2.1343802275271004        2.4184334899409317     
  0.17137500000000003       0.87929649056377102        9.3954419896302974E-002   7.6943367186834144E-002   2.1349565992819399        2.4184908441179549     
  0.17212500000000003       0.87947350611487962        9.4494099696467590E-002   7.6823955501242921E-002   2.1354642372047139        2.4185293155207730     
  0.17287500000000003       0.87964248875049300        9.5061202495734159E-002   7.6804784072592225E-002   2.1359479156782455        2.4185488462610767     
  0.17362500000000003       0.87983236958142352        9.5638841531519761E-002   7.6784972104540689E-002   2.1364956114331326        2.4185822852288767     
  0.17437500000000003       0.88002936627889206        9.6216005200083457E-002   7.6773654357732979E-002   2.1370621527657985        2.4186164614332739     
  0.17512500000000003       0.88023761218129126        9.6791759353969359E-002   7.6766815953099837E-002   2.1376636461190230        2.4186588786749921     
  0.17587500000000000       0.88045165979600715        9.7362704300454003E-002   7.6758206035279275E-002   2.1382818559116936        2.4187047736959935     
  0.17662500000000000       0.88068592770293153        9.7936418451708127E-002   7.6743022028788063E-002   2.1389667019448635        2.4187709193871418     
  0.17737500000000000       0.88091399804074455        9.8516674802339124E-002   7.6739032229064669E-002   2.1396334310982499        2.4188310849957726     
  0.17812500000000001       0.88115796656468914        9.9090292983436218E-002   7.6738828730249245E-002   2.1403544256787228        2.4189094194348852     
  0.17887500000000001       0.88140442653706919        9.9655700480085097E-002   7.6732602898056113E-002   2.1410847591369899        2.4189927604922290     
  0.17962500000000001       0.88167084895462366       0.10023961411972283        7.6739682741771786E-002   2.1418903016687945        2.4191027456781327     
  0.18037500000000001       0.88194199679378515       0.10081405995181153        7.6739771275328536E-002   2.1427139549695511        2.4192218152156473     
  0.18112500000000001       0.88220077340470515       0.10137474123412715        7.6731790076231640E-002   2.1434980570704378        2.4193319686145873     
  0.18187500000000001       0.88247166592768411       0.10194645341435102        7.6731941811854415E-002   2.1443295585062012        2.4194600865668052     
  0.18262500000000001       0.88274012809182323       0.10251987764218394        7.6734709515217533E-002   2.1451586347748193        2.4195911527476781     
  0.18337500000000001       0.88299775190951801       0.10309751659161451        7.6736062055264495E-002   2.1459576816278410        2.4197169058046177     
  0.18412500000000001       0.88327887561493501       0.10367292336335332        7.6745111577409153E-002   2.1468403606288011        2.4198723268559381     
  0.18487500000000001       0.88354992731811910       0.10425355856116966        7.6765131139037657E-002   2.1476967626300434        2.4200232192783937     
  0.18562500000000001       0.88383810102291815       0.10484992287196317        7.6785314533543148E-002   2.1486179954429474        2.4201981829649997     
  0.18637500000000001       0.88410369260555477       0.10542814357854963        7.6809355812857083E-002   2.1494663430131373        2.4203538008149441     
  0.18712500000000001       0.88437308453787133       0.10601062890745373        7.6832443305648507E-002   2.1503335105252610        2.4205193849746540     
  0.18787500000000001       0.88464655899171996       0.10659895365146047        7.6853441160887312E-002   2.1512202622516305        2.4206949088882967     
  0.18862500000000001       0.88491865717012552       0.10718382621070838        7.6888305115708572E-002   2.1521076658395639        2.4208735259150105     
  0.18937500000000002       0.88519347291884054       0.10776541845573186        7.6931619010863428E-002   2.1530105242082005        2.4210613265307601     
  0.19012500000000002       0.88546221437444550       0.10835012999271759        7.6989122005640370E-002   2.1539003924790228        2.4212486646737266     
  0.19087500000000002       0.88573807184622411       0.10893122974189148        7.7045412290769708E-002   2.1548268718783246        2.4214580913638986     
  0.19162500000000002       0.88598075269996956       0.10950051364577064        7.7094319697042640E-002   2.1556666916684404        2.4216618206573157     
  0.19237500000000002       0.88623040743037618       0.11007320777042258        7.7152219166841729E-002   2.1565854254842391        2.4219337828819016     
  0.19312500000000002       0.88643572807982252       0.11065058075512652        7.7208235107974893E-002   2.1574147684064027        2.4222244644735440     
  0.19387500000000002       0.88664360405846498       0.11123335269697940        7.7256213858420603E-002   2.1582880258054775        2.4225572290080151     
  0.19462500000000002       0.88683098991912501       0.11179984125443675        7.7316887831712852E-002   2.1590788283570213        2.4228532414235842     
  0.19537500000000002       0.88704120459086711       0.11236949438725739        7.7396247344877059E-002   2.1598888713843323        2.4231060950599179     
  0.19612500000000002       0.88727299903961587       0.11293235844603182        7.7487366414284789E-002   2.1606850203765640        2.4232839569155935     
  0.19687500000000002       0.88753514845585779       0.11348638604750684        7.7588146962094345E-002   2.1615003057976021        2.4234007655689331     
  0.19762500000000002       0.88781549554981720       0.11402647286390287        7.7677787247207572E-002   2.1623186377421266        2.4234742723894298     
  0.19837500000000002       0.88811247882460931       0.11455156435990749        7.7753377774851556E-002   2.1631690635104501        2.4235419349940450     
  0.19912500000000002       0.88841447645096594       0.11505537717059081        7.7810871951083244E-002   2.1640489845496118        2.4236337249540965     
  0.19987500000000002       0.88872229048413309       0.11553334618381136        7.7828482628443288E-002   2.1649793315393588        2.4237738474040431     
  0.20062500000000003       0.88902108322393980       0.11598630659077909        7.7828543796165148E-002   2.1659149961533561        2.4239494814107059     
  0.20137500000000003       0.88930278979530375       0.11641637342403192        7.7818939847611374E-002   2.1668220734783308        2.4241432918794006     
  0.20212500000000003       0.88959564967509497       0.11683676850110639        7.7827409509380718E-002   2.1677943602073855        2.4243794967156429     
  0.20287500000000003       0.88985919317813555       0.11724468933652776        7.7845840798351357E-002   2.1686945769688597        2.4246147057995842     
  0.20362500000000003       0.89009961997771780       0.11764374410167043        7.7880544128341805E-002   2.1695504705954098        2.4248621705610107     
  0.20437500000000003       0.89031169537105304       0.11803968720997983        7.7941217687433284E-002   2.1703367052912479        2.4251058245638450     
  0.20512500000000003       0.89052261171923208       0.11842629221959980        7.8026220605039248E-002   2.1711167037783397        2.4253443280978617     
  0.20587500000000003       0.89073299313457299       0.11880327062108094        7.8127082949070767E-002   2.1718586521849579        2.4255411623514931     
  0.20662500000000003       0.89095790293887056       0.11916460294206722        7.8251128558707139E-002   2.1725978221928259        2.4256953406514081     
  0.20737500000000003       0.89118806843879517       0.11951181246071427        7.8362244293953789E-002   2.1733098964359092        2.4258080559189956     
  0.20812500000000000       0.89142881069942204       0.11984946513519518        7.8481406803201689E-002   2.1740389904713640        2.4259116858711560     
  0.20887500000000001       0.89167030348757437       0.12017967077268579        7.8596896565279503E-002   2.1747738522356261        2.4260210566761340     
  0.20962500000000001       0.89191275536209425       0.12049964146629981        7.8715356903218486E-002   2.1755292260095529        2.4261519050895242     
  0.21037500000000001       0.89215706645395843       0.12081631766145608        7.8836905070481744E-002   2.1763128266562193        2.4263093709962535     
  0.21112500000000001       0.89240251273336879       0.12112574104551765        7.8974925369216659E-002   2.1771196871252334        2.4264891013104872     
  0.21187500000000001       0.89266515516129830       0.12142861662116708        7.9120928946112445E-002   2.1779994153343329        2.4267039616876680     
  0.21262500000000001       0.89294985892729228       0.12172105780453504        7.9271913189434995E-002   2.1789638078963423        2.4269548663992526     
  0.21337500000000001       0.89327469356082945       0.12199173991391926        7.9448485279106071E-002   2.1800761353882470        2.4272634531014079     
  0.21412500000000001       0.89361779938803587       0.12223400878387009        7.9621853054885755E-002   2.1812891783688899        2.4276397361336590     
  0.21487500000000001       0.89402376253514815       0.12244121075607937        7.9819329565693709E-002   2.1827969274063186        2.4281784926666492     
  0.21562500000000001       0.89441235693398546       0.12260427077423265        8.0020388205187240E-002   2.1843480215850244        2.4288184725411721     
  0.21637500000000001       0.89494268364388574       0.12274557613689645        8.0283202857731079E-002   2.1864478981210151        2.4296855700430666     
  0.21712500000000001       0.89550452400793179       0.12281785876496834        8.0590715023083098E-002   2.1886188981759318        2.4305520233001685     
  0.21787500000000001       0.89612228292577767       0.12291214585647965        8.0937557662403459E-002   2.1908056630816373        2.4312766883984605     
  0.21862500000000001       0.89711329618170854       0.12270657039718701        8.1299495837498653E-002   2.1939866319306982        2.4321464845523546     
  0.21937500000000001       0.90256318658312207       0.11819951254675079        8.1978662183409851E-002   2.2116759854913806        2.4377387823093732     
  0.22012500000000002       0.91514650844068957       0.10557393539746718        8.3769329230373168E-002   2.2530436231079749        2.4511047895877089     
  0.22087500000000002       0.93335490117943698        8.6956909831671869E-002   8.6776294732374498E-002   2.3139863737334450        2.4705519370252342     
  0.22162500000000002       0.95177230152838788        6.7699478349383529E-002   8.9971055422678997E-002   2.3766749179244195        2.4901068273807976     
  0.22237500000000002       0.96654499633438451        5.2364231915859226E-002   9.2702456134038241E-002   2.4275119993240626        2.5054683923026371     
  0.22312500000000002       0.97535717464837990        4.3741185061879254E-002   9.4200947448783212E-002   2.4578140108867381        2.5142422173329781     
  0.22387500000000002       0.97879621172261566        4.1358866166244249E-002   9.4861779155860304E-002   2.4694848317962554        2.5173924328639421     
  0.22462500000000002       0.97855856338253766        4.2844498160974909E-002   9.4858261556743553E-002   2.4684545777759546        2.5168846394668298     
  0.22537500000000002       0.97783574012787022        4.5181638517305375E-002   9.4565233648902416E-002   2.4658640603492468        2.5160131631734668     
  0.22612500000000002       0.97685707543851874        4.7096777063713839E-002   9.5509041602414302E-002   2.4625440269105057        2.5149427862298066     
  0.22687500000000002       0.97585843108284653        4.8936667794756999E-002   9.6715479525527531E-002   2.4594366497951095        2.5141115829690586     
  0.22762500000000002       0.97487611598814727        5.0846856838849534E-002   9.7532959599910846E-002   2.4568575840482927        2.5138093049183206     
  0.22837500000000002       0.97396299184033563        5.2981436011494597E-002   9.7679176938463383E-002   2.4546558218436703        2.5137676297553324     
  0.22912500000000002       0.97319301307454886        5.5324145686055204E-002   9.7236077000616872E-002   2.4526408493621425        2.5135925092131428     
  0.22987500000000002       0.97267161565561266        5.7754626501860466E-002   9.5978480063508564E-002   2.4507794970989001        2.5130058869765048     
  0.23062500000000002       0.97229177310122039        5.9984013019521346E-002   9.5393391321217921E-002   2.4487273381623242        2.5117947952190143     
  0.23137500000000003       0.97198251322393658        6.1831057122263527E-002   9.5477537459153661E-002   2.4467729341433797        2.5104535282659630     
  0.23212500000000003       0.97165903005112597        6.3334323126780764E-002   9.5990405844242718E-002   2.4452928671247216        2.5096121354251837     
  0.23287500000000003       0.97133505686638744        6.4674600025689727E-002   9.6543338123318417E-002   2.4441772593668394        2.5091509703943742     
  0.23362500000000003       0.97096518235981655        6.5951436000361269E-002   9.7083377329258883E-002   2.4430607631401466        2.5088102709599669     
  0.23437500000000003       0.97062848430168214        6.7140717628854957E-002   9.7542516778772070E-002   2.4420351022763453        2.5084898815977223     
  0.23512500000000003       0.97016850210217509        6.8166692266962467E-002   9.7873541112601978E-002   2.4405722915835839        2.5080597930705024     
  0.23587500000000003       0.96970178886744529        6.8984278782393493E-002   9.8153748044748024E-002   2.4390494637424753        2.5076040320859470     
  0.23662500000000003       0.96902343970813276        6.9600124197578647E-002   9.8358733415206859E-002   2.4367784718628260        2.5069435957014661     
  0.23737500000000003       0.96842925845683281        7.0100314208746906E-002   9.8350352588886400E-002   2.4347241663353825        2.5063193382398046     
  0.23812500000000003       0.96758871510105071        7.0485229430534563E-002   9.8712853200145667E-002   2.4318158039344460        2.5054169796902568     
  0.23887500000000003       0.96636652856950400        7.0391099001713003E-002   9.8127978197961013E-002   2.4274572373665642        2.5041341676177291     
  0.23962500000000000       0.96396634641734524        6.9270977518113439E-002   9.6523947031291565E-002   2.4187696216676331        2.5015895422524381     
  0.24037500000000001       0.95944274831581688        6.6261771165367703E-002   9.2451112404817182E-002   2.4023968903038280        2.4969228517042290     
  0.24112500000000001       0.95189165254340280        6.0838718500681746E-002   8.5551727183452192E-002   2.3750168098937663        2.4889682502093882     
  0.24187500000000001       0.94116200797977179        5.2954803845634904E-002   7.5373577664947067E-002   2.3364454737383920        2.4777217127414906     
  0.24262500000000001       0.92783963299454908        4.3114474522731192E-002   6.2882680692769768E-002   2.2889607513232129        2.4636026272149585     
  0.24337500000000001       0.91352796215957977        3.2775184287927056E-002   4.9243318397174496E-002   2.2385017513090015        2.4482957030426147     
  0.24412500000000001       0.89977099410460903        2.3282985795333687E-002   3.6131427400772249E-002   2.1905283230483605        2.4333987694883934     
  0.24487500000000001       0.88903735867753875        1.5744350819719217E-002   2.5654416339852191E-002   2.1534483543305591        2.4216516600718960     
  0.24562500000000001       0.88285363184080357        1.2072998821562108E-002   2.0379522628188377E-002   2.1322578556701934        2.4148284749498532     
  0.24637500000000001       0.88116333663051027        1.1838780968491475E-002   1.8379231716926028E-002   2.1264472144180826        2.4129192856923427     
  0.24712500000000001       0.88029773535046063        1.2224843951775539E-002   1.7555166584708889E-002   2.1234833145001142        2.4119378021169693     
  0.24787500000000001       0.88007658186841475        1.2524386735384550E-002   1.7141364301037521E-002   2.1226823055263377        2.4116381455718328     
  0.24862500000000001       0.87970889901462401        1.2909167970358902E-002   1.6702827164651976E-002   2.1214618989734446        2.4112619732530769     
  0.24937500000000001       0.87940174352892808        1.3257435998912362E-002   1.6348505400090470E-002   2.1203489719707109        2.4108402023232340     
  0.25012499999999999       0.87923398150093990        1.3596760979951741E-002   1.5930225847399324E-002   2.1197708016422521        2.4106454021927717     
  0.25087500000000001       0.87905550247730080        1.3930308812714632E-002   1.5562066689158343E-002   2.1191690701174766        2.4104518304840061     
  0.25162499999999999       0.87892909671642983        1.4234928864153605E-002   1.5203313944567171E-002   2.1187284616544595        2.4102987451436273     
  0.25237500000000002       0.87884391240816973        1.4507388529516165E-002   1.4867749776526499E-002   2.1184459003550056        2.4102122906496506     
  0.25312499999999999       0.87880404950632540        1.4747122036830035E-002   1.4521129518233120E-002   2.1183087601184347        2.4101676074908345     
  0.25387500000000002       0.87880139890852482        1.4963664896139947E-002   1.4201773239274995E-002   2.1183233113570581        2.4101932075454990     
  0.25462499999999999       0.87883023714501918        1.5133073066440485E-002   1.3852662403070861E-002   2.1184275142431925        2.4102357374254737     
  0.25537500000000002       0.87889489369106855        1.5261100101483481E-002   1.3521208768569140E-002   2.1186541383006485        2.4103196520281824     
  0.25612499999999999       0.87897645923638879        1.5359339412491048E-002   1.3165459876163549E-002   2.1189678571071551        2.4104571198961797     
  0.25687499999999996       0.87910697602173382        1.5418040119543241E-002   1.2798913479206565E-002   2.1194067072078187        2.4106034786032038     
  0.25762499999999999       0.87924790657554219        1.5444238327456190E-002   1.2435350569487292E-002   2.1198864105029136        2.4107681301462938     
  0.25837499999999997       0.87940342840929764        1.5442978562505056E-002   1.2065892064762381E-002   2.1204550263283490        2.4109943030062153     
  0.25912499999999999       0.87959436432208271        1.5407000881672061E-002   1.1673798466205094E-002   2.1210794955098642        2.4111876799679179     
  0.25987499999999997       0.87979024869595568        1.5345099498156833E-002   1.1315722471130408E-002   2.1217417889664700        2.4114102182279908     
  0.26062500000000000       0.88007987250822550        1.5098503527573040E-002   1.0896232701867205E-002   2.1227343365777323        2.4117553829742051     
  0.26137499999999997       0.88187887569120060        1.3352187386582262E-002   1.0090718697070820E-002   2.1287699444445551        2.4137227826530618     
  0.26212500000000000       0.88536119865600305        9.5903008556138779E-003   8.7996445621597846E-003   2.1404842296107436        2.4175314678232804     
  0.26287499999999997       0.88957468327459233        4.9897577303176848E-003   7.2496284782598720E-003   2.1546811729630022        2.4220986486453646     
  0.26362500000000000       0.89370181116101211        4.5808623339977576E-004   5.7141454591091052E-003   2.1686587609496786        2.4265816057777920     
  0.26437499999999997       0.89705056388545734       -3.2084012214755511E-003   4.4552215724891747E-003   2.1800288075707783        2.4301996947058790     
  0.26512500000000000       0.89923352235756804       -5.5468063733159264E-003   3.6033891169084563E-003   2.1874417360291369        2.4325354366258671     
  0.26587499999999997       0.90033797119990311       -6.6698032506080796E-003   3.0870430104973411E-003   2.1911757694758642        2.4336925042387514     
  0.26662500000000000       0.90069248465146801       -6.9908619679044572E-003   2.8665158894239564E-003   2.1923769976334802        2.4340663913937863     
  0.26737499999999997       0.90074314951833689       -6.9393993240125093E-003   2.8074642134346662E-003   2.1925332188079585        2.4341035665194148     
  0.26812500000000000       0.90080058983262967       -6.8540301635811231E-003   2.6924907611311742E-003   2.1927266569074448        2.4341642114682096     
  0.26887499999999998       0.90083215816235263       -6.7707704215835499E-003   2.5462071149535666E-003   2.1928464369974852        2.4342130481282203     
  0.26962500000000000       0.90089478359389563       -6.6678645661400280E-003   2.5135877310396267E-003   2.1930974583533063        2.4343234260086373     
  0.27037499999999998       0.90093289775775043       -6.5606918869328713E-003   2.4356295079267908E-003   2.1933078930044054        2.4344551279241058     
  0.27112500000000000       0.90098807338457343       -6.4553893611984832E-003   2.3963618517800211E-003   2.1935843705139120        2.4346138675462745     
  0.27187499999999998       0.90102377260111299       -6.3366435843569590E-003   2.3467267567752774E-003   2.1938537596620482        2.4348174692279088     
  0.27262500000000001       0.90106785416557766       -6.2103291638112386E-003   2.3099517397055895E-003   2.1941609315783261        2.4350403348576530     
  0.27337499999999998       0.90109521888570443       -6.0825067168896229E-003   2.1970414091049190E-003   2.1944685195922360        2.4353090176848706     
  0.27412500000000001       0.90112193739099133       -5.9637278538842639E-003   2.1119679496483901E-003   2.1948085116010345        2.4356152162049631     
  0.27487499999999998       0.90113171029795158       -5.8526208274174126E-003   2.0584979014075314E-003   2.1951529945462940        2.4359720256851936     
  0.27562500000000001       0.90114765395850593       -5.7150587016626796E-003   2.0279596870518492E-003   2.1955959459654952        2.4364215254325066     
  0.27637499999999998       0.90114139305019192       -5.5418602332333936E-003   2.1643497136708675E-003   2.1961026632110157        2.4370016073658256     
  0.27712500000000001       0.90110946813103021       -5.3577734218751248E-003   2.3524886785813220E-003   2.1965406208044893        2.4375746784599683     
  0.27787499999999998       0.90114085683408574       -5.1645220517053834E-003   2.5638090745131858E-003   2.1969708130089276        2.4379677716985801     
  0.27862500000000001       0.90120134808184438       -4.9695574671145010E-003   2.7165797992029336E-003   2.1974136163689622        2.4382961972155544     
  0.27937499999999998       0.90122651743618998       -4.7751469649536232E-003   2.7881458030177900E-003   2.1978331926803967        2.4386945864652638     
  0.28012500000000001       0.90125771046549408       -4.5831281243699923E-003   2.8729333641770616E-003   2.1983112638736371        2.4391414421607056     
  0.28087499999999999       0.90127156433760491       -4.3895650172886729E-003   3.0062191091789498E-003   2.1987610843838454        2.4396036313800757     
  0.28162500000000001       0.90129342369972076       -4.1907136034336915E-003   3.1497498661447734E-003   2.1992260812491820        2.4400608913764037     
  0.28237499999999999       0.90132325810208824       -3.9864617036959159E-003   3.3019373298382041E-003   2.1996979747257166        2.4405041042498890     
  0.28312500000000002       0.90135507550411820       -3.7799935238835894E-003   3.4607619629790538E-003   2.2001612934514880        2.4409323066901027     
  0.28387499999999999       0.90139253990457369       -3.5726278175346260E-003   3.6366818468541715E-003   2.2006235373482492        2.4413438361541471     
  0.28462500000000002       0.90143031345325209       -3.3659641388582040E-003   3.7847897436910491E-003   2.2010699651882950        2.4417369845876844     
  0.28537499999999999       0.90147603090892636       -3.1618177948705027E-003   3.9326333514804026E-003   2.2015172124215598        2.4421094007580169     
  0.28612500000000002       0.90152793131311093       -2.9573031731552654E-003   4.0890215519668099E-003   2.2019493983277263        2.4424482017604499     
  0.28687499999999999       0.90159287223459306       -2.7594704336236192E-003   4.2241937301449838E-003   2.2023850915586372        2.4427555283158000     
  0.28762500000000002       0.90165670814984455       -2.5637241798421792E-003   4.3765986181103222E-003   2.2027710694868370        2.4430104971168598     
  0.28837499999999999       0.90174771740525250       -2.3684748285214938E-003   4.5289053160129187E-003   2.2031988833039766        2.4432381224020574     
  0.28912499999999997       0.90183524024019524       -2.1671317249678341E-003   4.6920303389233267E-003   2.2035483123701507        2.4433881095617256     
  0.28987499999999999       0.90196474294019402       -1.9629675398668408E-003   4.8548445112796372E-003   2.2039714093614293        2.4435059407068995     
  0.29062499999999997       0.90209195942941989       -1.7624382721682097E-003   5.0328789863908147E-003   2.2043051085374215        2.4435306448757776     
  0.29137500000000000       0.90224267705744188       -1.5549693285540286E-003   5.2120915239367684E-003   2.2046290601541165        2.4434808079989150     
  0.29212499999999997       0.90240248014011948       -1.4077128240718435E-003   5.4759378421035398E-003   2.2048742723645391        2.4433183733647130     
  0.29287500000000000       0.90258533980114575       -1.2078802331873841E-003   5.7133201569191314E-003   2.2050691906339788        2.4430380183044731     
  0.29362499999999997       0.90285210034552210       -1.0352345191322625E-003   5.9282738454942783E-003   2.2053678034612716        2.4426456405184229     
  0.29437500000000000       0.90315808754685112       -8.5405870737374843E-004   6.2010055704051197E-003   2.2056135923590166        2.4420884130603313     
  0.29512499999999997       0.90353728282672940       -6.8592880119428055E-004   6.5999628878092159E-003   2.2057846909456091        2.4412499268348364     
  0.29587500000000000       0.90403006871627689       -5.2164560671179977E-004   6.3849173215316211E-003   2.2060101944738824        2.4401704908363278     
  0.29662499999999997       0.90463798612892410       -3.2192982991441365E-004   6.3763567055835435E-003   2.2061623907579646        2.4386991209438493     
  0.29737500000000000       0.90451978563430424       -1.3680756202695272E-004   4.6576465803804153E-003   2.2063097664604263        2.4391923751564404     
  0.29812499999999997       0.90125745726415030       -4.7419753448993620E-005   9.1274624240184684E-005   2.2063379886547887        2.4480662711883965     
  0.29887500000000000       0.89506673882236232       -4.5292049942631017E-005  -5.5569647257581890E-003   2.2064551334342122        2.4651099036043473     
  0.29962499999999997       0.88965983704581930       -2.1418268360555834E-005  -8.9256730082697966E-003   2.2065522964604916        2.4801698695494943     
