   1.0606601717798214E-003  0.36498157704576467     
   3.1819805153394639E-003  0.40375289735132103     
   5.3033008588991067E-003  0.47782698324502393     
   7.4246212024587487E-003  0.43762709188012594     
   9.5459415460183925E-003  0.42282213477180203     
   1.1667261889578034E-002  0.41828410697384694     
   1.3788582233137676E-002  0.40957784296513777     
   1.5909902576697318E-002  0.40744713886135842     
   1.8031222920256960E-002  0.41007648509137073     
   2.0152543263816602E-002  0.41444860966686647     
   2.2273863607376244E-002  0.41793244846619859     
   2.4395183950935893E-002  0.42131710801272482     
   2.6516504294495528E-002  0.42113335049370498     
   2.8637824638055177E-002  0.41884534432384568     
   3.0759144981614812E-002  0.41772388484805734     
   3.2880465325174454E-002  0.41732906108126022     
   3.5001785668734103E-002  0.41616109215566394     
   3.7123106012293738E-002  0.41140204347675763     
   3.9244426355853387E-002  0.73983563351332871     
   4.1365746699413022E-002  0.71450012002284891     
   4.3487067042972671E-002  0.69977344525963003     
   4.5608387386532320E-002  0.71683137214432957     
   4.7729707730091955E-002  0.71920995883207384     
   4.9851028073651604E-002  0.72160856428195441     
   5.1972348417211239E-002  0.71719074961188811     
   5.4093668760770888E-002  0.69851435144891227     
   5.6214989104330523E-002  0.68315944200620393     
   5.8336309447890172E-002  0.67237942906828319     
   6.0457629791449821E-002  0.67300236807619362     
   6.2578950135009442E-002  0.67768404418827721     
   6.4700270478569105E-002  0.67848718335098612     
   6.6821590822128740E-002  0.68099873004983347     
   6.8942911165688375E-002  0.67955450762050940     
   7.1064231509248038E-002  0.69440135809149417     
   7.3185551852807673E-002  0.67954043623286986     
   7.5306872196367308E-002  0.73946606791203817     
   7.7428192539926943E-002  0.73023633065161342     
   7.9549512883486606E-002  0.74729361985165021     
   8.1670833227046241E-002  0.78516545323300568     
   8.3792153570605876E-002  0.81363312464817406     
   8.5913473914165511E-002  0.83062471065277599     
   8.8034794257725174E-002  0.83669429302261700     
   9.0156114601284809E-002  0.83787247653640540     
   9.2277434944844444E-002  0.83331199897863040     
   9.4398755288404107E-002  0.82460651217088865     
   9.6520075631963742E-002  0.81937468054519969     
   9.8641395975523377E-002  0.81930379178397805     
  0.10076271631908304       0.81951203846847176     
  0.10288403666264265       0.81675016756812435     
  0.10500535700620231       0.81163231878498476     
  0.10712667734976195       0.81276820479769385     
  0.10924799769332158       0.83059998515179068     
  0.11136931803688124       0.85251783479076193     
  0.11349063838044088       0.87080038911102298     
  0.11561195872400051       0.89586463880274303     
  0.11773327906756018       0.89514301057779799     
  0.11985459941111981       0.87011911457905566     
  0.12197591975467945       0.85664676519834515     
  0.12409724009823908       0.82558680141666319     
  0.12621856044179874       0.83312478266174206     
  0.12833988078535835       0.86126362573031467     
  0.13046120112891801       0.86296182472231076     
  0.13258252147247768       0.85998500170152314     
  0.13470384181603728       0.85413084622544089     
  0.13682516215959695       0.84554814160312874     
  0.13894648250315661       0.83757387761213464     
  0.14106780284671622       0.83143441797168838     
  0.14318912319027588       0.82621590959378277     
  0.14531044353383554       0.81850627362298400     
  0.14743176387739515       0.80244873041472997     
  0.14955308422095481       0.77806116956339999     
  0.15167440456451442       0.73514961105812893     
  0.15379572490807408       0.67754868081225728     
  0.15591704525163375       0.67291642230650051     
  0.15803836559519335       0.71640165859168281     
  0.16015968593875302       0.75357477652866334     
  0.16228100628231268       0.77367287425707254     
  0.16440232662587229       0.78324257524949858     
  0.16652364696943195       0.78599752735604000     
  0.16864496731299156       0.78382410925566570     
  0.17076628765655122       0.77833273829997895     
  0.17288760800011088       0.77664361247961389     
  0.17500892834367049       0.79305361484682757     
  0.17713024868723015       0.82141433444180723     
  0.17925156903078981       0.84044555275528832     
  0.18137288937434942       0.84869873755826930     
  0.18349420971790908       0.85629057926469399     
  0.18561553006146875       0.86735987528000202     
  0.18773685040502835       0.87699197682309105     
  0.18985817074858802       0.87640915694393462     
  0.19197949109214768       0.85690246988934327     
  0.19410081143570729       0.82725068246299860     
  0.19622213177926695       0.80818114502781424     
  0.19834345212282661       0.79795745427308140     
  0.20046477246638622       0.78490273697236923     
  0.20258609280994588       0.77137133471495634     
  0.20470741315350549       0.76519135028225294     
  0.20682873349706515       0.76564227325228618     
  0.20895005384062476       0.76918573767610732     
  0.21107137418418442       0.77535145388973725     
  0.21319269452774409       0.78544088216953378     
  0.21531401487130369       0.79985461338779995     
  0.21743533521486336       0.81590657448688009     
  0.21955665555842302       0.82946664385330315     
  0.22167797590198263       0.83940368851217562     
  0.22379929624554229       0.85356287446478729     
  0.22592061658910195       0.87124764908335983     
  0.22804193693266156       0.87844929271276762     
  0.23016325727622122       0.86583804017157573     
  0.23228457761978089       0.83761342227616642     
  0.23440589796334049       0.80528517074927741     
  0.23652721830690016       0.78059012039370435     
  0.23864853865045982       0.77402028538028078     
  0.24076985899401943       0.76404336564043673     
  0.24289117933757909       0.77619262691493118     
  0.24501249968113875       0.78464935116923740     
  0.24713382002469836       0.80076168624587074     
  0.24925514036825797       0.81703277728572643     
  0.25137646071181763       0.88608884707056679     
  0.25349778105537724       0.89458614869003439     
  0.25561910139893695       0.89711770673137425     
  0.25774042174249656       0.90026017118831869     
  0.25986174208605617       0.90252165880654567     
  0.26198306242961589       0.90364550576770541     
  0.26410438277317549       0.90365555240242179     
  0.26622570311673510       0.90309461337193286     
  0.26834702346029482       0.90302856178895696     
  0.27046834380385443       0.90322017492509754     
  0.27258966414741403       0.89912263388070301     
  0.27471098449097375       0.88687211727471615     
  0.27683230483453336       0.86927296534958864     
  0.27895362517809297       0.85483558494374523     
  0.28107494552165269       0.84319864020508539     
  0.28319626586521229       0.82093528637687130     
  0.28531758620877190       0.80778027361331495     
  0.28743890655233162       0.80966760536488647     
  0.28956022689589123       0.81099512749211233     
  0.29168154723945083       0.80998924627494329     
  0.29380286758301044       0.80959818347111367     
  0.29592418792657016       0.81038144881874041     
  0.29804550827012977       0.81224549074602015     
  0.30016682861368937       0.81307113180080093     
  0.30228814895724909       0.80912328687184787     
  0.30440946930080870       0.80043442917987018     
  0.30653078964436831       0.79695265301623497     
  0.30865210998792802       0.81654305499519342     
  0.31077343033148763       0.86662307528612448     
  0.31289475067504724       0.92348033789430772     
  0.31501607101860696       0.95019269717868493     
  0.31713739136216657       0.94237384026390858     
  0.31925871170572617       0.92677562797264990     
  0.32138003204928589       0.92349809484542877     
  0.32350135239284550       0.93209341598817419     
  0.32562267273640511       0.94176168684493633     
  0.32774399307996482       0.94409595783388744     
  0.32986531342352443       0.93955305649679088     
  0.33198663376708404       0.93611551132895410     
  0.33410795411064376       0.94288424167867257     
  0.33622927445420336       0.96190265256487661     
  0.33835059479776297       0.98285691572414935     
  0.34047191514132258       0.99169262305069483     
  0.34259323548488230       0.98805475214264793     
  0.34471455582844190       0.98329331199984060     
  0.34683587617200151       0.98536500826326145     
  0.34895719651556123       0.99406707744065193     
  0.35107851685912084        1.0045115983809709     
  0.35319983720268044        1.0123624425839595     
  0.35532115754624016        1.0172234830330882     
  0.35744247788979977        1.0203707429394628     
  0.35956379823335949        1.0212708849959382     
  0.36168511857691910        1.0193664941600555     
  0.36380643892047870        1.0160574961964803     
  0.36592775926403842        1.0116892898055407     
  0.36804907960759803        1.0073600226159265     
  0.37017039995115764        1.0060647527386686     
  0.37229172029471735        1.0057049031797320     
  0.37441304063827696        1.0047625209325524     
  0.37653436098183657        1.0035336452239791     
  0.37865568132539629        1.0012791837727613     
  0.38077700166895589       0.99877858960935284     
  0.38289832201251550       0.99933184070958503     
  0.38501964235607522        1.0026847579825593     
  0.38714096269963483        1.0032932963415813     
  0.38926228304319443       0.99963036801244320     
  0.39138360338675415       0.99518579104008575     
  0.39350492373031376       0.99281681894773222     
  0.39562624407387337       0.99544071062692940     
  0.39774756441743309        1.0052946927997124     
  0.39986888476099269        1.0163920954485746     
  0.40199020510455230        1.0201594977898840     
  0.40411152544811202        1.0179134347343832     
  0.40623284579167163        1.0146332078530333     
  0.40835416613523123        1.0111009321645597     
  0.41047548647879084        1.0039761681878325     
  0.41259680682235045       0.99594809172256071     
  0.41471812716591017       0.99753075345005882     
  0.41683944750946977       0.99287287823312198     
  0.41896076785302938       0.98774334028057309     
  0.42108208819658910       0.97475191132636874     
  0.42320340854014871       0.92978198737361195     
