   3.7500000000000001E-004  0.81286065220801784     
   1.1250000000000001E-003  0.81321342986258405     
   1.8750000000000004E-003  0.81395395618552147     
   2.6250000000000002E-003  0.81557517578446159     
   3.3750000000000000E-003  0.81827445211044425     
   4.1250000000000002E-003  0.82045631224740712     
   4.8750000000000000E-003  0.82253637467367646     
   5.6249999999999998E-003  0.82446988039619451     
   6.3749999999999996E-003  0.82608827231684168     
   7.1249999999999994E-003  0.82740173227508529     
   7.8750000000000001E-003  0.82834933845346503     
   8.6250000000000007E-003  0.82850689274741107     
   9.3749999999999997E-003  0.82806776772742829     
   1.0125000000000000E-002  0.82950692453622632     
   1.0874999999999999E-002  0.83819782456784420     
   1.1625000000000000E-002  0.85339166342956208     
   1.2375000000000001E-002  0.86615443105052048     
   1.3125000000000000E-002  0.87068680984811220     
   1.3875000000000000E-002  0.87082116771664886     
   1.4624999999999999E-002  0.87037169311843887     
   1.5375000000000000E-002  0.87082424069109887     
   1.6125000000000000E-002  0.87168245175051151     
   1.6875000000000001E-002  0.87319627413518452     
   1.7625000000000002E-002  0.87491798802405629     
   1.8374999999999999E-002  0.87628336939320806     
   1.9125000000000000E-002  0.87704010969795054     
   1.9875000000000000E-002  0.87755725768437287     
   2.0625000000000001E-002  0.87825873461621518     
   2.1375000000000002E-002  0.87891869153290991     
   2.2124999999999999E-002  0.87921083065908856     
   2.2875000000000000E-002  0.87940822257514739     
   2.3625000000000000E-002  0.87957103719353547     
   2.4375000000000001E-002  0.87943131483638348     
   2.5125000000000001E-002  0.87919191177603839     
   2.5874999999999999E-002  0.87913914150719263     
   2.6624999999999999E-002  0.87915207502276871     
   2.7375000000000000E-002  0.87925252142150412     
   2.8125000000000001E-002  0.87986203379591754     
   2.8875000000000001E-002  0.88087830178638671     
   2.9624999999999999E-002  0.88153010461826331     
   3.0374999999999999E-002  0.88153704827383184     
   3.1125000000000000E-002  0.88136506091105082     
   3.1875000000000001E-002  0.88143058941504127     
   3.2625000000000001E-002  0.88160016387905893     
   3.3375000000000002E-002  0.88133528169884534     
   3.4125000000000003E-002  0.88040120584004877     
   3.4875000000000003E-002  0.87929176879779303     
   3.5625000000000004E-002  0.87851083428471899     
   3.6374999999999998E-002  0.87789691367054468     
   3.7124999999999998E-002  0.87711657319015091     
   3.7874999999999999E-002  0.87637446861995394     
   3.8625000000000000E-002  0.87631504749956024     
   3.9375000000000000E-002  0.87723237751568317     
   4.0125000000000001E-002  0.87845197823614640     
   4.0875000000000002E-002  0.87905678953050714     
   4.1625000000000002E-002  0.87901295702260196     
   4.2375000000000003E-002  0.87880332263922956     
   4.3125000000000004E-002  0.87844184687870386     
   4.3874999999999997E-002  0.87768852122532803     
   4.4624999999999998E-002  0.87695570320082061     
   4.5374999999999999E-002  0.87705399709905052     
   4.6124999999999999E-002  0.87795874607153512     
   4.6875000000000000E-002  0.87886455944222097     
   4.7625000000000001E-002  0.87933371988570941     
   4.8375000000000001E-002  0.87951963042354597     
   4.9125000000000002E-002  0.87963714816101690     
   4.9875000000000003E-002  0.87968153313150321     
   5.0625000000000003E-002  0.87953124001283578     
   5.1375000000000004E-002  0.87914338660946356     
   5.2124999999999998E-002  0.87866534126052986     
   5.2874999999999998E-002  0.87830206882453743     
   5.3624999999999999E-002  0.87816545814503533     
   5.4375000000000000E-002  0.87829485114385930     
   5.5125000000000000E-002  0.87863005763818791     
   5.5875000000000001E-002  0.87900568472891516     
   5.6625000000000002E-002  0.87932293944463003     
   5.7375000000000002E-002  0.87955078985838386     
   5.8125000000000003E-002  0.87952139741037283     
   5.8875000000000004E-002  0.87915582700747463     
   5.9624999999999997E-002  0.87873081195523295     
   6.0374999999999998E-002  0.87839666103467717     
   6.1124999999999999E-002  0.87790585434336854     
   6.1874999999999999E-002  0.87729979843189809     
   6.2625000000000000E-002  0.87719646849005639     
   6.3375000000000001E-002  0.87785684081662008     
   6.4125000000000001E-002  0.87869807975384573     
   6.4875000000000002E-002  0.87912869345631228     
   6.5625000000000003E-002  0.87907386476680283     
   6.6375000000000003E-002  0.87872590357522684     
   6.7125000000000004E-002  0.87831760669414272     
   6.7875000000000005E-002  0.87807521999523863     
   6.8625000000000005E-002  0.87811958181905880     
   6.9375000000000006E-002  0.87833290110186613     
   7.0125000000000007E-002  0.87838804916679336     
   7.0875000000000007E-002  0.87805228803958690     
   7.1625000000000008E-002  0.87747658210643809     
   7.2374999999999995E-002  0.87701530131976879     
   7.3124999999999996E-002  0.87685203991267213     
   7.3874999999999996E-002  0.87685670933455806     
   7.4624999999999997E-002  0.87666440717622773     
   7.5374999999999998E-002  0.87610025906890876     
   7.6124999999999998E-002  0.87540702835422790     
   7.6874999999999999E-002  0.87493471302761328     
   7.7625000000000000E-002  0.87477327726124332     
   7.8375000000000000E-002  0.87463641185737029     
   7.9125000000000001E-002  0.87423300651626756     
   7.9875000000000002E-002  0.87369351968200459     
   8.0625000000000002E-002  0.87330183281400930     
   8.1375000000000003E-002  0.87305238223731219     
   8.2125000000000004E-002  0.87272103249799982     
   8.2875000000000004E-002  0.87223282899809862     
   8.3625000000000005E-002  0.87184926895036197     
   8.4375000000000006E-002  0.87177128132658099     
   8.5125000000000006E-002  0.87179785697012802     
   8.5875000000000007E-002  0.87160175106194715     
   8.6625000000000008E-002  0.87116429491677039     
   8.7375000000000008E-002  0.87076063627657785     
   8.8124999999999995E-002  0.87051045295370733     
   8.8874999999999996E-002  0.87024301745887156     
   8.9624999999999996E-002  0.86973280135619835     
   9.0374999999999997E-002  0.86899001168430501     
   9.1124999999999998E-002  0.86859473342689952     
   9.1874999999999998E-002  0.86929887342220447     
   9.2624999999999999E-002  0.87102531384422455     
   9.3375000000000000E-002  0.87299003498414229     
   9.4125000000000000E-002  0.87469000771875471     
   9.4875000000000001E-002  0.87602526427256644     
   9.5625000000000002E-002  0.87694301463241020     
   9.6375000000000002E-002  0.87742482272069133     
   9.7125000000000003E-002  0.87753160694714505     
   9.7875000000000004E-002  0.87739993549346718     
   9.8625000000000004E-002  0.87726904216215984     
   9.9375000000000005E-002  0.87740483401186420     
  0.10012500000000001       0.87787186922058624     
  0.10087500000000001       0.87850245444555486     
  0.10162500000000001       0.87907860781458202     
  0.10237500000000001       0.87948473162699781     
  0.10312500000000001       0.87979857986785182     
  0.10387500000000000       0.88016612211779410     
  0.10462500000000000       0.88057345313762392     
  0.10537500000000000       0.88091675520519308     
  0.10612500000000000       0.88111648586757885     
  0.10687500000000000       0.88108166042429503     
  0.10762500000000000       0.88081928777714824     
  0.10837500000000000       0.88046730215050750     
  0.10912500000000000       0.88014673829888912     
  0.10987500000000000       0.87993512382801176     
  0.11062500000000000       0.87979296136154539     
  0.11137500000000000       0.87962465642175980     
  0.11212500000000000       0.87948572636655142     
  0.11287500000000000       0.87943943183279694     
  0.11362500000000000       0.87942376465080818     
  0.11437500000000000       0.87938543264218061     
  0.11512500000000001       0.87930923588883891     
  0.11587500000000001       0.87911108525634896     
  0.11662500000000001       0.87870935036681153     
  0.11737500000000001       0.87826900250110562     
  0.11812500000000001       0.87810735982096655     
  0.11887500000000001       0.87822960419527152     
  0.11962500000000000       0.87831114485528172     
  0.12037500000000000       0.87828852075403085     
  0.12112500000000000       0.87847613639919997     
  0.12187500000000000       0.87897141768379072     
  0.12262500000000000       0.87945452091774157     
  0.12337500000000000       0.87966762398550591     
  0.12412500000000000       0.87969319718508132     
  0.12487500000000000       0.87973474381638539     
  0.12562500000000001       0.87991490029147190     
  0.12637500000000002       0.88030570176960288     
  0.12712500000000002       0.88095549978261400     
  0.12787500000000002       0.88177756802444096     
  0.12862500000000002       0.88249946764838560     
  0.12937500000000002       0.88283256458461956     
  0.13012500000000002       0.88272790285405911     
  0.13087500000000002       0.88244389195730832     
  0.13162500000000002       0.88218477149332652     
  0.13237500000000002       0.88173587391214836     
  0.13312500000000002       0.88086779951674454     
  0.13387500000000002       0.87983046520420138     
  0.13462500000000002       0.87896670766712937     
  0.13537500000000002       0.87839772606441002     
  0.13612500000000002       0.87848392847376977     
  0.13687500000000002       0.87942328894647381     
  0.13762500000000003       0.88028588215274417     
  0.13837500000000003       0.88009565712568127     
  0.13912500000000003       0.87946385713183539     
  0.13987500000000003       0.87944055254768283     
  0.14062500000000003       0.87979212342102830     
  0.14137500000000003       0.87953364050101968     
  0.14212500000000003       0.87859954903899551     
  0.14287500000000003       0.87796822615173653     
  0.14362500000000003       0.87860121374894939     
  0.14437500000000000       0.88042594500930804     
  0.14512500000000000       0.88197471934629124     
  0.14587500000000000       0.88219845797465446     
  0.14662500000000001       0.88186976991787158     
  0.14737500000000001       0.88137367101971908     
  0.14812500000000001       0.87840388466115216     
  0.14887500000000001       0.87171996181999112     
  0.14962500000000001       0.86791201794563078     
  0.15037500000000001       0.87502105631090288     
  0.15112500000000001       0.88766177498959886     
  0.15187500000000001       0.89166639234099199     
  0.15262500000000001       0.88354711688105725     
  0.15337500000000001       0.87491636655162619     
  0.15412500000000001       0.87482981843258623     
  0.15487500000000001       0.87895402580804438     
  0.15562500000000001       0.88065490190304407     
  0.15637500000000001       0.87979975493411111     
  0.15712500000000001       0.87869395029573294     
  0.15787500000000002       0.87805767452629646     
  0.15862500000000002       0.87767409814862818     
  0.15937500000000002       0.87736681295563601     
  0.16012500000000002       0.87700260354177995     
  0.16087500000000002       0.87657942971077429     
  0.16162500000000002       0.87629580342188218     
  0.16237500000000002       0.87627323464970219     
  0.16312500000000002       0.87632565292318532     
  0.16387500000000002       0.87609872186343618     
  0.16462500000000002       0.87545198109657130     
  0.16537500000000002       0.87465805114652928     
  0.16612500000000002       0.87411247171109707     
  0.16687500000000002       0.87392385904720005     
  0.16762500000000002       0.87391724929641379     
  0.16837500000000002       0.87382583370866074     
  0.16912500000000003       0.87340254868246814     
  0.16987500000000003       0.87275712866038724     
  0.17062500000000003       0.87259849978231807     
  0.17137500000000003       0.87352023576841642     
  0.17212500000000003       0.87496559038210520     
  0.17287500000000003       0.87562693448171713     
  0.17362500000000003       0.87503481701045316     
  0.17437500000000003       0.87422440739702767     
  0.17512500000000003       0.87457494768693400     
  0.17587500000000000       0.87625677277355929     
  0.17662500000000000       0.87819066257329381     
  0.17737500000000000       0.87933816098478290     
  0.17812500000000001       0.87948347007815519     
  0.17887500000000001       0.87901608167280187     
  0.17962500000000001       0.87854954048201905     
  0.18037500000000001       0.87847725739123028     
  0.18112500000000001       0.87863988235320156     
  0.18187500000000001       0.87873273516379358     
  0.18262500000000001       0.87875971325886959     
  0.18337500000000001       0.87879661791655850     
  0.18412500000000001       0.87875557865839660     
  0.18487500000000001       0.87866371149819256     
  0.18562500000000001       0.87880075209404218     
  0.18637500000000001       0.87946097518116728     
  0.18712500000000001       0.88063443075238801     
  0.18787500000000001       0.88170584392331774     
  0.18862500000000001       0.88195299565341179     
  0.18937500000000002       0.88170728537956367     
  0.19012500000000002       0.88205785735271769     
  0.19087500000000002       0.88329609057762015     
  0.19162500000000002       0.88465147436356972     
  0.19237500000000002       0.88537656662900799     
  0.19312500000000002       0.88538324452536876     
  0.19387500000000002       0.88518336364834282     
  0.19462500000000002       0.88537514276688811     
  0.19537500000000002       0.88602533012388773     
  0.19612500000000002       0.88674281912773423     
  0.19687500000000002       0.88732420898155817     
  0.19762500000000002       0.88782802691370044     
  0.19837500000000002       0.88828570479100344     
  0.19912500000000002       0.88867015584741504     
  0.19987500000000002       0.88908716097255147     
  0.20062500000000003       0.88981008228090519     
  0.20137500000000003       0.89067877788059713     
  0.20212500000000003       0.89099353375201473     
  0.20287500000000003       0.89055331914043057     
  0.20362500000000003       0.89003790887252421     
  0.20437500000000003       0.89001320600929867     
  0.20512500000000003       0.89025651948897822     
  0.20587500000000003       0.89020826247092644     
  0.20662500000000003       0.88979258881895151     
  0.20737500000000003       0.88942128238722906     
  0.20812500000000000       0.88917181437487836     
  0.20887500000000001       0.88880310166142595     
  0.20962500000000001       0.88836278239037836     
  0.21037500000000001       0.88807944167092212     
  0.21112500000000001       0.88810710375659441     
  0.21187500000000001       0.88839809121976154     
  0.21262500000000001       0.88881210826548807     
  0.21337500000000001       0.88931024491007094     
  0.21412500000000001       0.89012252331565489     
  0.21487500000000001       0.89064148072939997     
  0.21562500000000001       0.88938614276081451     
  0.21637500000000001       0.88859506440753222     
  0.21712500000000001       0.89752990151382528     
  0.21787500000000001       0.92248610330043235     
  0.21862500000000001       0.95237079813232484     
  0.21937500000000001       0.96922378690821620     
  0.22012500000000002       0.97186556654939515     
  0.22087500000000002       0.97067342344093188     
  0.22162500000000002       0.97053728299437902     
  0.22237500000000002       0.97054192606257406     
  0.22312500000000002       0.97005469926997256     
  0.22387500000000002       0.96920579113999816     
  0.22462500000000002       0.96841807125676027     
  0.22537500000000002       0.96814334684232239     
  0.22612500000000002       0.96759369829906872     
  0.22687500000000002       0.96709442167686155     
  0.22762500000000002       0.96687843835031773     
  0.22837500000000002       0.96720885417499525     
  0.22912500000000002       0.96767027471531386     
  0.22987500000000002       0.96792155640515998     
  0.23062500000000002       0.96762021788380115     
  0.23137500000000003       0.96730705916180537     
  0.23212500000000003       0.96699217976570873     
  0.23287500000000003       0.96612857309414513     
  0.23362500000000003       0.96464806080870047     
  0.23437500000000003       0.96305312446547420     
  0.23512500000000003       0.96169198126070310     
  0.23587500000000003       0.96071562835489477     
  0.23662500000000003       0.96011562315037347     
  0.23737500000000003       0.95976534630220178     
  0.23812500000000003       0.95897870495814053     
  0.23887500000000003       0.95728938634917848     
  0.23962500000000000       0.95505328635809494     
  0.24037500000000001       0.95274675515493268     
  0.24112500000000001       0.95027470278512371     
  0.24187500000000001       0.94692916102094427     
  0.24262500000000001       0.94215446592824037     
  0.24337500000000001       0.93612896901398623     
  0.24412500000000001       0.92908519304226056     
  0.24487500000000001       0.92142612087594111     
  0.24562500000000001       0.91315227402099763     
  0.24637500000000001       0.90437576454021706     
  0.24712500000000001       0.89508944691484282     
  0.24787500000000001       0.88591997578623549     
  0.24862500000000001       0.87801129299389025     
  0.24937500000000001       0.87239429407151781     
  0.25012499999999999       0.86916110053909890     
  0.25087500000000001       0.86799435067624309     
  0.25162499999999999       0.86824086972439918     
  0.25237500000000002       0.86904551539273878     
  0.25312499999999999       0.86974904475950710     
  0.25387500000000002       0.87016457526285473     
  0.25462499999999999       0.87036712469730237     
  0.25537500000000002       0.87048068506777276     
  0.25612499999999999       0.87034665186050186     
  0.25687499999999996       0.86944384924100204     
  0.25762499999999999       0.86780651030426958     
  0.25837499999999997       0.86657310744139715     
  0.25912499999999999       0.86755031414954453     
  0.25987499999999997       0.87146991289297759     
  0.26062500000000000       0.87700121916997653     
  0.26137499999999997       0.88229523767329032     
  0.26212500000000000       0.88631954541910385     
  0.26287499999999997       0.88937218753030045     
  0.26362500000000000       0.89226678879089738     
  0.26437499999999997       0.89506012600064266     
  0.26512500000000000       0.89704678061050613     
  0.26587499999999997       0.89786410844983477     
  0.26662500000000000       0.89813250269831968     
  0.26737499999999997       0.89853663214855761     
  0.26812500000000000       0.89918057745668012     
  0.26887499999999998       0.89977238560491368     
  0.26962500000000000       0.90006377338869314     
  0.27037499999999998       0.90015571625481683     
  0.27112500000000000       0.90010725523159885     
  0.27187499999999998       0.89987717107615572     
  0.27262500000000001       0.89968133259329375     
  0.27337499999999998       0.89971393011785883     
  0.27412500000000001       0.89999505075073638     
  0.27487499999999998       0.90014366226503340     
  0.27562500000000001       0.90000210434573613     
  0.27637499999999998       0.89934699435537624     
  0.27712500000000001       0.89848306351902796     
  0.27787499999999998       0.89780173707081068     
  0.27862500000000001       0.89725643371758568     
  0.27937499999999998       0.89670862735435730     
  0.28012500000000001       0.89624020865592346     
  0.28087499999999999       0.89613771558284561     
  0.28162500000000001       0.89659321797857594     
  0.28237499999999999       0.89725865824066275     
  0.28312500000000002       0.89770013717590880     
  0.28387499999999999       0.89775962541131626     
  0.28462500000000002       0.89748552463170339     
  0.28537499999999999       0.89715714472638308     
  0.28612500000000002       0.89709914925417666     
  0.28687499999999999       0.89741310591453560     
  0.28762500000000002       0.89786409147056068     
  0.28837499999999999       0.89816840659454267     
  0.28912499999999997       0.89827635587995291     
  0.28987499999999999       0.89804574909002111     
  0.29062499999999997       0.89781811531972666     
  0.29137500000000000       0.89837216901089612     
  0.29212499999999997       0.89974909021413974     
  0.29287500000000000       0.90099836843531822     
  0.29362499999999997       0.90175080543185127     
  0.29437500000000000       0.90247936381904104     
  0.29512499999999997       0.90388543166783042     
  0.29587500000000000       0.90601661174950843     
  0.29662499999999997       0.90774956382782013     
  0.29737500000000000       0.90826694641444972     
  0.29812499999999997       0.90783278110180654     
  0.29887500000000000       0.90708464740773598     
  0.29962499999999997       0.89775324145587032     
