   3.7500000000000001E-004  0.82367003915100057        6.8973940978058759E-004  0.11787520794014175        1.9784657960051428        2.3917720302932604     
   1.1250000000000001E-003  0.82300650258478791        1.8047470698367468E-003  0.11874620005636508        1.9781979927860933        2.3932125121311723     
   1.8750000000000004E-003  0.82277466706912938        2.2972619547942134E-003  0.11950062773667412        1.9779022482682485        2.3933902242875873     
   2.6250000000000002E-003  0.82315194625042631        2.1609436882741380E-003  0.11955061255492533        1.9780896087594035        2.3925173286914978     
   3.3750000000000000E-003  0.82440790188968283        1.7113807226177206E-003  0.11781983081299749        1.9787539118212190        2.3899977799308321     
   4.1250000000000002E-003  0.82571479821770566        1.4787370053770711E-003  0.11430160047432104        1.9790016995004893        2.3871306892617992     
   4.8750000000000000E-003  0.82607500593865879        1.8803652407084264E-003  0.11093620118323658        1.9780647232519863        2.3855141287830093     
   5.6249999999999998E-003  0.82670772528383485        2.6196371267664005E-003  0.10915667560175757        1.9771776515148500        2.3829063606151561     
   6.3749999999999996E-003  0.82843496108263959        2.6621234217598928E-003  0.10819564308274048        1.9795368584681325        2.3809560983338689     
   7.1249999999999994E-003  0.83147986954539443        1.6876635117824197E-003  0.10717823291359395        1.9856411643472787        2.3797711239765849     
   7.8750000000000001E-003  0.83368260039204301        1.5409477732932747E-003  0.10707140651353625        1.9884631986712233        2.3769070911530892     
   8.6250000000000007E-003  0.83175342622960358        4.4703960131246166E-003  0.10925405988744039        1.9798017243408654        2.3716334373073882     
   9.3749999999999997E-003  0.82802947606568100        8.2497790484209292E-003  0.11186679977903449        1.9680414397975954        2.3676013911027476     
   1.0125000000000000E-002  0.83215061618967434        5.0351833142180356E-003  0.10917071337457915        1.9827510083996904        2.3740590059358140     
   1.0874999999999999E-002  0.84937005620759920       -9.4485703362264042E-003   9.8002624727621529E-002   2.0401995081734725        2.3952964138723134     
   1.1625000000000000E-002  0.86873939988953386       -2.5921648024222168E-002   8.5249832791787328E-002   2.1049794233282038        2.4177675043916338     
   1.2375000000000001E-002  0.87614560111062378       -3.1722247937990437E-002   8.0642680333570402E-002   2.1297617394501396        2.4259394560470957     
   1.3125000000000000E-002  0.87363857358012731       -2.8515171082729721E-002   8.2796140416471403E-002   2.1212359259968676        2.4230239675275800     
   1.3875000000000000E-002  0.87117657200694709       -2.5343386756724460E-002   8.4602910431387762E-002   2.1131094329684008        2.4204424578450490     
   1.4624999999999999E-002  0.87161946755233766       -2.4726827695487966E-002   8.4195679417151587E-002   2.1145620268787937        2.4209472732598600     
   1.5375000000000000E-002  0.87267499312354380       -2.4559999250777280E-002   8.3378517288922371E-002   2.1174189436963400        2.4213942393454531     
   1.6125000000000000E-002  0.87311512374440858       -2.4003823548742434E-002   8.3038490704980761E-002   2.1182617327909625        2.4211962286028732     
   1.6875000000000001E-002  0.87310670222738807       -2.3570122967248738E-002   8.2970361328410819E-002   2.1190238106111332        2.4221133208393999     
   1.7625000000000002E-002  0.87308566360701911       -2.3383331473463893E-002   8.3035936142686784E-002   2.1206685035872312        2.4240539515221124     
   1.8374999999999999E-002  0.87349964584371076       -2.3114608851807290E-002   8.3153075755712152E-002   2.1227462978206026        2.4252815510511283     
   1.9125000000000000E-002  0.87446885211604308       -2.2586439746893384E-002   8.3074170812280232E-002   2.1251117248628981        2.4253282714588966     
   1.9875000000000000E-002  0.87573840921076718       -2.1914909035180532E-002   8.2664642026029078E-002   2.1279067962901186        2.4250746993747323     
   2.0625000000000001E-002  0.87692276027779659       -2.1342636435775251E-002   8.2129248172601810E-002   2.1308323638379578        2.4252155196907683     
   2.1375000000000002E-002  0.87766347846643167       -2.1113687501751049E-002   8.1829308806457154E-002   2.1331631519309693        2.4258665730262865     
   2.2124999999999999E-002  0.87773553459081743       -2.1374704177021270E-002   8.1981214164620023E-002   2.1342403398408853        2.4268716946224886     
   2.2875000000000000E-002  0.87722195586532459       -2.2072315981097403E-002   8.2508663973746829E-002   2.1339048718102998        2.4278313154959599     
   2.3625000000000000E-002  0.87659214346264624       -2.2962537821547228E-002   8.3072343884977751E-002   2.1327198260484481        2.4281335545139724     
   2.4375000000000001E-002  0.87638128061380971       -2.3762670434048849E-002   8.3242493393255124E-002   2.1317888867561914        2.4276116006743123     
   2.5125000000000001E-002  0.87678303064375007       -2.4323373209175547E-002   8.2766791013593216E-002   2.1321655260355903        2.4269648777794584     
   2.5874999999999999E-002  0.87766732524368407       -2.4668404804710099E-002   8.1771517617158701E-002   2.1342245404315983        2.4269657911069435     
   2.6624999999999999E-002  0.87882872224407260       -2.4879527312547875E-002   8.0673225176036450E-002   2.1374291073487584        2.4275198721391327     
   2.7375000000000000E-002  0.88004111543710739       -2.4962436499252012E-002   7.9834501636868269E-002   2.1406308534204914        2.4279043563805973     
   2.8125000000000001E-002  0.88099666750494032       -2.4820999354255996E-002   7.9313091746672601E-002   2.1426679322326398        2.4276461177038726     
   2.8875000000000001E-002  0.88141952334250040       -2.4331613833944617E-002   7.8951554733155876E-002   2.1428687906927149        2.4267637888886657     
   2.9624999999999999E-002  0.88124456064962753       -2.3429500659397244E-002   7.8635322715418760E-002   2.1412146946751811        2.4254275528531166     
   3.0374999999999999E-002  0.88062459381450897       -2.2164274052197053E-002   7.8393990063215624E-002   2.1382428320571449        2.4238189249223545     
   3.1125000000000000E-002  0.87984521563054918       -2.0747671506041027E-002   7.8290104859142215E-002   2.1349485883570711        2.4222678399361142     
   3.1875000000000001E-002  0.87928219858067291       -1.9572505083398820E-002   7.8286677390420029E-002   2.1327114965377563        2.4213029034884821     
   3.2625000000000001E-002  0.87933000530662753       -1.9091243913834346E-002   7.8246688499049477E-002   2.1329095164870480        2.4214127671595675     
   3.3375000000000002E-002  0.88017346021229637       -1.9505006974631471E-002   7.8050568317250574E-002   2.1360329329628271        2.4226544995547905     
   3.4125000000000003E-002  0.88152808181120179       -2.0477346638000542E-002   7.7712513198616551E-002   2.1408984446894443        2.4244663506082582     
   3.4875000000000003E-002  0.88270608651181937       -2.1240534209813419E-002   7.7383888680972776E-002   2.1450382351257153        2.4259385081271492     
   3.5625000000000004E-002  0.88307250426997164       -2.1126216125075602E-002   7.7239619441474838E-002   2.1463371464464345        2.4264219233913402     
   3.6374999999999998E-002  0.88246155456998931       -2.0020237354392553E-002   7.7363723238116897E-002   2.1443998157307189        2.4259204742401503     
   3.7124999999999998E-002  0.88116232900494396       -1.8305167035303938E-002   7.7727088493083379E-002   2.1403447921442047        2.4248954414435069     
   3.7874999999999999E-002  0.87959514216264334       -1.6465028720679526E-002   7.8227832881709564E-002   2.1355912067464713        2.4237951744099262     
   3.8625000000000000E-002  0.87808425479633712       -1.4791962856882404E-002   7.8743506281177059E-002   2.1310230767170251        2.4227376292964702     
   3.9375000000000000E-002  0.87683830217893821       -1.3347681273362270E-002   7.9181734297720768E-002   2.1269953615551369        2.4215622906349874     
   4.0125000000000001E-002  0.87594616923605428       -1.2073340194471056E-002   7.9502968366632273E-002   2.1237123369186874        2.4202642434166184     
   4.0875000000000002E-002  0.87537564712380689       -1.0934311255644853E-002   7.9728871945933782E-002   2.1214705848852882        2.4192716171460069     
   4.1625000000000002E-002  0.87508841041627006       -1.0009371857139715E-002   7.9971501349029958E-002   2.1206065116380950        2.4190642610492956     
   4.2375000000000003E-002  0.87513678842334819       -9.4384871861132209E-003   8.0379177151293418E-002   2.1212328881351610        2.4196110857044277     
   4.3125000000000004E-002  0.87553692738218025       -9.2607425748737864E-003   8.0910645489948987E-002   2.1229830541476007        2.4204524444396678     
   4.3874999999999997E-002  0.87606175190713653       -9.3247236074746141E-003   8.1201897973474990E-002   2.1250334364623935        2.4213139272846544     
   4.4624999999999998E-002  0.87637691074014379       -9.3961858072936794E-003   8.0870906781417756E-002   2.1264998724341884        2.4221520955812519     
   4.5374999999999999E-002  0.87645096249087140       -9.3447164059780059E-003   8.0002647315110434E-002   2.1269344559643444        2.4225352016930106     
   4.6124999999999999E-002  0.87652768931181102       -9.1864170668337214E-003   7.9132923754642592E-002   2.1264913570203241        2.4219099791043277     
   4.6875000000000000E-002  0.87666439750658853       -8.9619599278098223E-003   7.8704137661451928E-002   2.1256557229073829        2.4206264305843397     
   4.7625000000000001E-002  0.87668052998868140       -8.6476245696399563E-003   7.8710533647347938E-002   2.1248508792761198        2.4196668498585123     
   4.8375000000000001E-002  0.87652769844594003       -8.1989623393269699E-003   7.8860907770507194E-002   2.1242425860374259        2.4193835502178334     
   4.9125000000000002E-002  0.87636957843652952       -7.6090992881568025E-003   7.8891634853036186E-002   2.1237918269793949        2.4193078987683130     
   4.9875000000000003E-002  0.87633540098816143       -6.8793757620502268E-003   7.8706980729515347E-002   2.1234182734216009        2.4190016560230148     
   5.0625000000000003E-002  0.87639852041551447       -5.9713592116734434E-003   7.8378364804063447E-002   2.1231187143601060        2.4185271220379669     
   5.1375000000000004E-002  0.87648194909217214       -4.8349876775117522E-003   7.8090332072491553E-002   2.1229779514737643        2.4181740207455658     
   5.2124999999999998E-002  0.87655748155231150       -3.4730837418808216E-003   7.8018549241015020E-002   2.1230995329822733        2.4181193499553992     
   5.2874999999999998E-002  0.87662956411514104       -1.9493443823273256E-003   7.8189637592920164E-002   2.1235247831198798        2.4183939257575529     
   5.3624999999999999E-002  0.87670278662153545       -3.3880483450277000E-004   7.8471459168887675E-002   2.1241970656241422        2.4189327798972555     
   5.4375000000000000E-002  0.87679026729625209        1.3070123912333742E-003   7.8692001607438153E-002   2.1249792936383569        2.4195604030477784     
   5.5125000000000000E-002  0.87691890641357828        2.9450086959520723E-003   7.8729969756094809E-002   2.1256962979418144        2.4200152834380049     
   5.5875000000000001E-002  0.87708959103235817        4.5074354558555145E-003   7.8535630188949518E-002   2.1261759313739446        2.4201042685251424     
   5.6625000000000002E-002  0.87723052566131099        5.8934136285268245E-003   7.8159993841935310E-002   2.1262819158909605        2.4198657992386603     
   5.7375000000000002E-002  0.87721537273990469        6.9967119930621144E-003   7.7774388826913676E-002   2.1259397400271540        2.4195472893712124     
   5.8125000000000003E-002  0.87694115880798007        7.7537139114777333E-003   7.7588376585142449E-002   2.1251576596914328        2.4194223292106685     
   5.8875000000000004E-002  0.87639323136045200        8.1828985404486382E-003   7.7701867030701033E-002   2.1240433054187458        2.4196450479805258     
   5.9624999999999997E-002  0.87566648261459723        8.3913210431334866E-003   7.8038044975261761E-002   2.1228038451280717        2.4201980617756700     
   6.0374999999999998E-002  0.87495099543125143        8.5431791111041343E-003   7.8406068490608369E-002   2.1217079498831097        2.4208820743860855     
   6.1124999999999999E-002  0.87446462887292731        8.8042362003537770E-003   7.8612195701290299E-002   2.1210077732824821        2.4214014629636944     
   6.1874999999999999E-002  0.87434831807999513        9.2841748820467283E-003   7.8554667229584818E-002   2.1208566086966827        2.4215503745546245     
   6.2625000000000000E-002  0.87460097953636207        1.0002311374832564E-002   7.8284169451682858E-002   2.1212653511333457        2.4213380254258681     
   6.3375000000000001E-002  0.87509143073900564        1.0895275389025096E-002   7.7987112533882741E-002   2.1221087611684286        2.4209651719470466     
   6.4125000000000001E-002  0.87562506414208507        1.1860218963373628E-002   7.7867988593917373E-002   2.1231656068580032        2.4206969752203538     
   6.4875000000000002E-002  0.87603550393918184        1.2802554285050706E-002   7.8015111096946324E-002   2.1241797538096430        2.4206922974818408     
   6.5625000000000003E-002  0.87624621021541604        1.3660211506509085E-002   7.8367866976944228E-002   2.1249339658416426        2.4209212126793491     
   6.6375000000000003E-002  0.87626198159804192        1.4402807217313454E-002   7.8797337218694335E-002   2.1253146191100072        2.4212545961395571     
   6.7125000000000004E-002  0.87613364397410720        1.5024980755587945E-002   7.9215753492293026E-002   2.1253372672893791        2.4215795121142776     
   6.7875000000000005E-002  0.87594275454756865        1.5549585259063865E-002   7.9630683751016784E-002   2.1251214406270340        2.4218065140921903     
   6.8625000000000005E-002  0.87577901309974948        1.6035169363759521E-002   8.0109749398801500E-002   2.1248336744237681        2.4218700401545332     
   6.9375000000000006E-002  0.87568797043478908        1.6568018990473596E-002   8.0689608186906264E-002   2.1246318305630312        2.4218187609147415     
   7.0125000000000007E-002  0.87564311385781846        1.7229777440718162E-002   8.1309381259326546E-002   2.1246286423398297        2.4218588981043188     
   7.0875000000000007E-002  0.87558818341905120        1.8055798916324719E-002   8.1825940275781772E-002   2.1248668271734124        2.4222086124231428     
   7.1625000000000008E-002  0.87549479310604750        1.9011177170421466E-002   8.2101816710994632E-002   2.1252947111767790        2.4229026371012647     
   7.2374999999999995E-002  0.87536762851472982        2.0001161622198331E-002   8.2104050327876488E-002   2.1257527375221721        2.4237517372979402     
   7.3124999999999996E-002  0.87521644968824241        2.0909522928042084E-002   8.1942703285343615E-002   2.1259968473890241        2.4244415281971707     
   7.3874999999999996E-002  0.87503961820627629        2.1641573217128639E-002   8.1814100531534581E-002   2.1257704751664366        2.4246652372327779     
   7.4624999999999997E-002  0.87481239221447482        2.2153220098553104E-002   8.1880740822713557E-002   2.1249003255947683        2.4242773741414658     
   7.5374999999999998E-002  0.87446269116507436        2.2463398122790773E-002   8.2170188739651540E-002   2.1233616910971014        2.4234453544836181     
   7.6124999999999998E-002  0.87389834914257691        2.2654522988695230E-002   8.2567725959158497E-002   2.1212695129367725        2.4225646925928932     
   7.6874999999999999E-002  0.87310716601513638        2.2861231482783975E-002   8.2911716715784844E-002   2.1188037060376170        2.4218879126916804     
   7.7625000000000000E-002  0.87218500740564797        2.3240894483845101E-002   8.3112438247866571E-002   2.1161300825629041        2.4213445925719470     
   7.8375000000000000E-002  0.87125364767668512        2.3923010774240389E-002   8.3194230959815665E-002   2.1133865326976018        2.4207486235130204     
   7.9125000000000001E-002  0.87040497202005174        2.4952250143752134E-002   8.3256382101175988E-002   2.1107619305741179        2.4200487141581113     
   7.9875000000000002E-002  0.86972006281881808        2.6253491238009470E-002   8.3420191233358171E-002   2.1086217518609560        2.4194277270068425     
   8.0625000000000002E-002  0.86932576901615555        2.7636610380932628E-002   8.3776555605520844E-002   2.1075627084810407        2.4192158246344806     
   8.1375000000000003E-002  0.86940636153803608        2.8847422803086196E-002   8.4327135733288705E-002   2.1082664878605453        2.4196950742549421     
   8.2125000000000004E-002  0.87006070194282747        2.9682001798990207E-002   8.4978762877994413E-002   2.1111208755437740        2.4210548039431998     
   8.2875000000000004E-002  0.87115106880906479        3.0149191072687143E-002   8.5622710726963355E-002   2.1157891350321432        2.4232991361862624     
   8.3625000000000005E-002  0.87239462465690498        3.0552389142796940E-002   8.6208361462812882E-002   2.1211048582906784        2.4258636332727699     
   8.4375000000000006E-002  0.87352619918500751        3.1339649065083873E-002   8.6728861979388477E-002   2.1255509652264144        2.4277271824488156     
   8.5125000000000006E-002  0.87427913836519777        3.2794449038503828E-002   8.7166642935548488E-002   2.1280606849005497        2.4284009759898511     
   8.5875000000000007E-002  0.87439058162663552        3.4845660516317441E-002   8.7470303845442479E-002   2.1284939195001535        2.4284622484171337     
   8.6625000000000008E-002  0.87384873996211421        3.7149958451700701E-002   8.7576079524152126E-002   2.1274620839075169        2.4286629058515516     
   8.7375000000000008E-002  0.87304466322212171        3.9317623539754064E-002   8.7434335296313684E-002   2.1257980280458231        2.4288957502727473     
   8.8124999999999995E-002  0.87246671642203599        4.1071003548689797E-002   8.7006504783263883E-002   2.1241500802508373        2.4285683227932457     
   8.8874999999999996E-002  0.87231649216189944        4.2280378211089917E-002   8.6256041587579518E-002   2.1228683093725418        2.4275353218828792     
   8.9624999999999996E-002  0.87247759403180192        4.2942355213363564E-002   8.5160279865497748E-002   2.1220551372270888        2.4262424932187372     
   9.0374999999999997E-002  0.87260892565770298        4.3140444069528473E-002   8.3736520557520830E-002   2.1216483858113278        2.4255588044649468     
   9.1124999999999998E-002  0.87247825303332882        4.3009075092617359E-002   8.2102537767989314E-002   2.1215022301168460        2.4259391176271166     
   9.1874999999999998E-002  0.87233922814821008        4.2704096952495808E-002   8.0497635296483183E-002   2.1214696187203534        2.4264760949083333     
   9.2624999999999999E-002  0.87224632770769484        4.2354153359148050E-002   7.9119109879541322E-002   2.1214647018229074        2.4268924809030654     
   9.3375000000000000E-002  0.87188554457354894        4.2074716204890450E-002   7.8027600982725182E-002   2.1214946264727539        2.4280571880926543     
   9.4125000000000000E-002  0.87194046905803613        4.2032044548879148E-002   7.7344944078535066E-002   2.1216612423908705        2.4281677689684389     
   9.4875000000000001E-002  0.87289388457976069        4.2280272370061989E-002   7.7204666846754755E-002   2.1220958995402750        2.4260196131908245     
   9.5625000000000002E-002  0.87303903093574120        4.2512432772221512E-002   7.7308993689625988E-002   2.1228368486422280        2.4264423352586006     
   9.6375000000000002E-002  0.87208761558393255        4.2273764864744656E-002   7.6960019693231851E-002   2.1237527112611851        2.4301828098905203     
   9.7125000000000003E-002  0.87345393772427316        4.1444175000503639E-002   7.5757109580118803E-002   2.1245997275059301        2.4275248967361733     
   9.7875000000000004E-002  0.87822840688429804        4.0307608667358545E-002   7.4106391163087468E-002   2.1251351735621329        2.4151844291049605     
   9.8625000000000004E-002  0.88239348570442400        3.9286047135500955E-002   7.3003550521573535E-002   2.1251741540059634        2.4040065087235458     
   9.9375000000000005E-002  0.88290637910461378        3.8709271567513026E-002   7.3199503496944457E-002   2.1246427265531183        2.4020211199512636     
  0.10012500000000001       0.88100433035396808        3.8632894320795495E-002   7.4478775440985606E-002   2.1236554504705514        2.4059589390265512     
  0.10087500000000001       0.87904794052382140        3.8835122118548421E-002   7.5932127061067486E-002   2.1225280900713521        2.4098694102191338     
  0.10162500000000001       0.87796820307410450        3.9048213030346515E-002   7.6863353321934919E-002   2.1216758385689021        2.4117535365518616     
  0.10237500000000001       0.87772569850602777        3.9152269555669195E-002   7.7202840065119960E-002   2.1214399994731030        2.4121106211876469     
  0.10312500000000001       0.87818377593949704        3.9167724175919363E-002   7.7229861565571462E-002   2.1219452665247909        2.4114268179255740     
  0.10387500000000000       0.87909730262899144        3.9158486471552081E-002   7.7213838716339134E-002   2.1230822291063181        2.4102213943702746     
  0.10462500000000000       0.88001131153662704        3.9187457312447466E-002   7.7315388422242420E-002   2.1245991691882216        2.4094352663210867     
  0.10537500000000000       0.88057059899954648        3.9326890757895951E-002   7.7614252636530837E-002   2.1262150823018522        2.4097061701361397     
  0.10612500000000000       0.88074929334442909        3.9656268825850702E-002   7.8121959951841929E-002   2.1276976248999522        2.4108337986474564     
  0.10687500000000000       0.88069835957858911        4.0232019191042794E-002   7.8785583237596518E-002   2.1289036130424770        2.4122455184778766     
  0.10762500000000000       0.88053243772001544        4.1064816529495424E-002   7.9526313233926532E-002   2.1297980704661943        2.4135956463113768     
  0.10837500000000000       0.88030535453793723        4.2120228580996052E-002   8.0286184911923172E-002   2.1304535902499380        2.4148265749390792     
  0.10912500000000000       0.88007189255827867        4.3328596918947741E-002   8.1025466645201216E-002   2.1310215403085726        2.4159674667518489     
  0.10987500000000000       0.87990967998297764        4.4593967194318442E-002   8.1703873932274948E-002   2.1316766716736408        2.4170132516177003     
  0.11062500000000000       0.87990027025640583        4.5804537415986050E-002   8.2289316906757073E-002   2.1325525234825964        2.4179017622281442     
  0.11137500000000000       0.88008090628264024        4.6850910741490434E-002   8.2768516859175301E-002   2.1336909236054868        2.4185865361094732     
  0.11212500000000000       0.88039177489608977        4.7651417343856722E-002   8.3136752549098719E-002   2.1350238093822709        2.4191603465914007     
  0.11287500000000000       0.88070459719263039        4.8174970379228896E-002   8.3372847336511124E-002   2.1363930315965503        2.4198001817124903     
  0.11362500000000000       0.88093345279342194        4.8448898969809959E-002   8.3424693494153684E-002   2.1375993928874299        2.4205198875089944     
  0.11437500000000000       0.88108011293742616        4.8542560208452233E-002   8.3238816974334384E-002   2.1384641836958953        2.4211135918705797     
  0.11512500000000001       0.88115797478872182        4.8534451910434859E-002   8.2837373577019924E-002   2.1388856484184671        2.4214219311192222     
  0.11587500000000001       0.88113126907423966        4.8488912033884668E-002   8.2387269203475944E-002   2.1388737660773831        2.4215323944231315     
  0.11662500000000001       0.88095280047487778        4.8460758836668810E-002   8.2158003777075286E-002   2.1385465793831626        2.4216764323088613     
  0.11737500000000001       0.88061110265864406        4.8514569664869223E-002   8.2332146334362311E-002   2.1380820787365780        2.4220645152514955     
  0.11812500000000001       0.88013329338088520        4.8722922165508907E-002   8.2822786217115002E-002   2.1376454406867706        2.4228147297547493     
  0.11887500000000001       0.87963378813593840        4.9128673045898574E-002   8.3315503594467932E-002   2.1373314911955918        2.4237516901890590     
  0.11962500000000000       0.87937405048615869        4.9705789879724960E-002   8.3518714642284664E-002   2.1371539080932775        2.4242050554931174     
  0.12037500000000000       0.87959617341848007        5.0363107485085240E-002   8.3338960159542105E-002   2.1370760186556530        2.4234827403731729     
  0.12112500000000000       0.88018796053305448        5.0985606092276065E-002   8.2805191298420039E-002   2.1370527867983462        2.4218475721018629     
  0.12187500000000000       0.88067964576278723        5.1476672210685789E-002   8.1948859453870565E-002   2.1370693269005283        2.4205761513317312     
  0.12262500000000000       0.88074921540038342        5.1791249418759296E-002   8.0885858265299898E-002   2.1371700968391334        2.4205904733971306     
  0.12337500000000000       0.88060376842216137        5.1958723117948823E-002   7.9938787603102135E-002   2.1374513690162482        2.4213957060514493     
  0.12412500000000000       0.88069204745811092        5.2075064500008317E-002   7.9498057214793416E-002   2.1380055067274810        2.4218202801548068     
  0.12487500000000000       0.88116038681370745        5.2259039334876814E-002   7.9705156476035849E-002   2.1388580916872639        2.4214701463816417     
  0.12562500000000001       0.88173726553113807        5.2599879213023504E-002   8.0325059574527097E-002   2.1399493157848628        2.4210405179292369     
  0.12637500000000002       0.88213663708180490        5.3136423257096499E-002   8.0962470674057513E-002   2.1411707126925243        2.4212291979232767     
  0.12712500000000002       0.88245672464816760        5.3876618014150404E-002   8.1384996758384329E-002   2.1424226690760237        2.4216769614969982     
  0.12787500000000002       0.88301314759288807        5.4816387365002203E-002   8.1630534467444074E-002   2.1436458807427363        2.4214489149487579     
  0.12862500000000002       0.88382955765946702        5.5933266873340638E-002   8.1864579377957158E-002   2.1448098357969680        2.4204311771661482     
  0.12937500000000002       0.88451841873383952        5.7181743274428959E-002   8.2198326965747720E-002   2.1458757459281785        2.4196308756999083     
  0.13012500000000002       0.88471336280307833        5.8515081910869508E-002   8.2629781890903170E-002   2.1467635784438350        2.4199586820847472     
  0.13087500000000002       0.88447559999631475        5.9913182927072990E-002   8.3091067666817536E-002   2.1473463482652009        2.4211116515400546     
  0.13162500000000002       0.88414918927454167        6.1377505401201848E-002   8.3489811893919880E-002   2.1474842199308801        2.4220028525551429     
  0.13237500000000002       0.88387175181672262        6.2890058725195888E-002   8.3713252304964458E-002   2.1470861018895402        2.4221663011492280     
  0.13312500000000002       0.88351896925242368        6.4389058527690682E-002   8.3672939608425784E-002   2.1461623593273442        2.4219672397155132     
  0.13387500000000002       0.88334631099894978        6.5802858100682815E-002   8.3376251829095999E-002   2.1448175556591380        2.4208306558294268     
  0.13462500000000002       0.88412909176647658        6.7075634273899010E-002   8.2909279565773930E-002   2.1431682071567035        2.4167697041696616     
  0.13537500000000002       0.88587942332771286        6.8121251616607398E-002   8.2334077174164327E-002   2.1412547202103460        2.4098194712169394     
  0.13612500000000002       0.88712427962557072        6.8824414737708284E-002   8.1662142904176616E-002   2.1390277162141276        2.4039465571881440     
  0.13687500000000002       0.88653182504751105        6.9182436233080818E-002   8.0949429505333292E-002   2.1364351104146353        2.4026660901290402     
  0.13762500000000003       0.88442592071872217        6.9387485992800368E-002   8.0332990979441674E-002   2.1335328514380594        2.4051337263346944     
  0.13837500000000003       0.88191770711579831        6.9711859775693746E-002   7.9951160796331841E-002   2.1305354533056899        2.4085651019234651     
  0.13912500000000003       0.87968141785064313        7.0371869966621398E-002   7.9859575397242991E-002   2.1277542260739484        2.4114577080788044     
  0.13987500000000003       0.87822996075403648        7.1485809957199192E-002   7.9974971217012664E-002   2.1254653364431255        2.4127103736812536     
  0.14062500000000003       0.87803833423759547        7.2990525827526131E-002   8.0039615654104168E-002   2.1237655748241284        2.4111517415456318     
  0.14137500000000003       0.87875850107382858        7.4562076900763385E-002   7.9699964596616463E-002   2.1225313932701182        2.4076624937054825     
  0.14212500000000003       0.87968557281477489        7.5757465579655764E-002   7.8821096304928770E-002   2.1214533197222964        2.4038816505663054     
  0.14287500000000003       0.88055141716666929        7.6271029612989219E-002   7.7820763030984008E-002   2.1201770991746840        2.4001268591829592     
  0.14362500000000003       0.88012574942410360        7.5984254603929102E-002   7.7215049266800354E-002   2.1184138318156132        2.3993693336732926     
  0.14437500000000000       0.87699450481675223        7.4994866266739194E-002   7.6907309818740596E-002   2.1160331963476899        2.4053223670183610     
  0.14512500000000000       0.87349105932322979        7.3770223953994268E-002   7.6382819919877706E-002   2.1131505609745913        2.4118115014988475     
  0.14587500000000000       0.87368207879581483        7.2868341401830808E-002   7.5413367648334922E-002   2.1100984021023863        2.4079753842194527     
  0.14662500000000001       0.87599907805853983        7.2363084505722930E-002   7.4197692220423953E-002   2.1072855369561800        2.3985806242304659     
  0.14737500000000001       0.87341598058623460        7.1858560343349157E-002   7.2985049740925512E-002   2.1049866704277598        2.4031862148433984     
  0.14812500000000001       0.86322805309109085        7.1170361312173039E-002   7.1925915510381563E-002   2.1032572751738661        2.4296324451940272     
  0.14887500000000001       0.85197959665042666        7.0682798091783933E-002   7.1179623818605653E-002   2.1020254109561645        2.4602936478389252     
  0.14962500000000001       0.84796727611274902        7.0866692483135388E-002   7.0866692676845616E-002   2.1012415520292667        2.4709904601096659     
  0.15037500000000001       0.85256352620637665        7.1749250898357250E-002   7.0947651941525650E-002   2.1009735698884420        2.4572977636605580     
  0.15112500000000001       0.86083967781596660        7.3020892028983042E-002   7.1299363134014693E-002   2.1014075578572751        2.4340860536754385     
  0.15187500000000001       0.86769655561491810        7.4433741193321884E-002   7.1864826429894516E-002   2.1027467011211494        2.4162572662073436     
  0.15262500000000001       0.87153092749584715        7.5938855441120362E-002   7.2681015564644499E-002   2.1050626973159554        2.4080886264830239     
  0.15337500000000001       0.87347598932622150        7.7523284528649553E-002   7.3782882836862185E-002   2.1081936955645069        2.4060618589829192     
  0.15412500000000001       0.87493983069194170        7.9023808788044769E-002   7.5056485120781780E-002   2.1117389749835116        2.4058236573702039     
  0.15487500000000001       0.87629811925999279        8.0136518025937659E-002   7.6176138002011812E-002   2.1151542225640725        2.4057783546465186     
  0.15562500000000001       0.87737563956902043        8.0622253325273160E-002   7.6777846606656666E-002   2.1179359741366741        2.4058935786034148     
  0.15637500000000001       0.87814452612567784        8.0497103260907019E-002   7.6782835832838015E-002   2.1198344290002504        2.4059685380178051     
  0.15712500000000001       0.87847810820273275        8.0029607786257118E-002   7.6535179543238366E-002   2.1209635305477503        2.4064164876527823     
  0.15787500000000002       0.87792156396436338        7.9596611174762896E-002   7.6571237681166957E-002   2.1217007702839541        2.4088179694703986     
  0.15862500000000002       0.87635554884876343        7.9529465261477930E-002   7.7231720841903370E-002   2.1224160784545347        2.4138653229811822     
  0.15937500000000002       0.87452981064524338        7.9997823586791139E-002   7.8452946332554355E-002   2.1232231642060539        2.4196376977531817     
  0.16012500000000002       0.87341661692143457        8.0949703297606895E-002   7.9850610646747422E-002   2.1239348264381648        2.4232804902277225     
  0.16087500000000002       0.87320561121499063        8.2150544566391523E-002   8.0969297433790291E-002   2.1242338852912415        2.4239600924559657     
  0.16162500000000002       0.87329082042040351        8.3319822109640118E-002   8.1515042286181547E-002   2.1239256095274679        2.4231864400234340     
  0.16237500000000002       0.87311334779570993        8.4272929334498065E-002   8.1456076067276631E-002   2.1231150842742430        2.4226503953424441     
  0.16312500000000002       0.87272175728880508        8.4971589021043598E-002   8.0982550609403570E-002   2.1222175555420999        2.4226778407035656     
  0.16387500000000002       0.87255075826704132        8.5483598244404241E-002   8.0391342491720197E-002   2.1218034199798979        2.4226815679952209     
  0.16462500000000002       0.87289878056438863        8.5925289326135690E-002   7.9962488641204782E-002   2.1223591681229195        2.4223513703714743     
  0.16537500000000002       0.87371469431253979        8.6432616802576606E-002   7.9863104007429020E-002   2.1240827890622866        2.4220235865152655     
  0.16612500000000002       0.87476449154833125        8.7140022823501140E-002   8.0107751769000674E-002   2.1268158547851677        2.4221463518561066     
  0.16687500000000002       0.87585113742501597        8.8133840072427069E-002   8.0594561359324274E-002   2.1301433566832086        2.4227872386272273     
  0.16762500000000002       0.87687200156891776        8.9394936197972605E-002   8.1188352955154364E-002   2.1335941955600757        2.4237047563976883     
  0.16837500000000002       0.87777906868831412        9.0779219306638792E-002   8.1782208926366867E-002   2.1368177962731538        2.4246577665070008     
  0.16912500000000003       0.87857041082201492        9.2061718500339881E-002   8.2298970260528806E-002   2.1396422166201043        2.4254905278794388     
  0.16987500000000003       0.87931191942695142        9.3022151800292024E-002   8.2661393724097712E-002   2.1420111319700603        2.4259939171745946     
  0.17062500000000003       0.88008137618058946        9.3522818927071288E-002   8.2779703056126239E-002   2.1438807028013946        2.4259330031111421     
  0.17137500000000003       0.88082213711873680        9.3543350155735491E-002   8.2571522469772785E-002   2.1451735269507779        2.4253887398002045     
  0.17212500000000003       0.88132050711518706        9.3178015654602722E-002   8.2002375249620729E-002   2.1458263484108917        2.4248678382495621     
  0.17287500000000003       0.88145505296671312        9.2617458293067487E-002   8.1124895913431500E-002   2.1458749938326918        2.4247135448812451     
  0.17362500000000003       0.88142820181855153        9.2108820841730887E-002   8.0080148812438662E-002   2.1454772064945824        2.4245046718901890     
  0.17437500000000003       0.88158776145133411        9.1882495589904079E-002   7.9041544584117496E-002   2.1448374033069841        2.4234749637226107     
  0.17512500000000003       0.88201606811891864        9.2078879304500122E-002   7.8145219670876287E-002   2.1441020573127361        2.4215363345367487     
  0.17587500000000000       0.88244181130950639        9.2726788853952732E-002   7.7469637272688158E-002   2.1433208948397615        2.4194779525336680     
  0.17662500000000000       0.88256445681918561        9.3775776577312356E-002   7.7057772098887173E-002   2.1424978735876898        2.4181257694687672     
  0.17737500000000000       0.88233805583320701        9.5139782966759762E-002   7.6924895103355942E-002   2.1416732835964138        2.4176569093647196     
  0.17812500000000001       0.88193561732348225        9.6723521999782874E-002   7.7037647848082036E-002   2.1409619455437250        2.4177426730548111     
  0.17887500000000001       0.88156068331221271        9.8433201269782278E-002   7.7304600253769867E-002   2.1405189516250331        2.4180230883735714     
  0.17962500000000001       0.88133473546165741       0.10017676448692224        7.7605566633212081E-002   2.1404610395140389        2.4183217830084112     
  0.18037500000000001       0.88128977988546997       0.10185411211909834        7.7841009598344418E-002   2.1407987036161664        2.4185860442112244     
  0.18112500000000001       0.88139726553395892       0.10334693397764522        7.7965264855508379E-002   2.1414226523723512        2.4187906802214592     
  0.18187500000000001       0.88159879275552766       0.10452843680980267        7.7986708677816596E-002   2.1421527848088591        2.4189082637017569     
  0.18262500000000001       0.88183606036408069       0.10530505146790915        7.7946827287999204E-002   2.1428221544150805        2.4189186562493994     
  0.18337500000000001       0.88206996476102062       0.10567464974929799        7.7900358593418706E-002   2.1433497904929752        2.4188328634576926     
  0.18412500000000001       0.88227956047551448       0.10576049235801996        7.7904035804934185E-002   2.1437633505009184        2.4187175863379640     
  0.18487500000000001       0.88245309211118073       0.10578440521780230        7.8004489328596494E-002   2.1441645534883382        2.4186854732615819     
  0.18562500000000001       0.88258931988606837       0.10598233983633883        7.8220250281483467E-002   2.1446670631939142        2.4188346782223555     
  0.18637500000000001       0.88270767237445180       0.10651010724604107        7.8529788586409230E-002   2.1453465769530933        2.4191785618088848     
  0.18712500000000001       0.88284905409167969       0.10739381571341938        7.8879698420844968E-002   2.1462193656791841        2.4196249569590478     
  0.18787500000000001       0.88305515754700237       0.10854221204868635        7.9209086837655332E-002   2.1472387134694992        2.4200248266990019     
  0.18862500000000001       0.88333443463378525       0.10979704976142325        7.9470907669721230E-002   2.1482958217632984        2.4202579021786654     
  0.18937500000000002       0.88363951177999001       0.11098909429106255        7.9636900149246903E-002   2.1492255950778620        2.4202931334138276     
  0.19012500000000002       0.88388086214291295       0.11198467664999620        7.9689109164256353E-002   2.1498312375749058        2.4201733269623866     
  0.19087500000000002       0.88397757046170433       0.11272030892839303        7.9608050971197525E-002   2.1499487898319480        2.4199453528815873     
  0.19162500000000002       0.88391604679467806       0.11321680581564145        7.9370628583304847E-002   2.1495633208379132        2.4196292161383157     
  0.19237500000000002       0.88378640220028093       0.11355722074828635        7.8974658980526150E-002   2.1489434788207755        2.4192717334155658     
  0.19312500000000002       0.88378151074082700       0.11382922096043468        7.8485891377523959E-002   2.1486946885609770        2.4190132232374530     
  0.19387500000000002       0.88413871275206013       0.11406731603645368        7.8061603012045844E-002   2.1496125948148088        2.4190868274611241     
  0.19462500000000002       0.88501375636688784       0.11424663176504928        7.7904921553488299E-002   2.1523108240991053        2.4197453275753840     
  0.19537500000000002       0.88634857027521341       0.11434706167113429        7.8160469724092019E-002   2.1567835087603049        2.4211258172860521     
  0.19612500000000002       0.88785292625293799       0.11443311667595125        7.8816037138830453E-002   2.1622196912376035        2.4230892541495095     
  0.19687500000000002       0.88915259415374714       0.11465290832874256        7.9681870362860369E-002   2.1673178125406989        2.4251803665356952     
  0.19762500000000002       0.88999859053197072       0.11512925148820799        8.0478352525813229E-002   2.1709571441946536        2.4268263250823261     
  0.19837500000000002       0.89036076836065425       0.11585095779902763        8.0976663320022527E-002   2.1727023033884327        2.4276483862475464     
  0.19912500000000002       0.89034182063177614       0.11668628203704973        8.1089714544770736E-002   2.1727465616363912        2.4276154155034346     
  0.19987500000000002       0.89002918826517219       0.11749792694129377        8.0861671888909858E-002   2.1714790019724126        2.4269428265348507     
  0.20062500000000003       0.88943324634496923       0.11822902937241936        8.0405316086406650E-002   2.1691570755636249        2.4258873482381396     
  0.20137500000000003       0.88853811900032353       0.11889321260031487        7.9847668748665349E-002   2.1659146231798090        2.4246258504939702     
  0.20212500000000003       0.88738008961200820       0.11951672810155894        7.9299559843255846E-002   2.1619434181496393        2.4232588057621158     
  0.20287500000000003       0.88608945627308755       0.12009564347802032        7.8843394916056408E-002   2.1576440045311354        2.4218748299518063     
  0.20362500000000003       0.88488551951251282       0.12058097326985438        7.8535145670176928E-002   2.1536618853857714        2.4206082587273152     
  0.20437500000000003       0.88402291891406959       0.12089134448316784        7.8421521236027358E-002   2.1507618982703871        2.4196403104859132     
  0.20512500000000003       0.88368028922438557       0.12097791057396963        7.8527090054847745E-002   2.1495049312702927        2.4191268874177294     
  0.20587500000000003       0.88384721270191324       0.12090453073651831        7.8831139791461682E-002   2.1498891193614305        2.4190879402899874     
  0.20662500000000003       0.88432145438022780       0.12085254829257819        7.9233075169283629E-002   2.1513241891069681        2.4193879916561869     
  0.20737500000000003       0.88484905100834943       0.12100695969882097        7.9603944196702442E-002   2.1530530133628307        2.4198457123838475     
  0.20812500000000000       0.88528984142241041       0.12143111071242906        7.9848439212825917E-002   2.1546463283528827        2.4203568186269013     
  0.20887500000000001       0.88569707380366614       0.12203060391954017        7.9989901741514685E-002   2.1562091315666496        2.4209072110652579     
  0.20962500000000001       0.88633869056677583       0.12253587692887571        8.0174641382386641E-002   2.1584593096759010        2.4216057955666819     
  0.21037500000000001       0.88763406306804837       0.12251710923545441        8.0611677099707721E-002   2.1626241729169067        2.4227421229144928     
  0.21112500000000001       0.88973315937535302       0.12174895914992306        8.1419221653864282E-002   2.1692134496126600        2.4245001818578102     
  0.21187500000000001       0.89184000218518888       0.12088629309470611        8.2458635317275042E-002   2.1758528922977400        2.4262737424726932     
  0.21262500000000001       0.89255839684038718       0.12116262636638024        8.3381430824934391E-002   2.1782096969726625        2.4268342067506299     
  0.21337500000000001       0.89198760260413668       0.12226599789579284        8.3995595082526520E-002   2.1765930940723917        2.4263327251526787     
  0.21412500000000001       0.89253303159837194       0.12150522557604969        8.4468199343936956E-002   2.1786015827352680        2.4271751865729008     
  0.21487500000000001       0.89431506294841601       0.11856149270240224        8.4792862779889899E-002   2.1843881006406356        2.4292438527375992     
  0.21562500000000001       0.89087520803546860       0.12010485607517930        8.4265561246738868E-002   2.1728157193306989        2.4254063867329223     
  0.21637500000000001       0.87981402089925731       0.12892071786243564        8.2726325531566641E-002   2.1363650365466147        2.4130443913847808     
  0.21712500000000001       0.88173471292198868       0.12462924528517146        8.2656034791349697E-002   2.1419227498995626        2.4148313929996563     
  0.21787500000000001       0.92182886990656732        8.0809685027429343E-002   8.7034395486526681E-002   2.2736516791472381        2.4581580129440370     
  0.21862500000000001       0.97181102955010090        2.4328049781517151E-002   9.2759265446132819E-002   2.4441716384692640        2.5102001542928942     
  0.21937500000000001       0.98039805625626342        1.5305159862834157E-002   9.3867695691637026E-002   2.4740420206932212        2.5188023197978362     
  0.22012500000000002       0.96200531634862052        3.8128502893943893E-002   9.2090366220118375E-002   2.4101175625701461        2.4999385462512937     
  0.22087500000000002       0.95838049185747298        4.4234727808719218E-002   9.2229106267327499E-002   2.3978254557086549        2.4962599200316715     
  0.22162500000000002       0.96689470301347757        3.6807790079324741E-002   9.3705498364750839E-002   2.4272551335877122        2.5049406568834205     
  0.22237500000000002       0.96744827545494116        3.8884170143524487E-002   9.4019388243274812E-002   2.4288340376809936        2.5050270248380406     
  0.22312500000000002       0.96220024444757835        4.7970878592282058E-002   9.3501064995460251E-002   2.4103278199923248        2.4990526486834352     
  0.22387500000000002       0.96175061396015371        5.1865838701704942E-002   9.3446132873661700E-002   2.4086828795309421        2.4983031853335054     
  0.22462500000000002       0.96479250136771899        5.1783925910847503E-002   9.3592181090545207E-002   2.4193287751122949        2.5014699850048068     
  0.22537500000000002       0.96551831014205580        5.3918838778019798E-002   9.3130450341415177E-002   2.4220235380847916        2.5023103791317478     
  0.22612500000000002       0.96430310243265305        5.7498189779763745E-002   9.2204056338348855E-002   2.4178944178943942        2.5010518450902892     
  0.22687500000000002       0.96394385010893480        5.9155742590754845E-002   9.1462884147187604E-002   2.4165307045824918        2.5005360761026791     
  0.22762500000000002       0.96409947348906333        5.9421071513777179E-002   9.0893284056489637E-002   2.4169381167458015        2.5005950077509871     
  0.22837500000000002       0.96337233037868664        6.0230735178506287E-002   9.0324908108838156E-002   2.4143264435015852        2.4997699670473992     
  0.22912500000000002       0.96206372638667692        6.1531703770064478E-002   8.9902002720784052E-002   2.4098177976377260        2.4984306865935952     
  0.22987500000000002       0.96121180526542171        6.2656459313218782E-002   8.9582092019830306E-002   2.4067375350885656        2.4973902763500679     
  0.23062500000000002       0.96089098373476034        6.3662884121977140E-002   8.9339869739349181E-002   2.4055149550218049        2.4969042271638653     
  0.23137500000000003       0.96081709626047873        6.4878884779370663E-002   8.9359249680256575E-002   2.4052981302901171        2.4967835390998245     
  0.23212500000000003       0.96096393618562082        6.6395639642424259E-002   8.9573143020393167E-002   2.4061105007023769        2.4971198672693062     
  0.23287500000000003       0.96142233708182490        6.7947318173181073E-002   9.0000849377955730E-002   2.4082311443620679        2.4979838908675931     
  0.23362500000000003       0.96215824717080067        6.9332510681721568E-002   9.0705775357901364E-002   2.4112556788072892        2.4990505396849252     
  0.23437500000000003       0.96298733583017737        7.0639340614763624E-002   9.1577465884019715E-002   2.4142981206791965        2.4998801075246120     
  0.23512500000000003       0.96377794260745908        7.2002874516688575E-002   9.2520656284207567E-002   2.4168768914311647        2.5003128414937379     
  0.23587500000000003       0.96443308700463326        7.3504810002602200E-002   9.3417995398459214E-002   2.4189410324775134        2.5005524806541115     
  0.23662500000000003       0.96466492754991218        7.4999482429471381E-002   9.4033976425141330E-002   2.4198026160289094        2.5006651815752292     
  0.23737500000000003       0.96381666196338600        7.5809818255257205E-002   9.3976228346075205E-002   2.4171164926922364        2.5000122987676123     
  0.23812500000000003       0.96106292606861554        7.4868905116704798E-002   9.2772672749432211E-002   2.4075951082766442        2.4974443224490077     
  0.23887500000000003       0.95619910995054624        7.1759058459932162E-002   9.0302639270249160E-002   2.3902182299732186        2.4924323105264241     
  0.23962500000000000       0.95039335676154690        6.7722749319371486E-002   8.7216688634628725E-002   2.3692190358276743        2.4861329708615565     
  0.24037500000000001       0.94573291081720501        6.5071762202481620E-002   8.4770693265218050E-002   2.3523334687068198        2.4809283704518426     
  0.24112500000000001       0.94363481173691122        6.5290407291781094E-002   8.3922207305925617E-002   2.3448593791116989        2.4785741313544460     
  0.24187500000000001       0.94355587628191762        6.7750849293480159E-002   8.4311334998808177E-002   2.3449559794339012        2.4786627273994726     
  0.24262500000000001       0.94349831240130499        7.0361507562991366E-002   8.4428968227401938E-002   2.3454488004532430        2.4791222161219291     
  0.24337500000000001       0.94241951996888140        7.1841491004197136E-002   8.3641519728825164E-002   2.3425015346078140        2.4787809913643244     
  0.24412500000000001       0.94134654843374443        7.2713147777989262E-002   8.3222363516042341E-002   2.3396380013441034        2.4785249749960023     
  0.24487500000000001       0.94027058435320765        7.2683236190468042E-002   8.3220756711391786E-002   2.3365014061486864        2.4780200568035364     
  0.24562500000000001       0.93571372770498928        6.8845713762359262E-002   7.9891185015741148E-002   2.3201698588223358        2.4732207671903583     
  0.24637500000000001       0.92474955700148631        5.9452259488207412E-002   6.9741820674498745E-002   2.2801533938839595        2.4607878115821311     
  0.24712500000000001       0.90917812839769208        4.7054953869543038E-002   5.4164867453496343E-002   2.2237035879885685        2.4427253465414447     
  0.24787500000000001       0.89280554897893105        3.5071746962903147E-002   3.7262740615216394E-002   2.1653688506711055        2.4237107244829579     
  0.24862500000000001       0.87797213205679758        2.4650475915765729E-002   2.2300930533602964E-002   2.1139544952091160        2.4070527296203208     
  0.24937500000000001       0.86664264415543546        1.6470343328103921E-002   1.1777376822050035E-002   2.0760213215846024        2.3952026856609252     
  0.25012499999999999       0.86098083054846042        1.1953948752486532E-002   7.3585486909280148E-003   2.0579893691252424        2.3901518657513643     
  0.25087500000000001       0.86103538802912905        1.1488959804487737E-002   8.2891910622191929E-003   2.0589783302490057        2.3911465302611599     
  0.25162499999999999       0.86409008914967744        1.3514313021236398E-002   1.1578955712479268E-002   2.0692802291936063        2.3945384789001132     
  0.25237500000000002       0.86699187867923644        1.5915456563486339E-002   1.4263745677585980E-002   2.0783935321418827        2.3969430036197390     
  0.25312499999999999       0.86819113192718622        1.7472696954855052E-002   1.5002022676113164E-002   2.0817284265850446        2.3974248443599895     
  0.25387500000000002       0.86783081640786297        1.7988485860672886E-002   1.3967408522537167E-002   2.0803031791562803        2.3967855325791780     
  0.25462499999999999       0.86676219725342907        1.7805908846558076E-002   1.2051281432209026E-002   2.0769200987573133        2.3958744769385882     
  0.25537500000000002       0.86565436976363830        1.7515685808758973E-002   1.0244550950239354E-002   2.0733977874769671        2.3949049805348208     
  0.25612499999999999       0.86478320401722519        1.7687058109825435E-002   9.2342145743179969E-003   2.0703588876426924        2.3938123487418532     
  0.25687499999999996       0.86437707520358575        1.8368812584362501E-002   9.1164729663869848E-003   2.0686427699428682        2.3929365748103648     
  0.25762499999999999       0.86481734012925060        1.8917530482569084E-002   9.4388840348969515E-003   2.0699632916205393        2.3932277712960968     
  0.25837499999999997       0.86606662686860147        1.8907759333967697E-002   9.7363665605893039E-003   2.0746209239955742        2.3951503688404387     
  0.25912499999999999       0.86681304806047799        1.9476257388006384E-002   1.0136008483619353E-002   2.0780443574576912        2.3970177833014095     
  0.25987499999999997       0.86515809697306323        2.2713368287461955E-002   1.1163655926043460E-002   2.0730610073470270        2.3957364983222482     
  0.26062500000000000       0.86178213213330046        2.7914740917731454E-002   1.2523195869217414E-002   2.0614098232158184        2.3914010850491558     
  0.26137499999999997       0.86250467285214205        2.8555947595803412E-002   1.2275426821550474E-002   2.0628991848070362        2.3911048582214405     
  0.26212500000000000       0.87382032999405257        1.7130334923624205E-002   8.4778735518040525E-003   2.1002655945804669        2.4033047582384484     
  0.26287499999999997       0.89197690263421758       -2.8667091571364179E-003   2.6586163645540748E-003   2.1622138376956710        2.4240597066533622     
  0.26362500000000000       0.90367703749952799       -1.6358838617970800E-002  -5.0631680876532504E-004   2.2032070246401139        2.4378829196881413     
  0.26437499999999997       0.90379151468260033       -1.6434590607667190E-002   3.5989868179629286E-004   2.2038868983161342        2.4383249534259068     
  0.26512500000000000       0.90044270955075634       -1.1894456316408043E-002   1.7512701011089533E-003   2.1919484029851035        2.4342116565763945     
  0.26587499999999997       0.90052994660362118       -1.0804529456461393E-002   1.1984312446155544E-003   2.1918671354319832        2.4339018708474023     
  0.26662500000000000       0.90260807299987722       -1.1796630487487844E-002  -3.8856497128876094E-004   2.1990078089407854        2.4361965099668144     
  0.26737499999999997       0.90325077388870678       -1.1095609831716747E-002  -1.3039013756895642E-003   2.2012250689614143        2.4369267558344618     
  0.26812500000000000       0.90233915733409475       -8.7511814580911607E-003  -1.1897581303745900E-003   2.1978317556993225        2.4356568343027116     
  0.26887499999999998       0.90147592767482854       -6.9652030556521961E-003  -6.9928409405199134E-004   2.1946593274706743        2.4344878002294790     
  0.26962500000000000       0.90114848669679393       -6.6213163078029389E-003  -4.2135589399579882E-004   2.1937707859281494        2.4343894422228534     
  0.27037499999999998       0.90074383558740534       -7.0508798139830020E-003  -5.1020770591274117E-004   2.1930166756232126        2.4346421789393879     
  0.27112500000000000       0.89986690589448415       -7.5395043666282883E-003  -8.3213673078423014E-004   2.1907090273206160        2.4344456313236322     
  0.27187499999999998       0.89873702533439570       -7.9353030424279963E-003  -1.1230395348243377E-003   2.1873862546253848        2.4338048387323643     
  0.27262500000000001       0.89776805674715621       -8.2581234674039255E-003  -1.1046122130569421E-003   2.1843275380261593        2.4330213810359980     
  0.27337499999999998       0.89719536130792887       -8.4680048211088332E-003  -7.5507942977127431E-004   2.1822769705464760        2.4322870860760455     
  0.27412500000000001       0.89695099468557082       -8.5937243045119457E-003  -3.3995729153769074E-004   2.1814245441844187        2.4319983190520640     
  0.27487499999999998       0.89681531203449771       -8.8109269565297028E-003  -2.4083344602887101E-004   2.1816065396815421        2.4325668794718984     
  0.27562500000000001       0.89677001923250743       -9.3156327855078505E-003  -8.2177883876674075E-004   2.1823426879256802        2.4335045544240685     
  0.27637499999999998       0.89700089077903877       -1.0063652525732044E-002  -1.9518239114085113E-003   2.1830328589565617        2.4336366938861524     
  0.27712500000000001       0.89755829102814044       -1.0713082911828261E-002  -2.8062640437643786E-003   2.1833188176760032        2.4324330997605483     
  0.27787499999999998       0.89814486046367947       -1.0892859702133479E-002  -2.5580809384766609E-003   2.1832589340909214        2.4307762945479174     
  0.27862500000000001       0.89808872007423513       -1.0451112557222772E-002  -1.1052707674995854E-003   2.1831374000682882        2.4308020588995567     
  0.27937499999999998       0.89717207659321507       -9.5079240778079815E-003   8.1347341197607391E-004   2.1831358363280966        2.4332958454924567     
  0.28012500000000001       0.89623477656259898       -8.3404018651125917E-003   2.1946640578896551E-003   2.1832260982957354        2.4359516727137707     
  0.28087499999999999       0.89587725194123435       -7.1756712909696527E-003   2.6793097338242483E-003   2.1832595870490805        2.4369709560746986     
  0.28162500000000001       0.89573322519676846       -6.0973286503597460E-003   2.6741190764224595E-003   2.1830748917579692        2.4371655378978199     
  0.28237499999999999       0.89539976829558388       -5.0693323697781709E-003   2.6779514052110340E-003   2.1825704271065209        2.4375169055269761     
  0.28312500000000002       0.89496313224068413       -3.9797432911475644E-003   2.8382580670963074E-003   2.1817536619473819        2.4377990937964071     
  0.28387499999999999       0.89462665606446323       -2.7273418439870390E-003   3.0391407897232573E-003   2.1808143100843171        2.4376704806407248     
  0.28462500000000002       0.89445893201488280       -1.3330236368007667E-003   3.1987393739526010E-003   2.1801893136069057        2.4374317507935874     
  0.28537499999999999       0.89453856494496986        6.4353422954719031E-006   3.4158377245576878E-003   2.1805275017517509        2.4375930400429069     
  0.28612500000000002       0.89502498131648667        9.7390274410946178E-004   3.8893355043428308E-003   2.1825002271213298        2.4384696430280277     
  0.28687499999999999       0.89605189129703700        1.2708258722067402E-003   4.7592570230524500E-003   2.1865105329995300        2.4401455027216326     
  0.28762500000000002       0.89766433644682053        7.5417364318443173E-004   5.9773889898977247E-003   2.1924784589186102        2.4424031922620899     
  0.28837499999999999       0.89980899694907557       -5.1312050322013163E-004   7.2978482315917111E-003   2.1998482596127440        2.4447616398382328     
  0.28912499999999997       0.90225673747089730       -2.2937043248152118E-003   8.4576108645843823E-003   2.2077576353906769        2.4468812346245872     
  0.28987499999999999       0.90459626007506122       -4.2117309876820823E-003   9.4098021207767758E-003   2.2151757156418141        2.4487354937006245     
  0.29062499999999997       0.90642633807269624       -5.7968649594376358E-003   1.0330021442679374E-002   2.2210243623065620        2.4502233331257095     
  0.29137500000000000       0.90746164287696396       -6.6332479267540104E-003   1.1318900597918038E-002   2.2244664601047832        2.4512018144062444     
  0.29212499999999997       0.90753863820471525       -6.5586548604836788E-003   1.2173966775195852E-002   2.2253196988909583        2.4519224345354078     
  0.29287500000000000       0.90682601392063489       -5.7339782804095660E-003   1.2598616347103405E-002   2.2241685298437099        2.4525794920932680     
  0.29362499999999997       0.90589778652043829       -4.5040978383322997E-003   1.2570385587521542E-002   2.2220139451144183        2.4527221135673112     
  0.29437500000000000       0.90529338269747295       -3.2317482268362620E-003   1.2269935869198625E-002   2.2197019255346495        2.4518162277338247     
  0.29512499999999997       0.90508103151427932       -2.2079305620785585E-003   1.1741090289147799E-002   2.2176567709590049        2.4501429656220672     
  0.29587500000000000       0.90489555159316282       -1.6027254704922022E-003   1.0926396441766968E-002   2.2159028432668948        2.4487195822858094     
  0.29662499999999997       0.90462313184887155       -1.3087644256741693E-003   1.0079356024312036E-002   2.2143941702199683        2.4478006290006866     
  0.29737500000000000       0.90477783246035925       -1.0388195796269832E-003   1.0236272279251030E-002   2.2130957928986006        2.4459455268721122     
  0.29812499999999997       0.90478731808310098       -6.6896412478886455E-004   1.1710233404751400E-002   2.2120948984284521        2.4447942924440516     
  0.29887500000000000       0.90283499110935650       -3.7365055039472296E-004   8.2961519131621760E-003   2.2113264768609042        2.4492717989897801     
  0.29962499999999997       0.90007809206858047       -1.1247349656291791E-004  -3.4481968328421196E-003   2.2109530657087557        2.4563940319707420     
