 -0.70657645110065759       0.90030815828277033     
 -0.70551579092887784       0.91456837547269931     
 -0.70445513075709798       0.91538891705096526     
 -0.70339447058531823       0.91530470606995129     
 -0.70233381041353837       0.91604363302372516     
 -0.70127315024175862       0.91567831104944697     
 -0.70021249006997865       0.91328477703175714     
 -0.69915182989819891       0.90997911058107550     
 -0.69809116972641905       0.91161635551364484     
 -0.69703050955463930       0.92318213210540612     
 -0.69596984938285944       0.92917816420895016     
 -0.69490918921107958       0.92157517884800455     
 -0.69384852903929972       0.94781214509131595     
 -0.69278786886751997        1.0298973629456971     
 -0.69172720869574011        1.0733320979367977     
 -0.69066654852396037        1.0537399557766467     
 -0.68960588835218051        1.0434952172998022     
 -0.68854522818040065        1.0467049318842105     
 -0.68748456800862079        1.0427860478878876     
 -0.68642390783684104        1.0400083178307979     
 -0.68536324766506118        1.0398316511820287     
 -0.68430258749328143        1.0381543376220215     
 -0.68324192732150169        1.0370836067270335     
 -0.68218126714972172        1.0367991667510306     
 -0.68112060697794197        1.0366108802156493     
 -0.68005994680616211        1.0367259923378980     
 -0.67899928663438236        1.0369882467685603     
 -0.67793862646260250        1.0373658134584318     
 -0.67687796629082264        1.0376964945571521     
 -0.67581730611904278        1.0375512142605521     
 -0.67475664594726303        1.0368146033195238     
 -0.67369598577548317        1.0356057755390167     
 -0.67263532560370343        1.0339297632779623     
 -0.67157466543192357        1.0318558847658221     
 -0.67051400526014371        1.0297543616886762     
 -0.66945334508836385        1.0277163285017670     
 -0.66839268491658410        1.0261610302619548     
 -0.66733202474480424        1.0255094106251166     
 -0.66627136457302449        1.0254244046012886     
 -0.66521070440124463        1.0252219944736634     
 -0.66415004422946478        1.0249869941171428     
 -0.66308938405768492        1.0250591387536876     
 -0.66202872388590517        1.0253544371674568     
 -0.66096806371412531        1.0260293217304954     
 -0.65990740354234556        1.0269521889632707     
 -0.65884674337056570        1.0278122546156914     
 -0.65778608319878584        1.0286479764623642     
 -0.65672542302700598        1.0296207732567710     
 -0.65566476285522624        1.0306701045992994     
 -0.65460410268344638        1.0314869953005272     
 -0.65354344251166663        1.0318929895144402     
 -0.65248278233988677        1.0317409392585333     
 -0.65142212216810691        1.0308217448456847     
 -0.65036146199632705        1.0293341691000317     
 -0.64930080182454730        1.0283881081156898     
 -0.64824014165276744        1.0289677927585397     
 -0.64717948148098770        1.0306579981473463     
 -0.64611882130920784        1.0322498895508476     
 -0.64505816113742798        1.0323100016536775     
 -0.64399750096564812        1.0299405504319321     
 -0.64293684079386837        1.0261242268807655     
 -0.64187618062208862        1.0231635043526934     
 -0.64081552045030876        1.0219725906544341     
 -0.63975486027852890        1.0215823701084221     
 -0.63869420010674904        1.0212031180511050     
 -0.63763353993496930        1.0206255265863260     
 -0.63657287976318944        1.0196550624234628     
 -0.63551221959140958        1.0185338032142854     
 -0.63445155941962983        1.0178105720139778     
 -0.63339089924784997        1.0173536684444411     
 -0.63233023907607011        1.0168948601592076     
 -0.63126957890429036        1.0171169207259516     
 -0.63020891873251050        1.0181265679050233     
 -0.62914825856073076        1.0187938730594270     
 -0.62808759838895090        1.0188866353924855     
 -0.62702693821717104        1.0191937933910777     
 -0.62596627804539118        1.0198439662842096     
 -0.62490561787361143        1.0202872466442539     
 -0.62384495770183157        1.0200930656164626     
 -0.62278429753005182        1.0191855173306319     
 -0.62172363735827196        1.0175347914878241     
 -0.62066297718649210        1.0153593303102104     
 -0.61960231701471224        1.0131166794811350     
 -0.61854165684293250        1.0120327864452272     
 -0.61748099667115264        1.0124205787567588     
 -0.61642033649937289        1.0140617181511529     
 -0.61535967632759303        1.0164732368473319     
 -0.61429901615581317        1.0109448105470324     
 -0.61323835598403331       0.98009823795735029     
 -0.61217769581225356       0.96780748019459417     
 -0.61111703564047370       0.96241906674215172     
 -0.61005637546869396       0.95390899391070771     
 -0.60899571529691410       0.95076603352885780     
 -0.60793505512513424       0.94974189433622347     
 -0.60687439495335438       0.94929069625976492     
 -0.60581373478157463       0.94838731349681227     
 -0.60475307460979488       0.94821605857258506     
 -0.60369241443801502       0.94971236388337421     
 -0.60263175426623516       0.95186637243721584     
 -0.60157109409445531       0.95348646232054424     
 -0.60051043392267556       0.95426981977520098     
 -0.59944977375089570       0.95382047264345782     
 -0.59838911357911584       0.95193229449766115     
 -0.59732845340733609       0.95043647581312263     
 -0.59626779323555623       0.95140638341080219     
 -0.59520713306377637       0.95203655793419850     
 -0.59414647289199651       0.94798641144731433     
 -0.59308581272021677       0.94424566297679013     
 -0.59202515254843702       0.94736508461671787     
 -0.59096449237665716       0.94415442742011879     
 -0.58990383220487730       0.91835993278026395     
 -0.58884317203309744       0.88659181922918084     
 -0.58778251186131769       0.87472471480814518     
 -0.58672185168953783       0.87919248840248243     
 -0.58566119151775797       0.88365435426146921     
 -0.58460053134597822       0.88327179963662283     
 -0.58353987117419837       0.88217448689495903     
 -0.58247921100241851       0.88302259566008667     
 -0.58141855083063876       0.88475170301167383     
 -0.58035789065885890       0.88598143742562330     
 -0.57929723048707915       0.88673737900532912     
 -0.57823657031529929       0.88749349547799783     
 -0.57717591014351943       0.88817124547394777     
 -0.57611524997173957       0.88847072640200342     
 -0.57505458979995983       0.88852727036661305     
 -0.57399392962817997       0.88866065313903597     
 -0.57293326945640022       0.88891479262212614     
 -0.57187260928462036       0.88925256886447934     
 -0.57081194911284050       0.88965490266964020     
 -0.56975128894106064       0.88983172329328430     
 -0.56869062876928089       0.88946065592621282     
 -0.56762996859750103       0.88861075176854987     
 -0.56656930842572129       0.88754867601535381     
 -0.56550864825394143       0.88646119312132055     
 -0.56444798808216157       0.88551771001629209     
 -0.56338732791038171       0.88491254716539081     
 -0.56232666773860196       0.88464123525210536     
 -0.56126600756682210       0.88445305151511755     
 -0.56020534739504235       0.88414524261819283     
 -0.55914468722326249       0.88371345463548967     
 -0.55808402705148263       0.88318461963205963     
 -0.55702336687970277       0.88249261571405890     
 -0.55596270670792303       0.88169887979619099     
 -0.55490204653614328       0.88113129655338984     
 -0.55384138636436342       0.88090636385730603     
 -0.55278072619258356       0.88068313266076625     
 -0.55172006602080370       0.88037884551078349     
 -0.55065940584902395       0.88042669789471995     
 -0.54959874567724409       0.88097554472795170     
 -0.54853808550546423       0.88163959881294840     
 -0.54747742533368449       0.88205794390274384     
 -0.54641676516190463       0.88203999821883117     
 -0.54535610499012477       0.88146311584770487     
 -0.54429544481834491       0.88051508683770030     
 -0.54323478464656516       0.87969567201995358     
 -0.54217412447478541       0.87932581706530177     
 -0.54111346430300555       0.87934641332407515     
 -0.54005280413122569       0.87960070191626272     
 -0.53899214395944584       0.87990617379402281     
 -0.53793148378766609       0.88001726140400272     
 -0.53687082361588623       0.87990486486068753     
 -0.53581016344410648       0.87984422579949428     
 -0.53474950327232662       0.88005730071278232     
 -0.53368884310054676       0.88050202887722595     
 -0.53262818292876690       0.88102645789841905     
 -0.53156752275698715       0.88152868961756314     
 -0.53050686258520729       0.88195037050580471     
 -0.52944620241342755       0.88219538792822882     
 -0.52838554224164769       0.88217428212559157     
 -0.52732488206986783       0.88192166310726372     
 -0.52626422189808797       0.88154625524865948     
 -0.52520356172630822       0.88106182223708696     
 -0.52414290155452836       0.88041470546142586     
 -0.52308224138274850       0.87965233633604967     
 -0.52202158121096875       0.87886581531724350     
 -0.52096092103918890       0.87812324241062456     
 -0.51990026086740904       0.87743875410378480     
 -0.51883960069562918       0.87690176613611071     
 -0.51777894052384943       0.87668641736124786     
 -0.51671828035206968       0.87645496220328956     
 -0.51565762018028982       0.87570385607313594     
 -0.51459696000850996       0.87475435680204905     
 -0.51353629983673010       0.87414757843858581     
 -0.51247563966495036       0.87389965762023769     
 -0.51141497949317050       0.87390387176701911     
 -0.51035431932139064       0.87401301131061526     
 -0.50929365914961089       0.87419636755478569     
 -0.50823299897783103       0.87469730170810722     
 -0.50717233880605117       0.87531591251697838     
 -0.50611167863427131       0.87544028966264009     
 -0.50505101846249156       0.87528623037478204     
 -0.50399035829071182       0.87574026864232901     
 -0.50292969811893196       0.87668244702933495     
 -0.50186903794715210       0.87608064263965246     
 -0.50080837777537235       0.87492773706244042     
 -0.49974771760359249       0.87508098787557498     
 -0.49868705743181263       0.87447211636008670     
 -0.49762639726003283       0.87466835303418922     
 -0.49656573708825308       0.86816673758249552     
 -0.49550507691647322       0.85256352625785325     
 -0.49444441674469336       0.85256352620637665     
 -0.49338375657291356       0.86816673754418394     
 -0.49232309640113375       0.87466835314712665     
 -0.49126243622935389       0.87447211660197488     
 -0.49020177605757403       0.87508098817728475     
 -0.48914111588579429       0.87492773738368723     
 -0.48808045571401448       0.87608064294909982     
 -0.48701979554223462       0.87668244729623201     
 -0.48595913537045476       0.87574026883456624     
 -0.48489847519867496       0.87528623046812293     
 -0.48383781502689521       0.87544028964495868     
 -0.48277715485511535       0.87531591238592910     
 -0.48171649468333549       0.87469730147817404     
 -0.48065583451155569       0.87419636726498751     
 -0.47959517433977589       0.87401301102017581     
 -0.47853451416799603       0.87390387153505733     
 -0.47747385399621617       0.87389965748180432     
 -0.47641319382443642       0.87414757839597423     
 -0.47535253365265662       0.87475435683557701     
 -0.47429187348087676       0.87570385616215252     
 -0.47323121330909690       0.87645496233232534     
 -0.47217055313731709       0.87668641750754206     
 -0.47110989296553735       0.87690176626927974     
 -0.47004923279375749       0.87743875419588524     
 -0.46898857262197763       0.87812324243707207     
 -0.46792791245019782       0.87886581525832963     
 -0.46686725227841802       0.87965233618208083     
 -0.46580659210663816       0.88041470521794385     
 -0.46474593193485830       0.88106182192825444     
 -0.46368527176307855       0.88154625490790739     
 -0.46262461159129875       0.88192166275871098     
 -0.46156395141951889       0.88217428177408919     
 -0.46050329124773903       0.88219538756594751     
 -0.45944263107595923       0.88195037012490440     
 -0.45838197090417948       0.88152868921627658     
 -0.45732131073239962       0.88102645748402431     
 -0.45626065056061982       0.88050202847243042     
 -0.45519999038884001       0.88005730035944163     
 -0.45413933021706016       0.87984422554611930     
 -0.45307867004528030       0.87990486472998086     
 -0.45201800987350055       0.88001726136162806     
 -0.45095734970172074       0.87990617375042046     
 -0.44989668952994089       0.87960070176778549     
 -0.44883602935816103       0.87934641300383443     
 -0.44777536918638122       0.87932581657340325     
 -0.44671470901460147       0.87969567142485405     
 -0.44565404884282162       0.88051508624282815     
 -0.44459338867104176       0.88146311532692501     
 -0.44353272849926195       0.88203999777213427     
 -0.44247206832748215       0.88205794348434663     
 -0.44141140815570229       0.88163959839435557     
 -0.44035074798392243       0.88097554431944558     
 -0.43929008781214268       0.88042669752001057     
 -0.43822942764036288       0.88037884518299148     
 -0.43716876746858302       0.88068313238004825     
 -0.43610810729680316       0.88090636361914232     
 -0.43504744712502336       0.88113129636197174     
 -0.43398678695324361       0.88169887967583227     
 -0.43292612678146375       0.88249261570521909     
 -0.43186546660968383       0.88318461977652052     
 -0.43080480643790409       0.88371345496723519     
 -0.42974414626612428       0.88414524316183785     
 -0.42868348609434442       0.88445305228213988     
 -0.42762282592256456       0.88464123622781288     
 -0.42656216575078482       0.88491254828919663     
 -0.42550150557900501       0.88551771117270062     
 -0.42444084540722515       0.88646119416190983     
 -0.42338018523544529       0.88754867680854410     
 -0.42231952506366549       0.88861075224430086     
 -0.42125886489188574       0.88946065608428571     
 -0.42019820472010588       0.88983172317758807     
 -0.41913754454832597       0.88965490233582101     
 -0.41807688437654622       0.88925256836437350     
 -0.41701622420476642       0.88891479200762769     
 -0.41595556403298656       0.88866065246977333     
 -0.41489490386120670       0.88852726970941953     
 -0.41383424368942689       0.88847072582140885     
 -0.41277358351764715       0.88817124501670519     
 -0.41171292334586729       0.88749349515994203     
 -0.41065226317408748       0.88673737881173409     
 -0.40959160300230774       0.88598143732214407     
 -0.40853094283052788       0.88475170294659011     
 -0.40747028265874796       0.88302259555701268     
 -0.40640962248696821       0.88217448667756915     
 -0.40534896231518841       0.88327179930402755     
 -0.40428830214340855       0.88365435390704161     
 -0.40322764197162869       0.87919248805716566     
 -0.40216698179984894       0.87472471428802800     
 -0.40110632162806914       0.88659181838688239     
 -0.40004566145628928       0.91835993196704258     
 -0.39898500128450942       0.94415442706907837     
 -0.39792434111272962       0.94736508452933432     
 -0.39686368094094987       0.94424566286875966     
 -0.39580302076916996       0.94798641151163721     
 -0.39474236059739010       0.95203655830395739     
 -0.39368170042561035       0.95140638375625886     
 -0.39262104025383054       0.95043647572781298     
 -0.39156038008205069       0.95193229390756162     
 -0.39049971991027083       0.95382047179544915     
 -0.38943905973849102       0.95426981897494723     
 -0.38837839956671127       0.95348646170687235     
 -0.38731773939493142       0.95186637198620649     
 -0.38625707922315156       0.94971236354681321     
 -0.38519641905137175       0.94821605835568312     
 -0.38413575887959200       0.94838731342959448     
 -0.38307509870781209       0.94929069634105157     
 -0.38201443853603223       0.94974189454306757     
 -0.38095377836425248       0.95076603385917724     
 -0.37989311819247268       0.95390899438787702     
 -0.37883245802069282       0.96241906724878579     
 -0.37777179784891296       0.96780748052475440     
 -0.37671113767713316       0.98009823825028930     
 -0.37565047750535341        1.0109448104329157     
 -0.37458981733357355        1.0164732365523994     
 -0.37352915716179369        1.0140617178364457     
 -0.37246849699001389        1.0124205783214433     
 -0.37140783681823408        1.0120327858593143     
 -0.37034717664645422        1.0131166789178410     
 -0.36928651647467436        1.0153593300984873     
 -0.36822585630289467        1.0175347917579431     
 -0.36716519613111481        1.0191855178257829     
 -0.36610453595933495        1.0200930659324492     
 -0.36504387578755515        1.0202872465673063     
 -0.36398321561577540        1.0198439658751601     
 -0.36292255544399554        1.0191937928494423     
 -0.36186189527221568        1.0188866348838270     
 -0.36080123510043588        1.0187938726374952     
 -0.35974057492865608        1.0181265675745692     
 -0.35867991475687622        1.0171169205480983     
 -0.35761925458509636        1.0168948602550476     
 -0.35655859441331661        1.0173536688999791     
 -0.35549793424153681        1.0178105727953164     
 -0.35443727406975695        1.0185338041684420     
 -0.35337661389797714        1.0196550633413031     
 -0.35231595372619728        1.0206255272726428     
 -0.35125529355441754        1.0212031184036707     
 -0.35019463338263768        1.0215823701683855     
 -0.34913397321085787        1.0219725905437589     
 -0.34807331303907801        1.0231635041464577     
 -0.34701265286729821        1.0261242265688153     
 -0.34595199269551835        1.0299405500214660     
 -0.34489133252373860        1.0323100012872277     
 -0.34383067235195880        1.0322498894624546     
 -0.34277001218017894        1.0306579984637243     
 -0.34170935200839914        1.0289677933549706     
 -0.34064869183661928        1.0283881087001481     
 -0.33958803166483953        1.0293341694523672     
 -0.33852737149305967        1.0308217449604837     
 -0.33746671132127987        1.0317409392656278     
 -0.33640605114950001        1.0318929895212758     
 -0.33534539097772020        1.0314869953369967     
 -0.33428473080594034        1.0306701046516697     
 -0.33322407063416060        1.0296207732968514     
 -0.33216341046238074        1.0286479764420591     
 -0.33110275029060093        1.0278122544644774     
 -0.33004209011882107        1.0269521886156507     
 -0.32898142994704127        1.0260293211692550     
 -0.32792076977526141        1.0253544364535505     
 -0.32686010960348166        1.0250591380176832     
 -0.32579944943170180        1.0249869935080389     
 -0.32473878925992200        1.0252219940908072     
 -0.32367812908814214        1.0254244044501266     
 -0.32261746891636234        1.0255094106206932     
 -0.32155680874458248        1.0261610302840309     
 -0.32049614857280273        1.0277163284729858     
 -0.31943548840102287        1.0297543616297840     
 -0.31837482822924307        1.0318558847805135     
 -0.31731416805746321        1.0339297634550226     
 -0.31625350788568340        1.0356057758456392     
 -0.31519284771390355        1.0368146036019326     
 -0.31413218754212380        1.0375512143747612     
 -0.31307152737034394        1.0376964944936304     
 -0.31201086719856413        1.0373658133093842     
 -0.31095020702678428        1.0369882465927289     
 -0.30988954685500447        1.0367259921215375     
 -0.30882888668322461        1.0366108799684897     
 -0.30776822651144486        1.0367991665524940     
 -0.30670756633966501        1.0370836066404918     
 -0.30564690616788520        1.0381543376619502     
 -0.30458624599610534        1.0398316513457813     
 -0.30352558582432554        1.0400083180486335     
 -0.30246492565254568        1.0427860480317583     
 -0.30140426548076593        1.0467049319456578     
 -0.30034360530898607        1.0434952174564229     
 -0.29928294513720627        1.0537399560695369     
 -0.29822228496542647        1.0733320980854926     
 -0.29716162479364661        1.0298973629427215     
 -0.29610096462186686       0.94781214499454491     
 -0.29504030445008700       0.92157517809153644     
 -0.29397964427830720       0.92917816251195529     
 -0.29291898410652734       0.92318213026024110     
 -0.29185832393474753       0.91161635449325218     
 -0.29079766376296767       0.90997911046375390     
 -0.28973700359118792       0.91328477738811720     
 -0.28867634341940807       0.91567831157879598     
 -0.28761568324762826       0.91604363363859997     
 -0.28655502307584840       0.91530470676837039     
 -0.28549436290406860       0.91538891783112786     
 -0.28443370273228874       0.91456837630455001     
 -0.28337304256050899       0.90030815912612994     
