   3.7500000000000001E-004  0.82291388527343989     
   1.1250000000000001E-003  0.82287784867313196     
   1.8750000000000004E-003  0.82300999237229977     
   2.6250000000000002E-003  0.82328527696239251     
   3.3750000000000000E-003  0.82376190100788893     
   4.1250000000000002E-003  0.82428663036066718     
   4.8750000000000000E-003  0.82459101030899751     
   5.6249999999999998E-003  0.82467215619522549     
   6.3749999999999996E-003  0.82489878444515585     
   7.1249999999999994E-003  0.82601897800467072     
   7.8750000000000001E-003  0.82904014269933179     
   8.6250000000000007E-003  0.83475596047406675     
   9.3749999999999997E-003  0.84303728822393498     
   1.0125000000000000E-002  0.85246420385794486     
   1.0874999999999999E-002  0.86086170963034758     
   1.1625000000000000E-002  0.86649648713256600     
   1.2375000000000001E-002  0.86893381827468441     
   1.3125000000000000E-002  0.86892803428995946     
   1.3875000000000000E-002  0.86769967624815081     
   1.4624999999999999E-002  0.86629032578858067     
   1.5375000000000000E-002  0.86530257443570391     
   1.6125000000000000E-002  0.86493616896287895     
   1.6875000000000001E-002  0.86513622533146206     
   1.7625000000000002E-002  0.86573819945461772     
   1.8374999999999999E-002  0.86656771805681532     
   1.9125000000000000E-002  0.86749104862841209     
   1.9875000000000000E-002  0.86842707447571832     
   2.0625000000000001E-002  0.86933676778727897     
   2.1375000000000002E-002  0.87020527308384621     
   2.2124999999999999E-002  0.87102690640460023     
   2.2875000000000000E-002  0.87179732086518780     
   2.3625000000000000E-002  0.87251222004156659     
   2.4375000000000001E-002  0.87316950163926632     
   2.5125000000000001E-002  0.87377138748853944     
   2.5874999999999999E-002  0.87432429817768742     
   2.6624999999999999E-002  0.87483621976776504     
   2.7375000000000000E-002  0.87531291625725172     
   2.8125000000000001E-002  0.87575487695374954     
   2.8875000000000001E-002  0.87615631986571674     
   2.9624999999999999E-002  0.87650647314189745     
   3.0374999999999999E-002  0.87679249546277760     
   3.1125000000000000E-002  0.87700306100112724     
   3.1875000000000001E-002  0.87713178669982195     
   3.2625000000000001E-002  0.87717988620471254     
   3.3375000000000002E-002  0.87715760477473559     
   3.4125000000000003E-002  0.87708406730816790     
   3.4875000000000003E-002  0.87698521858474121     
   3.5625000000000004E-002  0.87688978789498939     
   3.6374999999999998E-002  0.87682362789443258     
   3.7124999999999998E-002  0.87680343333646693     
   3.7874999999999999E-002  0.87683144804294166     
   3.8625000000000000E-002  0.87689296332990052     
   3.9375000000000000E-002  0.87695788673291653     
   4.0125000000000001E-002  0.87698690003328728     
   4.0875000000000002E-002  0.87694101358484811     
   4.1625000000000002E-002  0.87679190482047198     
   4.2375000000000003E-002  0.87652968908332474     
   4.3125000000000004E-002  0.87616619703502641     
   4.3874999999999997E-002  0.87573469596384657     
   4.4624999999999998E-002  0.87528819281122772     
   4.5374999999999999E-002  0.87489613975033642     
   4.6124999999999999E-002  0.87463699768054604     
   4.6875000000000000E-002  0.87458593102436177     
   4.7625000000000001E-002  0.87480056777130555     
   4.8375000000000001E-002  0.87530806344966161     
   4.9125000000000002E-002  0.87609401357340078     
   4.9875000000000003E-002  0.87709467740823799     
   5.0625000000000003E-002  0.87819760433093641     
   5.1375000000000004E-002  0.87925752830139792     
   5.2124999999999998E-002  0.88012784002781574     
   5.2874999999999998E-002  0.88069801774843026     
   5.3624999999999999E-002  0.88092224485032378     
   5.4375000000000000E-002  0.88082830280730084     
   5.5125000000000000E-002  0.88050551809798661     
   5.5875000000000001E-002  0.88007894323641422     
   5.6625000000000002E-002  0.87967959434194831     
   5.7375000000000002E-002  0.87941827872018519     
   5.8125000000000003E-002  0.87936678185846784     
   5.8875000000000004E-002  0.87954772719301677     
   5.9624999999999997E-002  0.87993372452152840     
   6.0374999999999998E-002  0.88045605583738462     
   6.1124999999999999E-002  0.88102171124236417     
   6.1874999999999999E-002  0.88153505360386175     
   6.2625000000000000E-002  0.88191830518885028     
   6.3375000000000001E-002  0.88212523855088765     
   6.4125000000000001E-002  0.88214515392655213     
   6.4875000000000002E-002  0.88199794297947065     
   6.5625000000000003E-002  0.88172379836754722     
   6.6375000000000003E-002  0.88137177394459132     
   6.7125000000000004E-002  0.88099025338861714     
   6.7875000000000005E-002  0.88062063082582598     
   6.8625000000000005E-002  0.88029408252571584     
   6.9375000000000006E-002  0.88003060636142039     
   7.0125000000000007E-002  0.87983947624154957     
   7.0875000000000007E-002  0.87972053436196118     
   7.1625000000000008E-002  0.87966599105281063     
   7.2374999999999995E-002  0.87966252571202730     
   7.3124999999999996E-002  0.87969352158640701     
   7.3874999999999996E-002  0.87974126216027260     
   7.4624999999999997E-002  0.87978886990327632     
   7.5374999999999998E-002  0.87982174003351765     
   7.6124999999999998E-002  0.87982832322366844     
   7.6874999999999999E-002  0.87980030487868355     
   7.7625000000000000E-002  0.87973233718533494     
   7.8375000000000000E-002  0.87962144359162009     
   7.9125000000000001E-002  0.87946614920040533     
   7.9875000000000002E-002  0.87926538944182786     
   8.0625000000000002E-002  0.87901730670181277     
   8.1375000000000003E-002  0.87871814478349519     
   8.2125000000000004E-002  0.87836162335827717     
   8.2875000000000004E-002  0.87793941027341393     
   8.3625000000000005E-002  0.87744345817754610     
   8.4375000000000006E-002  0.87687071848453213     
   8.5125000000000006E-002  0.87622969825996666     
   8.5875000000000007E-002  0.87554647889852455     
   8.6625000000000008E-002  0.87486629869797383     
   8.7375000000000008E-002  0.87424754920360215     
   8.8124999999999995E-002  0.87374877414448138     
   8.8874999999999996E-002  0.87341389536062308     
   8.9624999999999996E-002  0.87326277660902851     
   9.0374999999999997E-002  0.87329161842326442     
   9.1124999999999998E-002  0.87348238805618628     
   9.1874999999999998E-002  0.87381590399986242     
   9.2624999999999999E-002  0.87428145140680691     
   9.3375000000000000E-002  0.87487732166377874     
   9.4125000000000000E-002  0.87560104917069892     
   9.4875000000000001E-002  0.87643410278910749     
   9.5625000000000002E-002  0.87733037640848210     
   9.6375000000000002E-002  0.87821728640450503     
   9.7125000000000003E-002  0.87901156587551799     
   9.7875000000000004E-002  0.87964271227361346     
   9.8625000000000004E-002  0.88007199050367380     
   9.9375000000000005E-002  0.88029783726780830     
  0.10012500000000001       0.88034713625661976     
  0.10087500000000001       0.88025955739833661     
  0.10162500000000001       0.88007388905094919     
  0.10237500000000001       0.87982127579844926     
  0.10312500000000001       0.87952477640192384     
  0.10387500000000000       0.87920169020565009     
  0.10462500000000000       0.87886554713531206     
  0.10537500000000000       0.87852677232605536     
  0.10612500000000000       0.87819272939419868     
  0.10687500000000000       0.87786823202674169     
  0.10762500000000000       0.87755701335209435     
  0.10837500000000000       0.87726378491994939     
  0.10912500000000000       0.87699597756283354     
  0.10987500000000000       0.87676431529969601     
  0.11062500000000000       0.87658192557557379     
  0.11137500000000000       0.87646228939429360     
  0.11212500000000000       0.87641662871003900     
  0.11287500000000000       0.87645138591226024     
  0.11362500000000000       0.87656648297532724     
  0.11437500000000000       0.87675497895321075     
  0.11512500000000001       0.87700435036785795     
  0.11587500000000001       0.87729898124220018     
  0.11662500000000001       0.87762297489506624     
  0.11737500000000001       0.87796239070630167     
  0.11812500000000001       0.87830638389946625     
  0.11887500000000001       0.87864719912272715     
  0.11962500000000000       0.87897934168313885     
  0.12037500000000000       0.87929846556864488     
  0.12112500000000000       0.87960052992561111     
  0.12187500000000000       0.87988154685356279     
  0.12262500000000000       0.88013788330336729     
  0.12337500000000000       0.88036682418039192     
  0.12412500000000000       0.88056705699093651     
  0.12487500000000000       0.88073878164200070     
  0.12562500000000001       0.88088320667701270     
  0.12637500000000002       0.88100136343920943     
  0.12712500000000002       0.88109246767611904     
  0.12787500000000002       0.88115233168429064     
  0.12862500000000002       0.88117249390831276     
  0.12937500000000002       0.88114077957987114     
  0.13012500000000002       0.88104376401710116     
  0.13087500000000002       0.88087091006792750     
  0.13162500000000002       0.88061928015114987     
  0.13237500000000002       0.88029725958741367     
  0.13312500000000002       0.87992593417497045     
  0.13387500000000002       0.87953750190525670     
  0.13462500000000002       0.87917114385234296     
  0.13537500000000002       0.87886782846645428     
  0.13612500000000002       0.87866597157721060     
  0.13687500000000002       0.87859904468206373     
  0.13762500000000003       0.87869424001966878     
  0.13837500000000003       0.87896983675099993     
  0.13912500000000003       0.87943025411570819     
  0.13987500000000003       0.88006145489208376     
  0.14062500000000003       0.88083005453615459     
  0.14137500000000003       0.88168277737909806     
  0.14212500000000003       0.88253577359701607     
  0.14287500000000003       0.88324716391630109     
  0.14362500000000003       0.88357080006599453     
  0.14437500000000000       0.88306840283409405     
  0.14512500000000000       0.88093016624724707     
  0.14587500000000000       0.87574618169741714     
  0.14662500000000001       0.86562644980224235     
  0.14737500000000001       0.84940454513731711     
  0.14812500000000001       0.82901708358713766     
  0.14887500000000001       0.81116288486068400     
  0.14962500000000001       0.80511744949513309     
  0.15037500000000001       0.81622870565369443     
  0.15112500000000001       0.84020217382343043     
  0.15187500000000001       0.86503671376420788     
  0.15262500000000001       0.88033654625790847     
  0.15337500000000001       0.88455465683168877     
  0.15412500000000001       0.88292241194929189     
  0.15487500000000001       0.88060324228848275     
  0.15562500000000001       0.87953818559229013     
  0.15637500000000001       0.87976713925298544     
  0.15712500000000001       0.88087758147312001     
  0.15787500000000002       0.88201425035117875     
  0.15862500000000002       0.88189590743107282     
  0.15937500000000002       0.87958340037786786     
  0.16012500000000002       0.87518977781154961     
  0.16087500000000002       0.86975884845467288     
  0.16162500000000002       0.86465862466009424     
  0.16237500000000002       0.86108593329372229     
  0.16312500000000002       0.85963568060399420     
  0.16387500000000002       0.86006244378118135     
  0.16462500000000002       0.86170304344348447     
  0.16537500000000002       0.86406405333689618     
  0.16612500000000002       0.86674138154669422     
  0.16687500000000002       0.86921080298312137     
  0.16762500000000002       0.87096724649973856     
  0.16837500000000002       0.87170058422833407     
  0.16912500000000003       0.87138867264288944     
  0.16987500000000003       0.87031090781346032     
  0.17062500000000003       0.86893829328577543     
  0.17137500000000003       0.86774693028166738     
  0.17212500000000003       0.86704975927831207     
  0.17287500000000003       0.86693024452647993     
  0.17362500000000003       0.86728949488827067     
  0.17437500000000003       0.86795462343768592     
  0.17512500000000003       0.86877507335925164     
  0.17587500000000000       0.86966460001058321     
  0.17662500000000000       0.87059304409072280     
  0.17737500000000000       0.87155816779519335     
  0.17812500000000001       0.87256340149749700     
  0.17887500000000001       0.87360903659309996     
  0.17962500000000001       0.87469132865036037     
  0.18037500000000001       0.87580240287512123     
  0.18112500000000001       0.87692850211431095     
  0.18187500000000001       0.87804805768129601     
  0.18262500000000001       0.87913176213603483     
  0.18337500000000001       0.88014550270871084     
  0.18412500000000001       0.88105551551443018     
  0.18487500000000001       0.88183426255821851     
  0.18562500000000001       0.88246535138106785     
  0.18637500000000001       0.88294618966292338     
  0.18712500000000001       0.88328786719796315     
  0.18787500000000001       0.88351271676879484     
  0.18862500000000001       0.88365068866288277     
  0.18937500000000002       0.88373576640744622     
  0.19012500000000002       0.88380320138630153     
  0.19087500000000002       0.88388765638331224     
  0.19162500000000002       0.88402178135650489     
  0.19237500000000002       0.88423451747494985     
  0.19312500000000002       0.88454857732308179     
  0.19387500000000002       0.88497707427866301     
  0.19462500000000002       0.88552005470855888     
  0.19537500000000002       0.88616239014602050     
  0.19612500000000002       0.88687462151409724     
  0.19687500000000002       0.88761753503077956     
  0.19762500000000002       0.88834968569343109     
  0.19837500000000002       0.88903557449392445     
  0.19912500000000002       0.88965163241488843     
  0.19987500000000002       0.89018800392256292     
  0.20062500000000003       0.89064602719773933     
  0.20137500000000003       0.89103326393152749     
  0.20212500000000003       0.89135886572058975     
  0.20287500000000003       0.89163142930924455     
  0.20362500000000003       0.89185965962932379     
  0.20437500000000003       0.89205428738360393     
  0.20512500000000003       0.89222896260008833     
  0.20587500000000003       0.89239887247219207     
  0.20662500000000003       0.89257821293171669     
  0.20737500000000003       0.89277990847698574     
  0.20812500000000000       0.89302084768800682     
  0.20887500000000001       0.89333154217651478     
  0.20962500000000001       0.89376095866583283     
  0.21037500000000001       0.89435942520284195     
  0.21112500000000001       0.89512294475089538     
  0.21187500000000001       0.89590097706359673     
  0.21262500000000001       0.89631234100427015     
  0.21337500000000001       0.89577012806551259     
  0.21412500000000001       0.89375392436994039     
  0.21487500000000001       0.89044166939660752     
  0.21562500000000001       0.88765320885409482     
  0.21637500000000001       0.88955260306389361     
  0.21712500000000001       0.90150591876521469     
  0.21787500000000001       0.92541460644281293     
  0.21862500000000001       0.95470665889714312     
  0.21937500000000001       0.97741606653991497     
  0.22012500000000002       0.98651136994902844     
  0.22087500000000002       0.98446227682680165     
  0.22162500000000002       0.97809375765189766     
  0.22237500000000002       0.97243045450832133     
  0.22312500000000002       0.96905428349852896     
  0.22387500000000002       0.96742264258048327     
  0.22462500000000002       0.96647798945513252     
  0.22537500000000002       0.96553249591049872     
  0.22612500000000002       0.96444298066414391     
  0.22687500000000002       0.96338911401271243     
  0.22762500000000002       0.96259534539736402     
  0.22837500000000002       0.96217722729087851     
  0.22912500000000002       0.96209270778684075     
  0.22987500000000002       0.96222095406375951     
  0.23062500000000002       0.96246024481355641     
  0.23137500000000003       0.96272457169470815     
  0.23212500000000003       0.96297262236907311     
  0.23287500000000003       0.96321433713271398     
  0.23362500000000003       0.96347371714793628     
  0.23437500000000003       0.96375322954686282     
  0.23512500000000003       0.96401065965786570     
  0.23587500000000003       0.96414523747256586     
  0.23662500000000003       0.96400537476117087     
  0.23737500000000003       0.96343529293687791     
  0.23812500000000003       0.96236246041906570     
  0.23887500000000003       0.96089832138459919     
  0.23962500000000000       0.95939351330215383     
  0.24037500000000001       0.95837801999524552     
  0.24112500000000001       0.95834555929543475     
  0.24187500000000001       0.95940252536122883     
  0.24262500000000001       0.96088679237561236     
  0.24337500000000001       0.96117393500902293     
  0.24412500000000001       0.95800003237005715     
  0.24487500000000001       0.94950943040996238     
  0.24562500000000001       0.93561587485771835     
  0.24637500000000001       0.91854824308127936     
  0.24712500000000001       0.90179817969308251     
  0.24787500000000001       0.88821780445274212     
  0.24862500000000001       0.87886660899535651     
  0.24937500000000001       0.87324852728045910     
  0.25012499999999999       0.87023497231791302     
  0.25087500000000001       0.86879292659312557     
  0.25162499999999999       0.86824078717265707     
  0.25237500000000002       0.86819262413183418     
  0.25312499999999999       0.86841510697845192     
  0.25387500000000002       0.86872539039077945     
  0.25462499999999999       0.86896501324175013     
  0.25537500000000002       0.86903863843399731     
  0.25612499999999999       0.86899135468169941     
  0.25687499999999996       0.86909171214184111     
  0.25762499999999999       0.86987080250643678     
  0.25837499999999997       0.87204107675177633     
  0.25912499999999999       0.87622209782544136     
  0.25987499999999997       0.88250997829532107     
  0.26062500000000000       0.89014978909789777     
  0.26137499999999997       0.89767869585729176     
  0.26212500000000000       0.90359737138847362     
  0.26287499999999997       0.90709476303945902     
  0.26362500000000000       0.90826798496399608     
  0.26437499999999997       0.90778641944104099     
  0.26512500000000000       0.90639658358947739     
  0.26587499999999997       0.90462011398378062     
  0.26662500000000000       0.90270958448216199     
  0.26737499999999997       0.90074812371401813     
  0.26812500000000000       0.89876880307895413     
  0.26887499999999998       0.89683020998001950     
  0.26962500000000000       0.89503654862326298     
  0.27037499999999998       0.89351787650600367     
  0.27112500000000000       0.89239355524524955     
  0.27187499999999998       0.89173778081260657     
  0.27262500000000001       0.89155815489065660     
  0.27337499999999998       0.89179105666331704     
  0.27412500000000001       0.89231235785585883     
  0.27487499999999998       0.89296005192221239     
  0.27562500000000001       0.89356701395541882     
  0.27637499999999998       0.89399676110858384     
  0.27712500000000001       0.89416895153828624     
  0.27787499999999998       0.89408106512312657     
  0.27862500000000001       0.89380193034478383     
  0.27937499999999998       0.89344097773420983     
  0.28012500000000001       0.89311313594708808     
  0.28087499999999999       0.89290872580206115     
  0.28162500000000001       0.89287670678692665     
  0.28237499999999999       0.89302348771571749     
  0.28312500000000002       0.89332129218369483     
  0.28387499999999999       0.89371939828372415     
  0.28462500000000002       0.89415653146991225     
  0.28537499999999999       0.89457377333032262     
  0.28612500000000002       0.89492591680729872     
  0.28687499999999999       0.89518940438157690     
  0.28762500000000002       0.89536586598990053     
  0.28837499999999999       0.89548181493081169     
  0.28912499999999997       0.89558489133310237     
  0.28987499999999999       0.89573568880405174     
  0.29062499999999997       0.89599377110163436     
  0.29137500000000000       0.89639979694326344     
  0.29212499999999997       0.89696240736981514     
  0.29287500000000000       0.89766262662247498     
  0.29362499999999997       0.89848092280560776     
  0.29437500000000000       0.89942960846611042     
  0.29512499999999997       0.90054924690210758     
  0.29587500000000000       0.90183458191467103     
  0.29662499999999997       0.90308921824219546     
  0.29737500000000000       0.90373012867884017     
  0.29812499999999997       0.90276388340454539     
  0.29887500000000000       0.89962904490313167     
  0.29962499999999997       0.89588886452711480     
