   3.7500000000000001E-004  0.81286065221000314        6.8346813415251766E-004  0.11936588219193306        1.9643332131033344        2.4057858860925210     
   1.1250000000000001E-003  0.81321342986506995        1.7565944028093898E-003  0.11844194773299049        1.9644000617336206        2.4049932605338711     
   1.8750000000000004E-003  0.81395395618908828        2.2605895250993558E-003  0.11859872423209528        1.9647907284936010        2.4032652547827817     
   2.6250000000000002E-003  0.81557517578944105        2.4244293283595449E-003  0.11963041756194578        1.9654239671290108        2.3991001579572511     
   3.3750000000000000E-003  0.81827445211663752        2.5590716523347318E-003  0.12017333136217298        1.9660754857658527        2.3919200188713323     
   4.1250000000000002E-003  0.82045631225406546        2.7130500522001594E-003  0.11962229540786046        1.9666417304842194        2.3863754441674061     
   4.8750000000000000E-003  0.82253637467980845        2.7659683491339428E-003  0.11787212357135782        1.9670316279326949        2.3811484929978577     
   5.6249999999999998E-003  0.82446988040121916        2.6909003061598886E-003  0.11549095162278869        1.9674546715501333        2.3765105261928392     
   6.3749999999999996E-003  0.82608827232089088        2.6367729619173079E-003  0.11396936928728565        1.9686409369831386        2.3735659172818662     
   7.1249999999999994E-003  0.82740173227872604        2.7173809742588543E-003  0.11357965760379313        1.9709863207133924        2.3727121778585132     
   7.8750000000000001E-003  0.82834933845732373        3.0470534309911691E-003  0.11333028878185890        1.9734283982460477        2.3729966130429876     
   8.6250000000000007E-003  0.82850689275189737        3.8665532118656292E-003  0.11306659182651994        1.9734489291064432        2.3726112691814607     
   9.3749999999999997E-003  0.82806776773370783        5.0461061757268401E-003  0.11311992911387386        1.9713752833482743        2.3713438592352176     
   1.0125000000000000E-002  0.82950692454764874        4.2771814968354596E-003  0.11243264116655077        1.9751926493021206        2.3719657034024233     
   1.0874999999999999E-002  0.83819782458846259       -2.4541840748399388E-003  0.10794055727123222        2.0023122961529061        2.3805341854162183     
   1.1625000000000000E-002  0.85339166345471984       -1.4649411416201132E-002   9.8584255990798703E-002   2.0514248249910145        2.3970293163641814     
   1.2375000000000001E-002  0.86615443106862844       -2.4571338780260445E-002   9.1013655213347783E-002   2.0941147208742539        2.4117921263510143     
   1.3125000000000000E-002  0.87068680985514957       -2.7837605339422263E-002   8.7892637781728150E-002   2.1098061598705575        2.4175454415797413     
   1.3875000000000000E-002  0.87082116771836082       -2.6706788407986660E-002   8.7632462234839531E-002   2.1101234346359981        2.4176084248705587     
   1.4624999999999999E-002  0.87037169311885421       -2.4595844398603416E-002   8.7607314675814216E-002   2.1079560664145904        2.4164382828232154     
   1.5375000000000000E-002  0.87082424069053155       -2.3206838487854382E-002   8.7080293670155587E-002   2.1088226860707686        2.4162850054274938     
   1.6125000000000000E-002  0.87168245174828496       -2.2392513617901576E-002   8.6475609358277750E-002   2.1110996406250901        2.4166169614371822     
   1.6875000000000001E-002  0.87319627413219147       -2.2478790348139772E-002   8.6167305998340951E-002   2.1156664968585863        2.4176988757446018     
   1.7625000000000002E-002  0.87491798802163812       -2.3543375882959440E-002   8.6480918612449595E-002   2.1217844552013103        2.4198766411651760     
   1.8374999999999999E-002  0.87628336939244056       -2.5257078003646245E-002   8.6651827202838233E-002   2.1279907131770934        2.4231230279283609     
   1.9125000000000000E-002  0.87704010969911372       -2.6630382298378406E-002   8.5537792049744418E-002   2.1326192632967644        2.4263926865078340     
   1.9875000000000000E-002  0.87755725768717019       -2.6825561587125860E-002   8.2667703793078307E-002   2.1351920240320661        2.4282042720225796     
   2.0625000000000001E-002  0.87825873461999993       -2.5968371353657451E-002   7.9254944014921988E-002   2.1362156597429087        2.4278218211176008     
   2.1375000000000002E-002  0.87891869153709978       -2.4962865854030288E-002   7.7210531136316957E-002   2.1364786022457758        2.4265415719230212     
   2.2124999999999999E-002  0.87921083066326589       -2.4442100889180564E-002   7.7294543915739769E-002   2.1366665842396779        2.4259587635667232     
   2.2875000000000000E-002  0.87940822257885687       -2.4195912349300588E-002   7.8907026455280471E-002   2.1370704310807400        2.4257193111460502     
   2.3625000000000000E-002  0.87957103719610474       -2.3575519047587704E-002   8.0793172688444395E-002   2.1374621680373833        2.4255409614151624     
   2.4375000000000001E-002  0.87943131483712200       -2.2328269693341687E-002   8.1849800160469194E-002   2.1375029230457949        2.4258978535089448     
   2.5125000000000001E-002  0.87919191177457012       -2.0879337066204914E-002   8.1734585149969410E-002   2.1372906096661000        2.4263683558921070     
   2.5874999999999999E-002  0.87913914150368311       -1.9820862269722482E-002   8.0967996987006297E-002   2.1373554613480819        2.4266960475363666     
   2.6624999999999999E-002  0.87915207501771764       -1.9396490093814722E-002   8.0331236800096878E-002   2.1381614971672991        2.4276544563668643     
   2.7375000000000000E-002  0.87925252141527521       -1.9483542379767536E-002   7.9925320448234222E-002   2.1397083224293176        2.4291767576156920     
   2.8125000000000001E-002  0.87986203378823402       -1.9816330189163088E-002   7.9319345261403065E-002   2.1416497736263280        2.4297574270282518     
   2.8875000000000001E-002  0.88087830177653825       -2.0168001760470445E-002   7.8524078654872251E-002   2.1435425685182516        2.4291797790492389     
   2.9624999999999999E-002  0.88153010460622283       -2.0406854721447779E-002   7.8434988949474205E-002   2.1450657399762587        2.4291174081486981     
   3.0374999999999999E-002  0.88153704826115820       -2.0414343926987381E-002   7.9303491137016263E-002   2.1459179261463692        2.4299766710971222     
   3.1125000000000000E-002  0.88136506090062339       -2.0042745630218798E-002   7.9778227194177487E-002   2.1457844135833408        2.4302595907943521     
   3.1875000000000001E-002  0.88143058940990415       -1.9294767904280082E-002   7.8733881727341581E-002   2.1445284147288728        2.4287797590055287     
   3.2625000000000001E-002  0.88160016388105822       -1.8440399346246278E-002   7.7111617704143015E-002   2.1423843373721212        2.4260647570525968     
   3.3375000000000002E-002  0.88133528170759412       -1.7750626452757247E-002   7.6443979334619439E-002   2.1397400902001786        2.4238744742663938     
   3.4125000000000003E-002  0.88040120585276349       -1.7188081622631381E-002   7.6901696392953758E-002   2.1369231811187843        2.4232097397354133     
   3.4875000000000003E-002  0.87929176881005000       -1.6519122151559811E-002   7.7966884361890865E-002   2.1342062414222394        2.4230801201137986     
   3.5625000000000004E-002  0.87851083429164945       -1.5654063970083877E-002   7.9540244655059586E-002   2.1318765008148839        2.4224359766302253     
   3.6374999999999998E-002  0.87789691366842759       -1.4754006751248196E-002   8.1344623676000580E-002   2.1301938973027736        2.4220398200455024     
   3.7124999999999998E-002  0.87711657317813219       -1.4088378417270812E-002   8.2652425791631262E-002   2.1293869856821210        2.4231438046484741     
   3.7874999999999999E-002  0.87637446860084256       -1.3837811105726426E-002   8.3117945674719973E-002   2.1296576535958081        2.4254549915556822     
   3.8625000000000000E-002  0.87631504747884781       -1.3978412174279406E-002   8.3019092089890653E-002   2.1309948721477294        2.4271532463823480     
   3.9375000000000000E-002  0.87723237749912153       -1.4260034943816226E-002   8.2579795075390983E-002   2.1329612891551131        2.4269036847857843     
   4.0125000000000001E-002  0.87845197822724197       -1.4268192802837944E-002   8.1681890761117232E-002   2.1348005175658837        2.4257297438681173     
   4.0875000000000002E-002  0.87905678952939104       -1.3623649064531463E-002   8.0447573369890113E-002   2.1358628760901874        2.4254134888104724     
   4.1625000000000002E-002  0.87901295702688775       -1.2250726244761123E-002   7.9644960797284794E-002   2.1359592332343151        2.4257499749787081     
   4.2375000000000003E-002  0.87880332264579408       -1.0466405598355858E-002   8.0076897765739813E-002   2.1353417742008443        2.4256065876900634     
   4.3125000000000004E-002  0.87844184688487059       -8.7684707233556172E-003   8.1596790401912339E-002   2.1344133395346412        2.4254080097501691     
   4.3874999999999997E-002  0.87768852122912633       -7.4983182473434482E-003   8.2855581908179252E-002   2.1334762688223106        2.4262973931435234     
   4.4624999999999998E-002  0.87695570320083138       -6.6775765816814263E-003   8.2379311110999637E-002   2.1327063044784724        2.4275018759467977     
   4.5374999999999999E-002  0.87705399709434329       -6.1329780381355501E-003   8.0275459943679628E-002   2.1322766244308755        2.4269673716304885     
   4.6124999999999999E-002  0.87795874606184521       -5.6966396895131990E-003   7.8430224358228023E-002   2.1323443976685734        2.4247411885837526     
   4.6875000000000000E-002  0.87886455942842368       -5.2538460544013241E-003   7.8482325643007222E-002   2.1328515850670131        2.4228211675358180     
   4.7625000000000001E-002  0.87933371986990405       -4.7092263559514753E-003   8.0017298113615021E-002   2.1334612034837601        2.4220700883912984     
   4.8375000000000001E-002  0.87951963040827985       -4.0289024568079127E-003   8.1320471437542674E-002   2.1337590549660215        2.4217655912833038     
   4.9125000000000002E-002  0.87963714814811833       -3.3141253671324770E-003   8.1448227164890641E-002   2.1335629954268800        2.4212096881220040     
   4.9875000000000003E-002  0.87968153312139075       -2.7233454999720033E-003   8.0907285846004498E-002   2.1330281046999993        2.4205387411900432     
   5.0625000000000003E-002  0.87953124000477167       -2.2664387930423410E-003   8.0627847253857937E-002   2.1324364073170874        2.4203095434292305     
   5.1375000000000004E-002  0.87914338660252078       -1.7589410386659823E-003   8.0919263151381024E-002   2.1319437905211678        2.4207859891069807     
   5.2124999999999998E-002  0.87866534125440343       -1.0186729174462947E-003   8.1429612241162991E-002   2.1315326447247309        2.4215804835211321     
   5.2874999999999998E-002  0.87830206881978823       -2.9337141627442284E-005   8.1694180629410362E-002   2.1311583759056187        2.4221268619908525     
   5.3624999999999999E-002  0.87816545814266900        1.1017990962867723E-003   8.1614209632674253E-002   2.1308885444713184        2.4222033978345090     
   5.4375000000000000E-002  0.87829485114465911        2.2681073923480032E-003   8.1509430342888767E-002   2.1308886351243763        2.4218558221028648     
   5.5125000000000000E-002  0.87863005764223656        3.4092492023068246E-003   8.1677395541812220E-002   2.1312410709834109        2.4213126735310397     
   5.5875000000000001E-002  0.87900568473561336        4.4833857883586001E-003   8.2034183754680440E-002   2.1318059805817149        2.4208792024781407     
   5.6625000000000002E-002  0.87932293945293127        5.4439422468740171E-003   8.2222599121523757E-002   2.1322666816302940        2.4205050860044035     
   5.7375000000000002E-002  0.87955078986701318        6.2529152717644663E-003   8.1927245832192810E-002   2.1323437849851126        2.4199920651699824     
   5.8125000000000003E-002  0.87952139741799362        6.9163371348825702E-003   8.1122038121884302E-002   2.1319799448720067        2.4197383256958411     
   5.8875000000000004E-002  0.87915582701304018        7.4993283331102195E-003   8.0205444686928612E-002   2.1313641124219131        2.4201324586936486     
   5.9624999999999997E-002  0.87873081195819958        8.0665968432369721E-003   7.9758576240666013E-002   2.1307687630648546        2.4206640298667783     
   6.0374999999999998E-002  0.87839666103487990        8.5879330507512563E-003   7.9972579382366973E-002   2.1303766530173864        2.4211091205059914     
   6.1124999999999999E-002  0.87790585434115753        8.9516779692557433E-003   8.0418085304644879E-002   2.1302484301216760        2.4222637830755169     
   6.1874999999999999E-002  0.87729979842844252        9.0854283421281795E-003   8.0558707151220987E-002   2.1304218327550100        2.4241155760073236     
   6.2625000000000000E-002  0.87719646848693666        9.0309169049808784E-003   8.0316710510198092E-002   2.1309489249862352        2.4250274451373572     
   6.3375000000000001E-002  0.87785684081487325        8.9441680567609629E-003   8.0023110572274347E-002   2.1317877200307001        2.4241934549556698     
   6.4125000000000001E-002  0.87869807975374115        9.0825165479753445E-003   8.0002978222538573E-002   2.1326669508103282        2.4228777065830940     
   6.4875000000000002E-002  0.87912869345775180        9.7364294546000950E-003   8.0306325971193956E-002   2.1331632176037458        2.4222180678492369     
   6.5625000000000003E-002  0.87907386476943339        1.1069311513009298E-002   8.0774421102692645E-002   2.1329895862992103        2.4221046345311845     
   6.6375000000000003E-002  0.87872590357845393        1.2991885142091238E-002   8.1287107558827940E-002   2.1322522995123814        2.4221392480849291     
   6.7125000000000004E-002  0.87831760669720271        1.5214670706151743E-002   8.1803826535609303E-002   2.1314105657289559        2.4222095648597266     
   6.7875000000000005E-002  0.87807521999732718        1.7410646516805038E-002   8.2172780608357004E-002   2.1309629335420834        2.4222814774897539     
   6.8625000000000005E-002  0.87811958181946714        1.9334071405497442E-002   8.2216663349203523E-002   2.1311408537771928        2.4223114462744726     
   6.9375000000000006E-002  0.87833290110005158        2.0854686161483171E-002   8.2026878312065538E-002   2.1318111350159903        2.4224679905065134     
   7.0125000000000007E-002  0.87838804916249358        2.1964511058454421E-002   8.1895912545999178E-002   2.1325753209129017        2.4231692946591581     
   7.0875000000000007E-002  0.87805228803305091        2.2787906448784270E-002   8.1958674253117286E-002   2.1329823961804193        2.4245271603416501     
   7.1625000000000008E-002  0.87747658209847723        2.3515785948632646E-002   8.2068790597381591E-002   2.1327379964341548        2.4258026524488989     
   7.2374999999999995E-002  0.87701530131144123        2.4226454087287137E-002   8.1874019063726572E-002   2.1317915457451133        2.4259955821924626     
   7.3124999999999996E-002  0.87685203990501881        2.4788615983906578E-002   8.1082736022206420E-002   2.1303013626746345        2.4248128622210774     
   7.3874999999999996E-002  0.87685670932843962        2.5026483990170285E-002   7.9819021633862397E-002   2.1285511100940040        2.4229284434567160     
   7.4624999999999997E-002  0.87666440717199645        2.4988826798503561E-002   7.8516823545914730E-002   2.1268375639377068        2.4216396758077638     
   7.5374999999999998E-002  0.87610025906611100        2.5009194986552945E-002   7.7718213031642613E-002   2.1253897403835236        2.4216242362114135     
   7.6124999999999998E-002  0.87540702835177775        2.5450847733736362E-002   7.8139021922991450E-002   2.1243324489134281        2.4222733641751035     
   7.6874999999999999E-002  0.87493471302430759        2.6368236213716471E-002   8.0170752256331690E-002   2.1236259292924857        2.4225299531576687     
   7.7625000000000000E-002  0.87477327725624920        2.7441068561763482E-002   8.3022575314512265E-002   2.1230412708391984        2.4219659970296714     
   7.8375000000000000E-002  0.87463641185061458        2.8268404052391501E-002   8.5080588721189926E-002   2.1223038668880885        2.4212448681613079     
   7.9125000000000001E-002  0.87423300650859792        2.8731391583177862E-002   8.5425221150158021E-002   2.1213563083465985        2.4212201188049831     
   7.9875000000000002E-002  0.87369351967476638        2.9050730352917588E-002   8.4605749560964061E-002   2.1204475094321182        2.4217508865840620     
   8.0625000000000002E-002  0.87330183280826501        2.9496482488812339E-002   8.3895306263913838E-002   2.1198893680361590        2.4222569771089164     
   8.1375000000000003E-002  0.87305238223350945        3.0110958205404111E-002   8.4069053098223823E-002   2.1197449399873625        2.4227389890478821     
   8.2125000000000004E-002  0.87272103249602706        3.0746200394911397E-002   8.4862714525729827E-002   2.1197364794939677        2.4235337639814145     
   8.2875000000000004E-002  0.87223282899749210        3.1294867371543487E-002   8.5360122144667677E-002   2.1194194382921863        2.4244457617893125     
   8.3625000000000005E-002  0.87184926895044468        3.1804862669904579E-002   8.4894760503178304E-002   2.1184947974674628        2.4244803753061492     
   8.4375000000000006E-002  0.87177128132641801        3.2359824941619444E-002   8.3684747334124898E-002   2.1170242193995223        2.4231206723982233     
   8.5125000000000006E-002  0.87179785696883294        3.2913152588479433E-002   8.2616988612923478E-002   2.1153752906534420        2.4212486135067426     
   8.5875000000000007E-002  0.87160175105925941        3.3290594022905226E-002   8.2517593488930951E-002   2.1139717098117630        2.4201762211681208     
   8.6625000000000008E-002  0.87116429491310798        3.3354403573791089E-002   8.3533057963087909E-002   2.1130348583462433        2.4201996040686904     
   8.7375000000000008E-002  0.87076063627240363        3.3149942815563035E-002   8.4860300230333183E-002   2.1124416170092424        2.4204993570386555     
   8.8124999999999995E-002  0.87051045294912344        3.2868283959656942E-002   8.5363737238595194E-002   2.1118478520197770        2.4204670677157432     
   8.8874999999999996E-002  0.87024301745399613        3.2686940893412064E-002   8.4691012500930390E-002   2.1110709378983987        2.4203998299619278     
   8.9624999999999996E-002  0.86973280135152431        3.2656028814755114E-002   8.3361091765488227E-002   2.1103257706101437        2.4211088162884353     
   9.0374999999999997E-002  0.86899001168072942        3.2664459076253843E-002   8.1997591910494660E-002   2.1100150306049148        2.4229651184477206     
   9.1124999999999998E-002  0.86859473342549587        3.2497571539682170E-002   8.0922419523200659E-002   2.1102793292584221        2.4244929860413245     
   9.1874999999999998E-002  0.86929887342335355        3.2006409738163155E-002   8.0092419978762638E-002   2.1107423546103603        2.4231752334724597     
   9.2624999999999999E-002  0.87102531384722504        3.1259448526700706E-002   7.9179416683258536E-002   2.1107872429135131        2.4185605602743330     
   9.3375000000000000E-002  0.87299003498825045        3.0493314676232772E-002   7.7971175937667697E-002   2.1101563595404036        2.4125610973764373     
   9.4125000000000000E-002  0.87469000772368566        2.9901676946745483E-002   7.6739387140862481E-002   2.1092201366630272        2.4069587160685306     
   9.4875000000000001E-002  0.87602526427793137        2.9560623144227412E-002   7.6009484409871153E-002   2.1086060469605510        2.4026815824339494     
   9.5625000000000002E-002  0.87694301463766622        2.9588630786822792E-002   7.5909567825427043E-002   2.1086395310884436        2.4002186005648252     
   9.6375000000000002E-002  0.87742482272540800        3.0199596281833621E-002   7.6056194121467510E-002   2.1092262790408336        2.3995334913258719     
   9.7125000000000003E-002  0.87753160695100463        3.1442719778941385E-002   7.6134011150474384E-002   2.1101637554035197        2.4002528942654173     
   9.7875000000000004E-002  0.87739993549632245        3.2978452125425758E-002   7.6187858287737623E-002   2.1113959712985357        2.4019472499071468     
   9.8625000000000004E-002  0.87726904216410184        3.4271647864846877E-002   7.6376063374564346E-002   2.1129542819095017        2.4040061292426391     
   9.9375000000000005E-002  0.87740483401317371        3.5008141696835256E-002   7.6666636985560199E-002   2.1147771247887137        2.4056502938580362     
  0.10012500000000001       0.87787186922159599        3.5280594364776208E-002   7.6823551990964953E-002   2.1167172163038859        2.4065548639256549     
  0.10087500000000001       0.87850245444638519        3.5422601637460110E-002   7.6783017607882545E-002   2.1187279069625520        2.4071170748564730     
  0.10162500000000001       0.87907860781501124        3.5693779703712562E-002   7.6804022166341079E-002   2.1209187059777626        2.4080200587200693     
  0.10237500000000001       0.87948473162675311        3.6107512373978773E-002   7.7138104319732004E-002   2.1233774147990578        2.4096534145913941     
  0.10312500000000001       0.87979857986696752        3.6555547126002126E-002   7.7828264439103373E-002   2.1259895744785489        2.4116744246250210     
  0.10387500000000000       0.88016612211644096        3.7047942491911533E-002   7.8736540370655111E-002   2.1284363024907371        2.4133340201010234     
  0.10462500000000000       0.88057345313567015        3.7745815921348638E-002   7.9495503435746157E-002   2.1303425294405596        2.4142735933316590     
  0.10537500000000000       0.88091675520228119        3.8754923222644691E-002   7.9741192647695774E-002   2.1314927844222673        2.4145654725552670     
  0.10612500000000000       0.88111648586367797        3.9951593405989354E-002   7.9628832701553798E-002   2.1319791215090440        2.4145221188029229     
  0.10687500000000000       0.88108166042002822        4.1052295039015897E-002   7.9707038486901943E-002   2.1321200862670748        2.4147118907678609     
  0.10762500000000000       0.88081928777363516        4.1838738038684195E-002   8.0165983766796289E-002   2.1321867216961579        2.4154159804334272     
  0.10837500000000000       0.88046730214891589        4.2298722975614336E-002   8.0613328846703372E-002   2.1322158827617916        2.4163412560511719     
  0.10912500000000000       0.88014673829978962        4.2601349231157729E-002   8.0885905110255743E-002   2.1321307683623973        2.4170776782123968     
  0.10987500000000000       0.87993512383055117        4.2944066537535852E-002   8.1401810642338090E-002   2.1319813154553735        2.4174148169305569     
  0.11062500000000000       0.87979296136348795        4.3339468827721495E-002   8.2302536364880052E-002   2.1319720192991385        2.4176767001839576     
  0.11137500000000000       0.87962465642129584        4.3586149482708579E-002   8.3121601947204610E-002   2.1322924900188025        2.4184011348081476     
  0.11212500000000000       0.87948572636403333        4.3551299146079747E-002   8.3499955311383323E-002   2.1329192475355598        2.4194561166009589     
  0.11287500000000000       0.87943943183017226        4.3406525820690170E-002   8.3538181161119496E-002   2.1335354734189549        2.4202878911084649     
  0.11362500000000000       0.87942376464965744        4.3461601649374307E-002   8.3542457935210812E-002   2.1336940788782837        2.4205077036302769     
  0.11437500000000000       0.87938543264290792        4.3803505558068237E-002   8.3613589974100372E-002   2.1330968998272390        2.4199068969027628     
  0.11512500000000001       0.87930923589117282        4.4272184302011457E-002   8.3539089541921269E-002   2.1317835183852183        2.4186038026447445     
  0.11587500000000001       0.87911108526005333        4.4784732439424463E-002   8.3167347189634283E-002   2.1301009919743801        2.4172443171600762     
  0.11662500000000001       0.87870935037231834        4.5466138368461619E-002   8.2733983142748074E-002   2.1285046328229509        2.4165368350654801     
  0.11737500000000001       0.87826900250948470        4.6460644497383692E-002   8.2545867414833163E-002   2.1273445318901683        2.4163855458337542     
  0.11812500000000001       0.87810735983256827        4.7755904229580655E-002   8.2434939340142593E-002   2.1267406649523268        2.4160743276844241     
  0.11887500000000001       0.87822960420836738        4.9128286501875389E-002   8.1910991423277915E-002   2.1265683259458807        2.4155122354009291     
  0.11962500000000000       0.87831114486741102        5.0222958893599276E-002   8.0983066700272194E-002   2.1265803662131066        2.4153297205412576     
  0.12037500000000000       0.87828852076513564        5.0837773175265548E-002   8.0254522384279353E-002   2.1265568607831256        2.4154008905127067     
  0.12112500000000000       0.87847613641132238        5.1142626505359473E-002   7.9955386405288195E-002   2.1263896983503399        2.4147069047787961     
  0.12187500000000000       0.87897141769722476        5.1506643851634143E-002   7.9668983103558147E-002   2.1261517631123690        2.4130842639492949     
  0.12262500000000000       0.87945452093013432        5.2175312621040783E-002   7.9184533096615550E-002   2.1260887276132010        2.4116951581711046     
  0.12337500000000000       0.87966762399528309        5.3227854237890213E-002   7.8818932510750589E-002   2.1264212828215734        2.4114560105587710     
  0.12412500000000000       0.87969319719319627        5.4708182913018689E-002   7.8867362667977253E-002   2.1271423598795858        2.4120975991062670     
  0.12487500000000000       0.87973474382419714        5.6571939021476843E-002   7.9299819799221863E-002   2.1281123878574699        2.4129084221706050     
  0.12562500000000001       0.87991490029902608        5.8550859781672425E-002   7.9894664129130821E-002   2.1293439525306077        2.4136070158567673     
  0.12637500000000002       0.88030570177672895        6.0283067459794823E-002   8.0346882354991461E-002   2.1310526010139221        2.4142997377380699     
  0.12712500000000002       0.88095549978993648        6.1616567401136524E-002   8.0401105378200638E-002   2.1333054093459509        2.4149706247493139     
  0.12787500000000002       0.88177756803233975        6.2676730519381080E-002   8.0111529514624316E-002   2.1356612866590154        2.4153422300168566     
  0.12862500000000002       0.88249946765609388        6.3641796044419247E-002   7.9900883147496243E-002   2.1373284114228177        2.4152043462864285     
  0.12937500000000002       0.88283256459024040        6.4553987115258102E-002   8.0171431480416527E-002   2.1377927095465439        2.4147187214770938     
  0.13012500000000002       0.88272790285751213        6.5338899561696973E-002   8.0829715948275593E-002   2.1372264676124910        2.4142293217039636     
  0.13087500000000002       0.88244389196277451        6.5911342258918981E-002   8.1313239503803925E-002   2.1361892088928021        2.4137300788634870     
  0.13162500000000002       0.88218477150239538        6.6240688739051395E-002   8.1140472349570253E-002   2.1349689894953130        2.4130438771877216     
  0.13237500000000002       0.88173587391988384        6.6373218400872819E-002   8.0385179543221302E-002   2.1333480049846103        2.4124975391542467     
  0.13312500000000002       0.88086779952271488        6.6427558943510739E-002   7.9587645837448789E-002   2.1310575731772299        2.4123454684008654     
  0.13387500000000002       0.87983046521411468        6.6515449434560267E-002   7.9176791997687401E-002   2.1283514003697452        2.4121402841719282     
  0.13462500000000002       0.87896670768002994        6.6627355226565668E-002   7.9052561122029019E-002   2.1260037431063212        2.4118360424482326     
  0.13537500000000002       0.87839772607981081        6.6645923170877586E-002   7.8883097584990153E-002   2.1247408651046804        2.4119718579921927     
  0.13612500000000002       0.87848392850471013        6.6500434801546299E-002   7.8682946958662431E-002   2.1246941735133951        2.4117156908300075     
  0.13687500000000002       0.87942328899173106        6.6228170545099788E-002   7.8755117485634948E-002   2.1253161920591781        2.4098702614029031     
  0.13762500000000003       0.88028588218275239        6.5891806594856633E-002   7.9082112000318505E-002   2.1257550574836346        2.4080094494513888     
  0.13837500000000003       0.88009565712669302        6.5565783126611571E-002   7.9133372016433431E-002   2.1253898396881148        2.4081358973386191     
  0.13912500000000003       0.87946385712721731        6.5346941884825704E-002   7.8441685688241808E-002   2.1241924177243834        2.4085884243570495     
  0.13987500000000003       0.87944055255620968        6.5242292693999171E-002   7.7205623542800611E-002   2.1226962226827011        2.4070839800688275     
  0.14062500000000003       0.87979212343158286        6.5126007745651027E-002   7.6000945530272701E-002   2.1215616330065616        2.4049641356961455     
  0.14137500000000003       0.87953364050046035        6.4876539003471984E-002   7.4970929936205660E-002   2.1210872591819272        2.4052511435545925     
  0.14212500000000003       0.87859954902730686        6.4570899044310709E-002   7.3876646494099585E-002   2.1211223093232197        2.4079725689980624     
  0.14287500000000003       0.87796822613910264        6.4553362146140686E-002   7.2847515898009252E-002   2.1213997654930909        2.4101150240066640     
  0.14362500000000003       0.87860121376132816        6.5300665846325254E-002   7.2554379313217440E-002   2.1218371130320173        2.4088456121706718     
  0.14437500000000000       0.88042594505514371        6.7068738584281390E-002   7.3521725594129061E-002   2.1225050343620779        2.4043824346064815     
  0.14512500000000000       0.88197471937705363        6.9556542695611429E-002   7.5360390406516820E-002   2.1234404205008479        2.4008375912189832     
  0.14587500000000000       0.88219845792807883        7.2080881533059527E-002   7.7040191360609078E-002   2.1246083279075614        2.4011601083289307     
  0.14662500000000001       0.88186976976808451        7.4101703142602948E-002   7.7911158175599127E-002   2.1259596144003017        2.4033079993454600     
  0.14737500000000001       0.88137367073279349        7.5438483245772708E-002   7.7920362578822705E-002   2.1273891217743137        2.4061488818285235     
  0.14812500000000001       0.87840388420833015        7.6135914930727633E-002   7.7197525118712140E-002   2.1286830811179640        2.4157353576932330     
  0.14887500000000001       0.87171996139923413        7.6518410201505765E-002   7.6474947169476448E-002   2.1297569498528821        2.4354657164981930     
  0.14962500000000001       0.86791201794563078        7.7435144433584735E-002   7.7435144486375770E-002   2.1309934625614435        2.4473502520998340     
  0.15037500000000001       0.87502105672637409        7.9504614697178344E-002   8.0861476094531051E-002   2.1330508393672716        2.4293160475091375     
  0.15112500000000001       0.88766177530354795        8.1786953144171032E-002   8.4649178814318590E-002   2.1361267822912868        2.3976731472239750     
  0.15187500000000001       0.89166639224500766        8.2454921468375422E-002   8.5663206952930115E-002   2.1394850176093154        2.3905327648247194     
  0.15262500000000001       0.88354711664036734        8.1010274413748376E-002   8.3517005746279918E-002   2.1418332793693988        2.4154594737587489     
  0.15337500000000001       0.87491636651420501        7.8968947116141441E-002   8.0786835769987991E-002   2.1424317671642372        2.4403911427562459     
  0.15412500000000001       0.87482981856083675        7.7919809938442317E-002   7.9725861588199942E-002   2.1417096439705103        2.4400250983234901     
  0.15487500000000001       0.87895402589322913        7.7855397283164651E-002   8.0147083290016435E-002   2.1407111885597025        2.4274409398435095     
  0.15562500000000001       0.88065490189607032        7.7993523121217448E-002   8.0619756338942222E-002   2.1401011717934351        2.4220126592437543     
  0.15637500000000001       0.87979975489602791        7.8095314790116555E-002   8.0326255984103728E-002   2.1395900160252905        2.4237981717882384     
  0.15712500000000001       0.87869395025553976        7.8484546758810225E-002   7.9391887965560459E-002   2.1383593680924564        2.4254948511220915     
  0.15787500000000002       0.87805767448188166        7.9393958714219393E-002   7.8262033728242461E-002   2.1361484592752000        2.4247510612456606     
  0.15862500000000002       0.87767409810930952        8.0687448386580402E-002   7.7180413304280479E-002   2.1336143422745817        2.4228946626687149     
  0.15937500000000002       0.87736681293487795        8.2098249198864215E-002   7.6227089285875752E-002   2.1315705294283358        2.4213567475357083     
  0.16012500000000002       0.87700260353626480        8.3516060350604410E-002   7.5651812426276110E-002   2.1301641070208714        2.4206594070447260     
  0.16087500000000002       0.87657942970792146        8.4938407238298846E-002   7.5842209944228717E-002   2.1289933723990342        2.4203137561687784     
  0.16162500000000002       0.87629580341804214        8.6276295383619417E-002   7.6788116771404860E-002   2.1278001419872168        2.4194895612967544     
  0.16237500000000002       0.87627323464848561        8.7386525480830896E-002   7.7960654520371167E-002   2.1266822954739677        2.4180322685772477     
  0.16312500000000002       0.87632565292283360        8.8218626549422613E-002   7.8916833995576807E-002   2.1257455601292237        2.4166264279165164     
  0.16387500000000002       0.87609872185755411        8.8816034530909388E-002   7.9701617240164502E-002   2.1249596706729754        2.4162030111525055     
  0.16462500000000002       0.87545198108444988        8.9223895654627267E-002   8.0564214488273847E-002   2.1244170398376054        2.4172237326435693     
  0.16537500000000002       0.87465805113433592        8.9423542205078171E-002   8.1471187176103133E-002   2.1243984642543681        2.4192686908049632     
  0.16612500000000002       0.87411247170431161        8.9361768251564985E-002   8.2133974967695131E-002   2.1250039716528852        2.4214016892799775     
  0.16687500000000002       0.87392385904662817        8.9122191518068397E-002   8.2548466511134858E-002   2.1259090326858470        2.4229411376612160     
  0.16762500000000002       0.87391724929944747        8.9004442476977655E-002   8.3025986163360224E-002   2.1265502771377136        2.4236551180126353     
  0.16837500000000002       0.87382583371152189        8.9262564849931364E-002   8.3533337574992705E-002   2.1264434828876553        2.4236999741664391     
  0.16912500000000003       0.87340254868363620        8.9847614169928022E-002   8.3608700985705942E-002   2.1254514339371640        2.4236570647007012     
  0.16987500000000003       0.87275712866382926        9.0547858773002726E-002   8.3123936126944090E-002   2.1239655457860693        2.4237097114031037     
  0.17062500000000003       0.87259849979380211        9.1189938802419823E-002   8.2590233234606431E-002   2.1227305319202503        2.4227146338119931     
  0.17137500000000003       0.87352023578601679        9.1606265592517055E-002   8.2564306580264063E-002   2.1222386775850701        2.4195585356448568     
  0.17212500000000003       0.87496559039459831        9.1682155825028477E-002   8.3004033024809853E-002   2.1222362999316360        2.4155187533080174     
  0.17287500000000003       0.87562693448009932        9.1527538602965752E-002   8.3214535297696651E-002   2.1220184244106575        2.4134487311414774     
  0.17362500000000003       0.87503481699862107        9.1392606025168160E-002   8.2561505165588717E-002   2.1213558088081257        2.4144046689565921     
  0.17437500000000003       0.87422440738811180        9.1437051764476682E-002   8.1321380233604343E-002   2.1209386663913365        2.4162841283645404     
  0.17512500000000003       0.87457494768988642        9.1692784646120115E-002   8.0359186293719326E-002   2.1216675271173071        2.4162240457649298     
  0.17587500000000000       0.87625677278577885        9.2084973643796364E-002   7.9992928209461245E-002   2.1237170191498400        2.4139353584611611     
  0.17662500000000000       0.87819066258624590        9.2441875050635697E-002   7.9902104610668712E-002   2.1264497287009601        2.4117193159662711     
  0.17737500000000000       0.87933816099371098        9.2653911483958962E-002   7.9863330276582975E-002   2.1288988980579115        2.4113486099379378     
  0.17812500000000001       0.87948347008488281        9.2786478401984673E-002   7.9903900567610639E-002   2.1301609804553809        2.4123667487539233     
  0.17887500000000001       0.87901608168118983        9.3005138899806827E-002   8.0013776720994412E-002   2.1298250383096029        2.4132244513923102     
  0.17962500000000001       0.87854954049324230        9.3505893014292241E-002   7.9981366429986364E-002   2.1284791780174541        2.4129117304577345     
  0.18037500000000001       0.87847725740343430        9.4393523432458479E-002   7.9448665567001392E-002   2.1274887065989052        2.4119289414139926     
  0.18112500000000001       0.87863988236414126        9.5462679708752912E-002   7.8499232147226011E-002   2.1278076826657264        2.4118130411055891     
  0.18187500000000001       0.87873273517277140        9.6338644556631409E-002   7.7959079940869896E-002   2.1291436900413090        2.4130255493896415     
  0.18262500000000001       0.87875971326623015        9.6923158262028283E-002   7.8357563592908602E-002   2.1304599646396989        2.4143361778596999     
  0.18337500000000001       0.87879661792253227        9.7426714736097181E-002   7.9076541917308285E-002   2.1310678876934981        2.4147903336099286     
  0.18412500000000001       0.87875557866337040        9.8099913147637136E-002   7.9290016777130976E-002   2.1310148887189770        2.4147352025953763     
  0.18487500000000001       0.87866371150338785        9.9147957776439546E-002   7.8973467884816059E-002   2.1307301923415389        2.4145611477740418     
  0.18562500000000001       0.87880075210082254       0.10058864186851638        7.8587616655929921E-002   2.1308583823676530        2.4141851707415820     
  0.18637500000000001       0.87946097518991051       0.10212067586858306        7.8389535138305336E-002   2.1322893381689010        2.4138271461221521     
  0.18712500000000001       0.88063443076247450       0.10337872791047537        7.8227731738386749E-002   2.1354430082219782        2.4140557418046500     
  0.18787500000000001       0.88170584393398443       0.10417318904109046        7.8186835130442472E-002   2.1393869138843948        2.4155065320952342     
  0.18862500000000001       0.88195299566442098       0.10446536756329873        7.8985598549604880E-002   2.1424642085928456        2.4182019829888306     
  0.18937500000000002       0.88170728539129417       0.10449780782786558        8.0573808203949202E-002   2.1441187216522124        2.4205819450812269     
  0.19012500000000002       0.88205785736573572       0.10474258923720342        8.1635770032632726E-002   2.1454433181447397        2.4209824318377078     
  0.19087500000000002       0.88329609059193659       0.10525365207423762        8.1661625705771179E-002   2.1475597754692766        2.4199290927905701     
  0.19162500000000002       0.88465147437834413       0.10555401364863166        8.1510007874304707E-002   2.1499802406195254        2.4189503111271655     
  0.19237500000000002       0.88537656664312503       0.10550343374964796        8.1439794231708579E-002   2.1511772650788439        2.4183446758118867     
  0.19312500000000002       0.88538324453828343       0.10550198515147310        8.0907754953099376E-002   2.1506985244094716        2.4178410934583150     
  0.19387500000000002       0.88518336366018469       0.10568225402142858        8.0075904554186089E-002   2.1500101362186537        2.4176679948933137     
  0.19462500000000002       0.88537514277785379       0.10574847489844164        7.9440684027491298E-002   2.1508639981139517        2.4181668468768511     
  0.19537500000000002       0.88602533013391016       0.10561514235737372        7.9042812216103348E-002   2.1535084061681067        2.4194432023070429     
  0.19612500000000002       0.88674281913668562       0.10546037768556818        7.9014018575562339E-002   2.1568465307100277        2.4212826674225711     
  0.19687500000000002       0.88732420898955466       0.10536122034191341        7.9359680249890582E-002   2.1597324696701614        2.4229343492054403     
  0.19762500000000002       0.88782802692116647       0.10542720658302536        7.9712754130371710E-002   2.1617211897034214        2.4237612012688037     
  0.19837500000000002       0.88828570479850111       0.10597324203222133        8.0070633384087139E-002   2.1629540914975460        2.4237966705009750     
  0.19912500000000002       0.88867015585539932       0.10719087374299516        8.0698439840372685E-002   2.1638689967892395        2.4235542251326705     
  0.19987500000000002       0.88908716098113960       0.10889681666882278        8.1493013632392391E-002   2.1650538555125189        2.4234408390571551     
  0.20062500000000003       0.88981008228984104       0.11079427355578211        8.2070332871164067E-002   2.1669681800528235        2.4233099360878843     
  0.20137500000000003       0.89067877788957639       0.11268838539234816        8.1818987047316397E-002   2.1692867258336714        2.4233204247699724     
  0.20212500000000003       0.89099353376116541       0.11433972172121104        8.0737674668377363E-002   2.1707619469488613        2.4239989586275033     
  0.20287500000000003       0.89055331915045177       0.11561425593461422        7.9906477296768905E-002   2.1705687311527715        2.4248735227608158     
  0.20362500000000003       0.89003790888422385       0.11665429207731066        7.9831732802799801E-002   2.1695362019935325        2.4249654903481535     
  0.20437500000000003       0.89001320602297462       0.11745989929258559        8.0125230162559541E-002   2.1693180911553820        2.4246386986991686     
  0.20512500000000003       0.89025651950435503       0.11796515940756469        8.0527274410444660E-002   2.1702333299878482        2.4248917862584531     
  0.20587500000000003       0.89020826248749063       0.11852732753700901        8.0561075871135937E-002   2.1707543097292294        2.4255204545205848     
  0.20662500000000003       0.88979258883599455       0.11950178960680048        7.9844150493439486E-002   2.1697827287460689        2.4254817222239393     
  0.20737500000000003       0.88942128240359697       0.12062376675753139        7.8890381766656484E-002   2.1681926060582963        2.4246264273413334     
  0.20812500000000000       0.88917181438919446       0.12132693580547591        7.8377057610622136E-002   2.1670484235725116        2.4239596659356892     
  0.20887500000000001       0.88880310167297538       0.12155265552268285        7.8254980449617151E-002   2.1660172406100808        2.4237769605677641     
  0.20962500000000001       0.88836278239951405       0.12196154337685991        7.8194814969977267E-002   2.1646512817791894        2.4233770183257173     
  0.21037500000000001       0.88807944167827235       0.12300736749729436        7.8295280609255752E-002   2.1637310135572321        2.4229373187280241     
  0.21112500000000001       0.88810710376222024       0.12421784096690254        7.9031250966142524E-002   2.1641884034357188        2.4231141776288037     
  0.21187500000000001       0.88839809122334157       0.12512454628322089        8.0024992708353893E-002   2.1656518307430992        2.4237289132910771     
  0.21262500000000001       0.88881210826694068       0.12597901170230344        8.0054545093755841E-002   2.1670466927622103        2.4240369862574043     
  0.21337500000000001       0.88931024490970978       0.12652522072645611        7.8810158603225947E-002   2.1683888653645584        2.4242341002041363     
  0.21412500000000001       0.89012252331400599       0.12594848987577492        7.7566689902331176E-002   2.1703728387884245        2.4244781550072130     
  0.21487500000000001       0.89064148072711991       0.12508414157765035        7.6949073262598061E-002   2.1708441068662094        2.4237995585818704     
  0.21562500000000001       0.88938614275885031       0.12581548246781663        7.6277144215752823E-002   2.1661083520509434        2.4218258006528273     
  0.21637500000000001       0.88859506440724323       0.12562098991634757        7.5916890186030567E-002   2.1641507154013842        2.4218322724882593     
  0.21712500000000001       0.89752990151613010       0.11517832700589528        7.7268545016694029E-002   2.1939818184871545        2.4325267298965461     
  0.21787500000000001       0.92248610330374048        8.7991178644677315E-002   8.0745118081182260E-002   2.2763295335018565        2.4592231877640454     
  0.21862500000000001       0.95237079813342373        5.5364181689608126E-002   8.4066050616051130E-002   2.3766355001823283        2.4899083361610228     
  0.21937500000000001       0.96922378690642175        3.7712593534316358E-002   8.4032183242937014E-002   2.4343439361584327        2.5071273039514503     
  0.22012500000000002       0.97186556654633782        3.7251399962364345E-002   8.1926425800298228E-002   2.4433485323877546        2.5097930989722963     
  0.22087500000000002       0.97067342343724983        4.1016919274854832E-002   8.1450362347150168E-002   2.4391571299915622        2.5084370956078010     
  0.22162500000000002       0.97053728298986142        4.2707110845058752E-002   8.1818203704834475E-002   2.4388258331808910        2.5083399939688538     
  0.22237500000000002       0.97054192605780865        4.4280550735886978E-002   8.3095200743564482E-002   2.4388869706827445        2.5082065706407266     
  0.22312500000000002       0.97005469926694654        4.7147376713921482E-002   8.5525895678159491E-002   2.4366456591411390        2.5067964448469242     
  0.22387500000000002       0.96920579114209016        5.1070985329978051E-002   8.6419850559682113E-002   2.4324027466899456        2.5043229933655100     
  0.22462500000000002       0.96841807126764889        5.3729735156035061E-002   8.6558472377326515E-002   2.4295888932696998        2.5032887086132352     
  0.22537500000000002       0.96814334686321069        5.3415892526413766E-002   8.6884952541213034E-002   2.4292933087875488        2.5036799022187823     
  0.22612500000000002       0.96759369832696218        5.1894657069630978E-002   8.9749014993424761E-002   2.4278126208718929        2.5033840871432180     
  0.22687500000000002       0.96709442170521154        5.1059101425822560E-002   9.5009416386560158E-002   2.4257593120736969        2.5020767628459759     
  0.22762500000000002       0.96687843837169318        5.2638707890451636E-002   9.5967064256698292E-002   2.4271963762088724        2.5039351601650672     
  0.22837500000000002       0.96720885418453240        5.7129990195195289E-002   9.1584656029172914E-002   2.4305930543109358        2.5067695982075522     
  0.22912500000000002       0.96767027471204714        6.1953253910593024E-002   8.6059068065329994E-002   2.4319623549864771        2.5072097361867836     
  0.22987500000000002       0.96792155639140254        6.4638801980105104E-002   8.3525422842069902E-002   2.4309769725752588        2.5055902303182940     
  0.23062500000000002       0.96762021786402297        6.5427118101495457E-002   8.5489679809124058E-002   2.4298759736752120        2.5049987856136453     
  0.23137500000000003       0.96730705914138959        6.6635315052635868E-002   8.8148493577593856E-002   2.4291711052503810        2.5047470997081080     
  0.23212500000000003       0.96699217974944085        6.8863736355186431E-002   8.7874076092233827E-002   2.4274182655269696        2.5036122886917869     
  0.23287500000000003       0.96612857308489408        7.0634500803638631E-002   8.7345725530451696E-002   2.4234847973079541        2.5016901629336381     
  0.23362500000000003       0.96464806080719023        7.1630386171024837E-002   8.7260623841470014E-002   2.4178846312870297        2.4996457492576134     
  0.23437500000000003       0.96305312447083957        7.2582133726886516E-002   8.6633850845327307E-002   2.4124660780817275        2.4981324464789032     
  0.23512500000000003       0.96169198127095412        7.3688588799412619E-002   8.7086714304760365E-002   2.4089014586646798        2.4978218095894786     
  0.23587500000000003       0.96071562836737079        7.5280393910967122E-002   8.9187661634813453E-002   2.4071498272509793        2.4982007889430968     
  0.23662500000000003       0.96011562316296928        7.7311784822686400E-002   9.1715008059447767E-002   2.4058901122776843        2.4980292100194639     
  0.23737500000000003       0.95976534631393640        7.9023480027140491E-002   9.3579725455522039E-002   2.4039823410560341        2.4966174942233490     
  0.23812500000000003       0.95897870496872084        7.9617100868734803E-002   9.4171118093812359E-002   2.4002790685516189        2.4946855084377773     
  0.23887500000000003       0.95728938635832972        7.8678126203715976E-002   9.3082927252796155E-002   2.3942206417838747        2.4929367824332958     
  0.23962500000000000       0.95505328636516373        7.6657601773381254E-002   9.0437952023019644E-002   2.3863526162520250        2.4909543863470769     
  0.24037500000000001       0.95274675515871288        7.4245145936153431E-002   8.7821069824805115E-002   2.3779860594240625        2.4886420754446847     
  0.24112500000000001       0.95027470278429704        7.1260414823540341E-002   8.6446248072157783E-002   2.3686263796037048        2.4856207289488079     
  0.24187500000000001       0.94692916101499836        6.7216987876781778E-002   8.4709304628002247E-002   2.3560099672046704        2.4815323876908910     
  0.24262500000000001       0.94215446591817376        6.2310580043724570E-002   8.1334918316620236E-002   2.3387770424032301        2.4764578055529212     
  0.24337500000000001       0.93612896900206344        5.7258887050676908E-002   7.5884500939901650E-002   2.3174579371446824        2.4704193561255585     
  0.24412500000000001       0.92908519303111370        5.2378016487682463E-002   6.9120088784105083E-002   2.2930709773819604        2.4637389998927657     
  0.24487500000000001       0.92142612086713083        4.7351068011246659E-002   6.1199849831360287E-002   2.2660790807103988        2.4557910452678033     
  0.24562500000000001       0.91315227401421240        4.2106332143810266E-002   5.2525316778728355E-002   2.2367672039181747        2.4467833401333383     
  0.24637500000000001       0.90437576453357205        3.7343193047485998E-002   4.4363234263038578E-002   2.2062440138871890        2.4374657328167730     
  0.24712500000000001       0.89508944690643766        3.3398143941339081E-002   3.7037947095133035E-002   2.1753880605332063        2.4288060643019405     
  0.24787500000000001       0.88591997577568560        2.9630496120129472E-002   3.0287242185356937E-002   2.1454016282051209        2.4205215547031744     
  0.24862500000000001       0.87801129298283731        2.5431740973523888E-002   2.3990004528538951E-002   2.1182918313219630        2.4118092672996227     
  0.24937500000000001       0.87239429406265567        2.1235411651857362E-002   1.8885678124460525E-002   2.0975988031375583        2.4038854296645740     
  0.25012499999999999       0.86916110053397411        1.8079711583848794E-002   1.5429872891499186E-002   2.0855541811689013        2.3991285143838406     
  0.25087500000000001       0.86799435067436037        1.6594979069338590E-002   1.3861399114509211E-002   2.0816946323590750        2.3979710391947759     
  0.25162499999999999       0.86824086972439840        1.6848417802943983E-002   1.3522708393868320E-002   2.0827168439053461        2.3984681391917517     
  0.25237500000000002       0.86904551539311603        1.8338472052512739E-002   1.3839411478006519E-002   2.0850172292271978        2.3988542708111962     
  0.25312499999999999       0.86974904475860892        2.0012518409334826E-002   1.4196510804542591E-002   2.0867028547684323        2.3988031564573378     
  0.25387500000000002       0.87016457525896518        2.1043129048142206E-002   1.4573344634206028E-002   2.0875065625660927        2.3985463714559265     
  0.25462499999999999       0.87036712468951971        2.1666212381327953E-002   1.4936346204546442E-002   2.0875530751541991        2.3980170944970496     
  0.25537500000000002       0.87048068505681730        2.2528870838883098E-002   1.4870136654832826E-002   2.0870664854183945        2.3971214710006454     
  0.25612499999999999       0.87034665184858706        2.3882282539601608E-002   1.3609594906530303E-002   2.0858598130168602        2.3960863612008629     
  0.25687499999999996       0.86944384923035400        2.5546136547493638E-002   1.1860520380361630E-002   2.0837589938916441        2.3961326516564703     
  0.25762499999999999       0.86780651029544820        2.6876072182465047E-002   1.1300569064223784E-002   2.0812929394148068        2.3977731892700178     
  0.25837499999999997       0.86657310743281135        2.7034202466264472E-002   1.2360116647338593E-002   2.0806289346014206        2.4003965512128111     
  0.25912499999999999       0.86755031413924277        2.5403558687941332E-002   1.3756696636427361E-002   2.0845449701967516        2.4022398861152965     
  0.25987499999999997       0.87146991288189612        2.1781078840519739E-002   1.3869620710310861E-002   2.0945571329453094        2.4030371449803241     
  0.26062500000000000       0.87700121916254248        1.6871705473747979E-002   1.2306081737183597E-002   2.1092874581938461        2.4048299866926031     
  0.26137499999999997       0.88229523767380102        1.2044909693696329E-002   1.0267843747963750E-002   2.1253070859289060        2.4086779924724562     
  0.26212500000000000       0.88631954542794233        8.1710280243331313E-003   8.5166312925216321E-003   2.1398376741367890        2.4142072715281913     
  0.26287499999999997       0.88937218754380887        5.1205766416176930E-003   6.4679553671225286E-003   2.1523476123007597        2.4200322232352787     
  0.26362500000000000       0.89226678880450594        2.5992416019349034E-003   3.9713398753979485E-003   2.1632066740584008        2.4243803281700367     
  0.26437499999999997       0.89506012601138996        7.3045724494510045E-004   1.8971928231321933E-003   2.1719585096550222        2.4266036859462465     
  0.26512500000000000       0.89704678061729748       -3.7645214631139718E-004   1.1024492560314271E-003   2.1776882191627678        2.4276186145295111     
  0.26587499999999997       0.89786410845264930       -9.8734071562729241E-004   1.5524761886659855E-003   2.1806073081658113        2.4286586384227999     
  0.26662500000000000       0.89813250269733613       -1.5588544646417185E-003   2.3225869687426319E-003   2.1822203167473422        2.4297260752119194     
  0.26737499999999997       0.89853663214357071       -2.4433296241664713E-003   2.7229858030966845E-003   2.1840037255732350        2.4306146232606110     
  0.26812500000000000       0.89918057744732716       -3.5465949372829901E-003   2.3937547138923477E-003   2.1862306012874937        2.4313474684840051     
  0.26887499999999998       0.89977238559150197       -4.2789784467472426E-003   1.4128893503803307E-003   2.1881551521047751        2.4318860005354019     
  0.26962500000000000       0.90006377337243526       -4.0819014018305061E-003   3.7733083325231816E-004   2.1890959318209999        2.4321461006694278     
  0.27037499999999998       0.90015571623737567       -3.0679840764065423E-003  -4.3035738142757212E-004   2.1890403670513146        2.4318403987362163     
  0.27112500000000000       0.90010725521457613       -1.9542487338884357E-003  -9.7221037775316191E-004   2.1884542632567898        2.4313231607355781     
  0.27187499999999998       0.89987717106096410       -1.3856677873746882E-003  -1.2348969139518843E-003   2.1878498452608177        2.4312739576511957     
  0.27262500000000001       0.89968133258115002       -1.4921317809298597E-003  -1.2992846437908892E-003   2.1876047925226008        2.4315305183665124     
  0.27337499999999998       0.89971393010961143       -1.9560220271741396E-003  -1.2759820755176110E-003   2.1879089867596475        2.4317795718078741     
  0.27412500000000001       0.89999505074667896       -2.5546251136085441E-003  -1.3777711203142372E-003   2.1885750235405625        2.4317581985562757     
  0.27487499999999998       0.90014366226479525       -3.5145662723567684E-003  -1.6542108047490340E-003   2.1891341055860121        2.4319737128029462     
  0.27562500000000001       0.90000210434843619       -4.9675092005740237E-003  -2.4411799752656602E-003   2.1891541506947019        2.4323689027294511     
  0.27637499999999998       0.89934699435983867       -6.4023651628548287E-003  -3.1259126622419503E-003   2.1884350022883776        2.4333286202568574     
  0.27712500000000001       0.89848306352411389       -7.2415355542600930E-003  -2.1551743900819114E-003   2.1869930886370832        2.4340595946702206     
  0.27787499999999998       0.89780173707611943       -7.5734193878217049E-003   3.3381393703838110E-005   2.1851391036496652        2.4338415375554847     
  0.27862500000000001       0.89725643372327313       -7.8799708141904269E-003   1.5892488262721472E-003   2.1834299964176171        2.4334113468308280     
  0.27937499999999998       0.89670862736077428       -8.5112108662990151E-003   2.2941840484140023E-003   2.1823987684427140        2.4337397617446035     
  0.28012500000000001       0.89624020866319709       -9.4247667234019852E-003   2.5392268793589805E-003   2.1824118584080852        2.4350153957870040     
  0.28087499999999999       0.89613771559066280       -1.0307683230872496E-002   2.0163485641297900E-003   2.1834343764386963        2.4364255501853771     
  0.28162500000000001       0.89659321798600167       -1.1029459572898057E-002   1.0800427939240155E-003   2.1850605222763528        2.4369937094894536     
  0.28237499999999999       0.89725865824626516       -1.1613104908047567E-002   5.2645828981740656E-004   2.1867336658887964        2.4370434744471101     
  0.28312500000000002       0.89770013717818165       -1.1940570157755851E-002   9.4432486491983364E-004   2.1879047591919512        2.4371443864187472     
  0.28387499999999999       0.89775962540935050       -1.1688253767467141E-002   2.2713359171925738E-003   2.1883315344320318        2.4374593292835405     
  0.28462500000000002       0.89748552462548303       -1.0622187663695874E-002   3.8374451968228836E-003   2.1881955579169805        2.4380610432334056     
  0.28537499999999999       0.89715714471678731       -9.0248100297120014E-003   4.5884559306577036E-003   2.1879443558249374        2.4386889668061551     
  0.28612500000000002       0.89709914924277512       -7.3482159458157920E-003   4.5906186212285984E-003   2.1880817645220692        2.4390168309969020     
  0.28687499999999999       0.89741310590304901       -5.8029537766571253E-003   4.2963888114181392E-003   2.1886971511415529        2.4388635404929988     
  0.28762500000000002       0.89786409146024071       -4.5167630722083209E-003   4.0214869715766164E-003   2.1894628838139898        2.4385010356112944     
  0.28837499999999999       0.89816840658574593       -3.5067569029377534E-003   3.9516173688844127E-003   2.1899996026248845        2.4382777750041571     
  0.28912499999999997       0.89827635587239540       -2.7070578685993076E-003   3.9951969645683526E-003   2.1902947399746902        2.4383161841814429     
  0.28987499999999999       0.89804574908330925       -2.3229762655068318E-003   4.0520150525880823E-003   2.1908225484140571        2.4395309535262601     
  0.29062499999999997       0.89781811531352007       -2.8321883678903642E-003   4.2739253390689999E-003   2.1920642179303211        2.4415296826346942     
  0.29137500000000000       0.89837216900539563       -4.2197647920757236E-003   4.7296391475410583E-003   2.1940997845209012        2.4422811612269131     
  0.29212499999999997       0.89974909020987892       -5.6406294691593757E-003   5.4248908525084075E-003   2.1966761927154290        2.4413941414269393     
  0.29287500000000000       0.90099836843248826       -6.3399393684663644E-003   6.5005280576269121E-003   2.1996778647297317        2.4413275162921804     
  0.29362499999999997       0.90175080543020147       -6.3389173908058689E-003   8.0094922838706076E-003   2.2031075021319046        2.4430803256954259     
  0.29437500000000000       0.90247936381797755       -6.0036139587801348E-003   9.4278989937428698E-003   2.2067304621461146        2.4451099232608500     
  0.29512499999999997       0.90388543166679536       -5.5259424938723031E-003   1.0157581396973588E-002   2.2103545568529204        2.4453105604038492     
  0.29587500000000000       0.90601661174887038       -4.9367280844194693E-003   9.5365725797145889E-003   2.2142933307612034        2.4439173213934060     
  0.29662499999999997       0.90774956382967287       -4.2650328785326878E-003   7.9328695281756893E-003   2.2189703723289220        2.4444249584996975     
  0.29737500000000000       0.90826694642123318       -3.6722869227276385E-003   6.5970346600996935E-003   2.2240786680817131        2.4486713898319024     
  0.29812499999999997       0.90783278111468446       -2.9181982411000786E-003   5.1979993808972634E-003   2.2289654672364003        2.4552383899607140     
  0.29887500000000000       0.90708464742601225       -1.6128668510468195E-003   1.1449348874610391E-003   2.2329032114635972        2.4616236878468021     
  0.29962499999999997       0.89775324147634938       -4.0251937215837177E-004  -4.9891308497085826E-003   2.2350305107508275        2.4895666805497507     
