   3.7500000000000001E-004  0.81704396363862619        3.0265957555623146E-004  0.11940614762757733        1.9855628990007004        2.4194996590741105     
   1.1250000000000001E-003  0.81804121012404829        9.2570315668482489E-004  0.11837160350256193        1.9850208717494358        2.4160837653834939     
   1.8750000000000004E-003  0.81961617084192229        1.6040857559858441E-003  0.11736280111785827        1.9840083805307467        2.4104015402946786     
   2.6250000000000002E-003  0.82137368256274090        2.3696982109358486E-003  0.11670386676696012        1.9824434700351621        2.4034726594115847     
   3.3750000000000000E-003  0.82288757054109196        3.2212416125572459E-003  0.11631678462938291        1.9802677468727417        2.3964885470271016     
   4.1250000000000002E-003  0.82392164121844491        4.1022303255345925E-003  0.11586592715956942        1.9776864773732137        2.3904327871359903     
   4.8750000000000000E-003  0.82469095526262159        4.8474025222340067E-003  0.11504137894511718        1.9754362589727228        2.3856186053691810     
   5.6249999999999998E-003  0.82590314828296063        5.1064176314612655E-003  0.11359967014837019        1.9750167918555495        2.3818633214709735     
   6.3749999999999996E-003  0.82835813047013462        4.3387118509814106E-003  0.11134112606549607        1.9786547834470920        2.3795995555665383     
   7.1249999999999994E-003  0.83265202361269575        1.9586905993153980E-003  0.10807050077892646        1.9887158226779913        2.3799861034120413     
   7.8750000000000001E-003  0.83899729604102968       -2.3448563687346801E-003  0.10368817848139680        2.0064561063372115        2.3838523010223338     
   8.6250000000000007E-003  0.84695816107262523       -8.2469863719805275E-003   9.8414830275820570E-002   2.0306215449261611        2.3907480727874506     
   9.3749999999999997E-003  0.85532751908029259       -1.4682436637163629E-002   9.2927172242881939E-002   2.0570793993214860        2.3989703273697072     
   1.0125000000000000E-002  0.86253554772114260       -2.0236204237114599E-002   8.8168536467356215E-002   2.0803735557724155        2.4064282054594845     
   1.0874999999999999E-002  0.86742793446715816       -2.3847592169823094E-002   8.4877190251781920E-002   2.0964201133604266        2.4116582277992804     
   1.1625000000000000E-002  0.86977747420100759       -2.5283621934647463E-002   8.3221705123297171E-002   2.1042644531380095        2.4143135877444277     
   1.2375000000000001E-002  0.87017208816462499       -2.5050748215150111E-002   8.2838499058731294E-002   2.1057332560123592        2.4149586936455028     
   1.3125000000000000E-002  0.86952130697766994       -2.3947727067677331E-002   8.3154566428550264E-002   2.1037772354342188        2.4145139402676459     
   1.3875000000000000E-002  0.86861664390884641       -2.2660600836954339E-002   8.3684178097290937E-002   2.1009738740175727        2.4137773041518291     
   1.4624999999999999E-002  0.86794449412266561       -2.1591833575585619E-002   8.4140835670748204E-002   2.0988853810318400        2.4132169831675960     
   1.5375000000000000E-002  0.86769782920004701       -2.0878637362184885E-002   8.4407350502273437E-002   2.0981122649943611        2.4130008634384881     
   1.6125000000000000E-002  0.86786694968916855       -2.0487119433494863E-002   8.4461741081039293E-002   2.0986300797834452        2.4131329284207497     
   1.6875000000000001E-002  0.86833664726525861       -2.0306614998258039E-002   8.4314620723578038E-002   2.1001269912664466        2.4135755682837714     
   1.7625000000000002E-002  0.86896691559871198       -2.0216742160639480E-002   8.3976260757050114E-002   2.1022359660114702        2.4142957061520405     
   1.8374999999999999E-002  0.86965032828132172       -2.0125356966370689E-002   8.3453572155316361E-002   2.1046545900016356        2.4152437564927740     
   1.9125000000000000E-002  0.87033774778872686       -1.9983503022174876E-002   8.2768020686076582E-002   2.1071813239161896        2.4163221062499676     
   1.9875000000000000E-002  0.87102796174421715       -1.9783441194667808E-002   8.1971125863759514E-002   2.1097023453955219        2.4173972366743879     
   2.0625000000000001E-002  0.87173205074412263       -1.9545392742465240E-002   8.1146423308594062E-002   2.1121578714234324        2.4183600194519403     
   2.1375000000000002E-002  0.87244034122880831       -1.9300447001817701E-002   8.0403076069126819E-002   2.1145085289996373        2.4191798762371022     
   2.2124999999999999E-002  0.87311714186956180       -1.9076143428911781E-002   7.9855581808985304E-002   2.1167139116535187        2.4198971828127398     
   2.2875000000000000E-002  0.87372062336262379       -1.8887776188270512E-002   7.9589787333945228E-002   2.1187254957343509        2.4205635651128512     
   2.3625000000000000E-002  0.87422656502718232       -1.8735908485426327E-002   7.9625843470359697E-002   2.1204908949851307        2.4211846123441765     
   2.4375000000000001E-002  0.87464165790955195       -1.8608483779264145E-002   7.9898332292947308E-002   2.1219641205874789        2.4216967035495482     
   2.5125000000000001E-002  0.87499974109753043       -1.8485415734573615E-002   8.0277026909242932E-002   2.1231166933580665        2.4219880470707706     
   2.5874999999999999E-002  0.87533699170290080       -1.8343874020192261E-002   8.0619535786323068E-002   2.1239456146596929        2.4219710223068662     
   2.6624999999999999E-002  0.87566111344886222       -1.8162736998430101E-002   8.0823372084917453E-002   2.1244755783336098        2.4216642609813692     
   2.7375000000000000E-002  0.87594497232144009       -1.7925341723580481E-002   8.0856077223538866E-002   2.1247553690417340        2.4212024985500942     
   2.8125000000000001E-002  0.87615087378100298       -1.7620950430521580E-002   8.0755962647826376E-002   2.1248491867189352        2.4207592150639403     
   2.8875000000000001E-002  0.87625862535906585       -1.7245589029709157E-002   8.0609370787332740E-002   2.1248258911860511        2.4204594277463651     
   2.9624999999999999E-002  0.87627458354441234       -1.6801596047372785E-002   8.0514020412310566E-002   2.1247491517558692        2.4203477011092294     
   3.0374999999999999E-002  0.87622393342675398       -1.6295482408311544E-002   8.0539848020592802E-002   2.1246694532379129        2.4204045977515913     
   3.1125000000000000E-002  0.87613838297050617       -1.5735157165030208E-002   8.0709327980204082E-002   2.1246197516390231        2.4205776700984609     
   3.1875000000000001E-002  0.87604584230107774       -1.5127658367023893E-002   8.1006418251931389E-002   2.1246159032391922        2.4208094226012808     
   3.2625000000000001E-002  0.87596404972278086       -1.4478276551749771E-002   8.1394234481838953E-002   2.1246595027787873        2.4210563116551809     
   3.3375000000000002E-002  0.87589925869428309       -1.3791310801238079E-002   8.1824480776534869E-002   2.1247414850499773        2.4212955576235990     
   3.4125000000000003E-002  0.87584989124831880       -1.3071008036999471E-002   8.2238443691699178E-002   2.1248462446290715        2.4215197348420863     
   3.4875000000000003E-002  0.87581120091790143       -1.2321352621252507E-002   8.2569640703229516E-002   2.1249555135905212        2.4217281004336164     
   3.5625000000000004E-002  0.87577780701756947       -1.1545382494588459E-002   8.2753544408073837E-002   2.1250514464315362        2.4219220622227451     
   3.6374999999999998E-002  0.87574397081651234       -1.0745274526284220E-002   8.2745239817130542E-002   2.1251194316208570        2.4221056173150624     
   3.7124999999999998E-002  0.87570169506981155       -9.9236131673380613E-003   8.2540640094733456E-002   2.1251505802860566        2.4222910212658983     
   3.7874999999999999E-002  0.87564010307304696       -9.0857058079879573E-003   8.2191916882798505E-002   2.1251429226007303        2.4225001892735731     
   3.8625000000000000E-002  0.87555172854816776       -8.2421364615364798E-003   8.1803493522952866E-002   2.1251001608683433        2.4227464976914654     
   3.9375000000000000E-002  0.87544245178731417       -7.4096262645580611E-003   8.1502294662851207E-002   2.1250282069919555        2.4230067651683767     
   4.0125000000000001E-002  0.87533314249093097       -6.6080978990764802E-003   8.1392635204822664E-002   2.1249316054542136        2.4232174271002433     
   4.0875000000000002E-002  0.87524700339388473       -5.8537793307169381E-003   8.1513003188688635E-002   2.1248121791970886        2.4233123727576928     
   4.1625000000000002E-002  0.87518939834195386       -5.1511854162525194E-003   8.1814137126161326E-002   2.1246718344267426        2.4232841706307786     
   4.2375000000000003E-002  0.87513694284252463       -4.4889663191370471E-003   8.2163406756089838E-002   2.1245193134350449        2.4232216534262809     
   4.3125000000000004E-002  0.87505604079644583       -3.8448424966102731E-003   8.2377250393775220E-002   2.1243790814792476        2.4232655548747570     
   4.3874999999999997E-002  0.87495304219933145       -3.2010711617998203E-003   8.2291760173483594E-002   2.1243017689853829        2.4234740916612352     
   4.4624999999999998E-002  0.87491525021698524       -2.5639295695912461E-003   8.1853944458055813E-002   2.1243734971381998        2.4237099062474190     
   4.5374999999999999E-002  0.87508444999988555       -1.9747201224137841E-003   8.1170351253251102E-002   2.1247156696140834        2.4237076498939847     
   4.6124999999999999E-002  0.87556283814235325       -1.5019352715418821E-003   8.0467648616792814E-002   2.1254678129185498        2.4233199337593661     
   4.6875000000000000E-002  0.87633510957566174       -1.2142441271935788E-003   7.9984570570915833E-002   2.1267535622261291        2.4227062627787288     
   4.7625000000000001E-002  0.87728335308440664       -1.1460659663076979E-003   7.9863687542984896E-002   2.1286375714910379        2.4222522985685409     
   4.8375000000000001E-002  0.87827146137588752       -1.2729900074386923E-003   8.0105985677390010E-002   2.1310870163792477        2.4222953910612177     
   4.9125000000000002E-002  0.87921571152574807       -1.5090103443889048E-003   8.0599022096600442E-002   2.1339522346160318        2.4229055454096597     
   4.9875000000000003E-002  0.88009171000558828       -1.7256618218582502E-003   8.1180396550757039E-002   2.1369780518851149        2.4238749915784141     
   5.0625000000000003E-002  0.88089311388338043       -1.7840949394427174E-003   8.1696293387947400E-002   2.1398468334651009        2.4248761068868134     
   5.1375000000000004E-002  0.88159176454505428       -1.5679702991541890E-003   8.2040023042708882E-002   2.1422452812145210        2.4256426758450478     
   5.2124999999999998E-002  0.88213701896350749       -1.0074788741062525E-003   8.2166629956725329E-002   2.1439337044607161        2.4260476307211825     
   5.2874999999999998E-002  0.88248420536051997       -8.9390776842835607E-005   8.2084435782265208E-002   2.1447978013397453        2.4260833611795039     
   5.3624999999999999E-002  0.88261755590668978        1.1461379040554407E-003   8.1828219585124568E-002   2.1448656304600160        2.4258204363420508     
   5.4375000000000000E-002  0.88255648500212913        2.6177412723045728E-003   8.1438191838679716E-002   2.1442921620613289        2.4253755404362480     
   5.5125000000000000E-002  0.88234824222352026        4.2197263847180179E-003   8.0955792921782663E-002   2.1433191879369842        2.4248875134579810     
   5.5875000000000001E-002  0.88205761849458286        5.8401659230011664E-003   8.0420230254158051E-002   2.1422243245677866        2.4244888893887144     
   5.6625000000000002E-002  0.88175501181982607        7.3774648367244833E-003   7.9855975670404672E-002   2.1412690160172492        2.4242811822235666     
   5.7375000000000002E-002  0.88150216875374432        8.7526323670818577E-003   7.9270811091339710E-002   2.1406564924180254        2.4243261368831792     
   5.8125000000000003E-002  0.88134413856347060        9.9163684897311463E-003   7.8672283221480843E-002   2.1405053680392356        2.4246354942360324     
   5.8875000000000004E-002  0.88130526156596312        1.0851264386476798E-002   7.8077670084183565E-002   2.1408388515680867        2.4251681731928514     
   5.9624999999999997E-002  0.88138260054021922        1.1570004091640976E-002   7.7509448324166424E-002   2.1415901202278960        2.4258546277221598     
   6.0374999999999998E-002  0.88154438617649478        1.2109867767487728E-002   7.6995887303838828E-002   2.1426230691023145        2.4266247240084238     
   6.1124999999999999E-002  0.88173819973573586        1.2523576840541815E-002   7.6573764859107440E-002   2.1437645896934439        2.4274219517130473     
   6.1874999999999999E-002  0.88190893783440394        1.2868285780192043E-002   7.6274596904223696E-002   2.1448403401846878        2.4281963182874522     
   6.2625000000000000E-002  0.88202763375372728        1.3195646555884103E-002   7.6110173368395678E-002   2.1457073589247218        2.4288636725821773     
   6.3375000000000001E-002  0.88209486463465248        1.3544175503835651E-002   7.6082000178875481E-002   2.1462773657135692        2.4293218066683298     
   6.4125000000000001E-002  0.88210175809910729        1.3934985943531894E-002   7.6199577801106491E-002   2.1465263646875199        2.4295667248224708     
   6.4875000000000002E-002  0.88201611577186978        1.4374153962431128E-002   7.6478742600114474E-002   2.1464888656289598        2.4297243577139258     
   6.5625000000000003E-002  0.88182495154223717        1.4861616916531394E-002   7.6922011774019000E-002   2.1462391944073094        2.4299142198981993     
   6.6375000000000003E-002  0.88156064254023492        1.5399525208617260E-002   7.7505939608833632E-002   2.1458665068636029        2.4301503238233715     
   6.7125000000000004E-002  0.88127094564485753        1.5993104480084494E-002   7.8188352720472837E-002   2.1454518299387599        2.4303969138123698     
   6.7875000000000005E-002  0.88098753338350866        1.6645186613431305E-002   7.8920765714479493E-002   2.1450531945420304        2.4306371223462260     
   6.8625000000000005E-002  0.88073507061272571        1.7351333899098150E-002   7.9647247169216034E-002   2.1447007205738124        2.4308427304766935     
   6.9375000000000006E-002  0.88054720024018451        1.8099493884847485E-002   8.0298106215442019E-002   2.1444006442498922        2.4309354338184836     
   7.0125000000000007E-002  0.88045286070998374        1.8872271649120004E-002   8.0800951033534518E-002   2.1441460546990143        2.4308356020998607     
   7.0875000000000007E-002  0.88045759135544766        1.9649396290844234E-002   8.1107995603708169E-002   2.1439299409922450        2.4305257360208770     
   7.1625000000000008E-002  0.88054953570002170        2.0411064804759609E-002   8.1213751730381187E-002   2.1437544729456892        2.4300423994727893     
   7.2374999999999995E-002  0.88071259622451548        2.1143564684981204E-002   8.1148040643842137E-002   2.1436327542769615        2.4294423749041272     
   7.3124999999999996E-002  0.88092585274717861        2.1845778061745574E-002   8.0958783813984594E-002   2.1435837975242329        2.4288000899676909     
   7.3874999999999996E-002  0.88115630915592402        2.2532497133338089E-002   8.0705271709098997E-002   2.1436246595344035        2.4282191897472343     
   7.4624999999999997E-002  0.88135731465699274        2.3231567636647511E-002   8.0462696873290468E-002   2.1437632874105441        2.4278282933927651     
   7.5374999999999998E-002  0.88148144590289057        2.3975782953231987E-002   8.0320571873670893E-002   2.1439929802265860        2.4277397125429925     
   7.6124999999999998E-002  0.88150735061913799        2.4793122973093499E-002   8.0359091697346355E-002   2.1442882484487260        2.4279738289436708     
   7.6874999999999999E-002  0.88145640508009615        2.5697978315383729E-002   8.0612953081655225E-002   2.1446029097641968        2.4284151758247874     
   7.7625000000000000E-002  0.88137493538292966        2.6684246668066403E-002   8.1050506098243408E-002   2.1448729403503068        2.4288668121405514     
   7.8375000000000000E-002  0.88129403515365268        2.7722724784235431E-002   8.1584439709787737E-002   2.1450263779400083        2.4291711743077449     
   7.9125000000000001E-002  0.88120277499554522        2.8767108365578862E-002   8.2106932672090099E-002   2.1449991687382179        2.4292983152039902     
   7.9875000000000002E-002  0.88105449982630879        2.9768933471355286E-002   8.2529908437361410E-002   2.1447512521136609        2.4293423146797402     
   8.0625000000000002E-002  0.88079690216409479        3.0694292667102736E-002   8.2810436667096365E-002   2.1442763019943989        2.4294461685709177     
   8.1375000000000003E-002  0.88040301689002187        3.1532971961936745E-002   8.2951410288921848E-002   2.1436020977350019        2.4297163034806575     
   8.2125000000000004E-002  0.87988585158794197        3.2295696701827081E-002   8.2983618763944875E-002   2.1427821455621112        2.4301746381197193     
   8.2875000000000004E-002  0.87929518210458046        3.3002223246403894E-002   8.2944384821234632E-002   2.1418817022617866        2.4307539973558878     
   8.3625000000000005E-002  0.87870443416321398        3.3667881379635924E-002   8.2864190245350647E-002   2.1409628184519209        2.4313188586024679     
   8.4375000000000006E-002  0.87819068309073944        3.4296325254647909E-002   8.2761780959461240E-002   2.1400720880777797        2.4317072006652585     
   8.5125000000000006E-002  0.87780812766346816        3.4880836875808396E-002   8.2642795008756181E-002   2.1392322773431829        2.4317945080463823     
   8.5875000000000007E-002  0.87756338460637839        3.5410040262146225E-002   8.2502199142170579E-002   2.1384387117843522        2.4315578939115317     
   8.6625000000000008E-002  0.87740550760789171        3.5872855214222482E-002   8.2336258330167361E-002   2.1376624181212547        2.4311060555318464     
   8.7375000000000008E-002  0.87724323487691547        3.6261459004308799E-002   8.2157189736396879E-002   2.1368594553054958        2.4306403930384559     
   8.8124999999999995E-002  0.87699404613965204        3.6573533454409453E-002   8.1986307639846573E-002   2.1359817708827138        2.4303322157634755     
   8.8874999999999996E-002  0.87663811378016832        3.6813242556682876E-002   8.1823817850610908E-002   2.1349858259822088        2.4301866271103862     
   8.9624999999999996E-002  0.87623526294900866        3.6989574006979081E-002   8.1632021974953575E-002   2.1338405070138413        2.4300063512176906     
   9.0374999999999997E-002  0.87589315874373308        3.7113503718806187E-002   8.1357682692983713E-002   2.1325358402693810        2.4294870426775486     
   9.1124999999999998E-002  0.87570558693247647        3.7195741061813545E-002   8.0963123140883470E-002   2.1310878481338347        2.4283905691435139     
   9.1874999999999998E-002  0.87569731151956076        3.7244652617412645E-002   8.0427952350120874E-002   2.1295355922861372        2.4266948169325824     
   9.2624999999999999E-002  0.87582549531240594        3.7265191022950325E-002   7.9744111972938958E-002   2.1279345670795076        2.4245827814553489     
   9.3375000000000000E-002  0.87603837715236865        3.7259976389838106E-002   7.8934762428195873E-002   2.1263502006142909        2.4222701889689868     
   9.4125000000000000E-002  0.87632500200378938        3.7231068999606348E-002   7.8065827602928059E-002   2.1248490004133709        2.4198567078859323     
   9.4875000000000001E-002  0.87671721323413510        3.7181851239896112E-002   7.7216815428920227E-002   2.1234862223522297        2.4173100632915321     
   9.5625000000000002E-002  0.87724928325987173        3.7119755263001063E-002   7.6446899819292397E-002   2.1222955795011962        2.4145694290370820     
   9.6375000000000002E-002  0.87789241536401419        3.7057606935096007E-002   7.5801677612905058E-002   2.1212848807012228        2.4117194261484287     
   9.7125000000000003E-002  0.87852473195275049        3.7010898629202163E-002   7.5328009616929759E-002   2.1204355506478167        2.4090687652634624     
   9.7875000000000004E-002  0.87899772660338737        3.6993884183499963E-002   7.5038634382042613E-002   2.1197049491769611        2.4069726808541452     
   9.8625000000000004E-002  0.87924355890326289        3.7019376070438877E-002   7.4862181277859485E-002   2.1190360314852326        2.4055560683027437     
   9.9375000000000005E-002  0.87930113147937194        3.7100908614051978E-002   7.4682242539985857E-002   2.1183773900305032        2.4046633014227488     
  0.10012500000000001       0.87924902425916818        3.7252264669863089E-002   7.4448000012722559E-002   2.1177058422927617        2.4040570836561574     
  0.10087500000000001       0.87914181727116214        3.7483995716228645E-002   7.4217907695691032E-002   2.1170372290123680        2.4036000956936272     
  0.10162500000000001       0.87900036358675793        3.7800470222716931E-002   7.4091494182842610E-002   2.1164202948985782        2.4032810322592719     
  0.10237500000000001       0.87882696989935438        3.8198990767737612E-002   7.4120345836033386E-002   2.1159204570734707        2.4031631875713155     
  0.10312500000000001       0.87861919281914536        3.8669932988611946E-002   7.4290314813387520E-002   2.1156028516111598        2.4033291585462426     
  0.10387500000000000       0.87838295269683209        3.9198244899549026E-002   7.4567939246952208E-002   2.1155198202869401        2.4038263406630564     
  0.10462500000000000       0.87814176933630639        3.9768972670951919E-002   7.4941699016915386E-002   2.1157035016388077        2.4046290079996240     
  0.10537500000000000       0.87793093814908751        4.0375724495081602E-002   7.5421213355092998E-002   2.1161614073844839        2.4056486036748543     
  0.10612500000000000       0.87777946243485161        4.1024658275395795E-002   7.6014249750798790E-002   2.1168750648394434        2.4067833882902372     
  0.10687500000000000       0.87769753125328986        4.1728993717247129E-002   7.6702513822928628E-002   2.1178032617909626        2.4079590880364843     
  0.10762500000000000       0.87768001231559833        4.2498971951927145E-002   7.7433635196090145E-002   2.1188914455991288        2.4091316531574689     
  0.10837500000000000       0.87771678843094980        4.3335750653617798E-002   7.8144081766472612E-002   2.1200848621389383        2.4102722538042078     
  0.10912500000000000       0.87779859677984928        4.4231094715122043E-002   7.8787803505209433E-002   2.1213385448900235        2.4113598902588116     
  0.10987500000000000       0.87791940573836680        4.5169592199896594E-002   7.9332114071503285E-002   2.1226199410172928        2.4123781160543070     
  0.11062500000000000       0.87807759054033052        4.6132014102137651E-002   7.9730255041055326E-002   2.1239069101684476        2.4133121172590495     
  0.11137500000000000       0.87827437278888953        4.7100905939363752E-002   7.9922002147538793E-002   2.1251871220694039        2.4141518815203211     
  0.11212500000000000       0.87850817487349375        4.8067664805310960E-002   7.9883544203913082E-002   2.1264610248636657        2.4149053252067008     
  0.11287500000000000       0.87876927040417885        4.9037452566284709E-002   7.9680582133236255E-002   2.1277440085576900        2.4156094665067753     
  0.11362500000000000       0.87904105175021152        5.0027998425235379E-002   7.9466387629696544E-002   2.1290618536026207        2.4163221079013546     
  0.11437500000000000       0.87930915223792194        5.1061813409664342E-002   7.9420620489327409E-002   2.1304403469693294        2.4170919328496372     
  0.11512500000000001       0.87957082258208774        5.2155926777994938E-002   7.9672567205093789E-002   2.1318945841577950        2.4179290243936795     
  0.11587500000000001       0.87983844128555089        5.3314951589359096E-002   8.0245060928187312E-002   2.1334219021607908        2.4187931671703149     
  0.11662500000000001       0.88013577793331943        5.4531412897545935E-002   8.1040448634959461E-002   2.1350012427347016        2.4196049966711879     
  0.11737500000000001       0.88048796594938250        5.5792090347730659E-002   8.1880997912683356E-002   2.1365992723440921        2.4202765513939846     
  0.11812500000000001       0.88090977720795460        5.7084200338824428E-002   8.2584961381621094E-002   2.1381803924748555        2.4207469647585005     
  0.11887500000000001       0.88139792872035261        5.8397534856582244E-002   8.3032668209969435E-002   2.1397167870881204        2.4210076547207970     
  0.11962500000000000       0.88193002138203136        5.9725176556206384E-002   8.3192431167585623E-002   2.1411945851689582        2.4211087496401968     
  0.12037500000000000       0.88247007044091064        6.1065581514180636E-002   8.3112074233019820E-002   2.1426131264091497        2.4211433098777193     
  0.12112500000000000       0.88298003824648985        6.2423096351233567E-002   8.2892425636173592E-002   2.1439772328264421        2.4212096785670991     
  0.12187500000000000       0.88343418517368710        6.3802978363036000E-002   8.2651249616492145E-002   2.1452866350818618        2.4213647199280013     
  0.12262500000000000       0.88382903995621898        6.5203821357293329E-002   8.2484877091235698E-002   2.1465288146601766        2.4215934467513036     
  0.12337500000000000       0.88418117082833803        6.6615465761899390E-002   8.2438843471873774E-002   2.1476786315372394        2.4218181232038281     
  0.12412500000000000       0.88451307154965542        6.8026085543371195E-002   8.2500713423509384E-002   2.1487033347063687        2.4219426573509422     
  0.12487500000000000       0.88483765121263447        6.9432541421476826E-002   8.2618294553076371E-002   2.1495691316829402        2.4218995284891656     
  0.12562500000000001       0.88515103027356901        7.0843341654773961E-002   8.2729865124145791E-002   2.1502459412888477        2.4216712699044476     
  0.12637500000000002       0.88543670609712077        7.2269036416562252E-002   8.2786084655104633E-002   2.1507094887324714        2.4212798529220252     
  0.12712500000000002       0.88567680635485568        7.3706379097859001E-002   8.2753919085514313E-002   2.1509426783695251        2.4207584940003555     
  0.12787500000000002       0.88585965802160793        7.5129149617023425E-002   8.2613420472858384E-002   2.1509378994755899        2.4201349240574959     
  0.12862500000000002       0.88597834740880077        7.6493851008049202E-002   8.2361667643403219E-002   2.1506988278449661        2.4194365898104344     
  0.12937500000000002       0.88602628866758848        7.7757166270166156E-002   8.2014619853575763E-002   2.1502376733869042        2.4186978595903899     
  0.13012500000000002       0.88599481746142739        7.8893453245937634E-002   8.1591569114165902E-002   2.1495662554680974        2.4179563803047146     
  0.13087500000000002       0.88587157591595733        7.9901383307904347E-002   8.1098990812923405E-002   2.1486867018545590        2.4172478371395609     
  0.13162500000000002       0.88564114988240827        8.0798155214831024E-002   8.0539222349084005E-002   2.1475907544578412        2.4166029575412349     
  0.13237500000000002       0.88529163921245235        8.1608199165829856E-002   7.9929320501507528E-002   2.1462699354450199        2.4160402990547118     
  0.13312500000000002       0.88482360716449615        8.2353543333764406E-002   7.9300079862932818E-002   2.1447309831422547        2.4155605354302980     
  0.13387500000000002       0.88425336228278817        8.3048587419399536E-002   7.8681828911722845E-002   2.1430098131678799        2.4151553932834520     
  0.13462500000000002       0.88360948929903316        8.3699408144646742E-002   7.8101247645295968E-002   2.1411784310587683        2.4148253575091041     
  0.13537500000000002       0.88292911991225298        8.4306614669359237E-002   7.7585274915557223E-002   2.1393395568619473        2.4145831011016190     
  0.13612500000000002       0.88225822595886072        8.4869080550161347E-002   7.7154828131928546E-002   2.1376081924012436        2.4144320487450175     
  0.13687500000000002       0.88165326453924875        8.5385928300660038E-002   7.6815613280796155E-002   2.1360878627407516        2.4143355355004208     
  0.13762500000000003       0.88117917626078968        8.5856897388039560E-002   7.6565477009571975E-002   2.1348522871583646        2.4142005060655514     
  0.13837500000000003       0.88090169131594742        8.6282722431224812E-002   7.6414317646841742E-002   2.1339376306821567        2.4138876470417716     
  0.13912500000000003       0.88087610764521473        8.6665895521719855E-002   7.6392921479090686E-002   2.1333440226929787        2.4132430267786389     
  0.13987500000000003       0.88113728006988046        8.7011502171851107E-002   7.6541288603039534E-002   2.1330434457117606        2.4121358892057958     
  0.14062500000000003       0.88169366884168121        8.7328922452083485E-002   7.6892321632251126E-002   2.1329918566647681        2.4104904295141667     
  0.14137500000000003       0.88252697138138414        8.7635904616245347E-002   7.7467971694774720E-002   2.1331427240456762        2.4083020274051736     
  0.14212500000000003       0.88360270555324938        8.7965429527103525E-002   7.8285246635510883E-002   2.1334579854294802        2.4056189558051928     
  0.14287500000000003       0.88488639742345232        8.8372066663769192E-002   7.9358894451093620E-002   2.1339133181646859        2.4025027244482771     
  0.14362500000000003       0.88631278455661677        8.8927641303153282E-002   8.0694765698454227E-002   2.1344969616854801        2.3991104522798463     
  0.14437500000000000       0.88760805282179134        8.9690804511448549E-002   8.2272971212177998E-002   2.1352026958514889        2.3961682117771135     
  0.14512500000000000       0.88790319495768832        9.0641662982600069E-002   8.4014128445281819E-002   2.1360176496546806        2.3960003054991001     
  0.14587500000000000       0.88529983204857676        9.1601898848505808E-002   8.5730167562934056E-002   2.1369071864277451        2.4037248671375289     
  0.14662500000000001       0.87700577324392426        9.2216450339357492E-002   8.7113029271741430E-002   2.1378055287610271        2.4271571295273131     
  0.14737500000000001       0.86095688507633317        9.2112786539161842E-002   8.7873343979870011E-002   2.1386282767300466        2.4730812981911710     
  0.14812500000000001       0.83898635878146122        9.1267581680838233E-002   8.8081476850449203E-002   2.1393170218641533        2.5384550881604779     
  0.14887500000000001       0.81913960105739492        9.0330201348214442E-002   8.8497428877105960E-002   2.1398918992439349        2.6004491021381630     
  0.14962500000000001       0.81287834526373537        9.0401425106998806E-002   9.0401425102768010E-002   2.1404453840605391        2.6208001699492378     
  0.15037500000000001       0.82627405512551910        9.2091008012625791E-002   9.4687044320412916E-002   2.1410357861519786        2.5784163339642734     
  0.15112500000000001       0.85281308404631928        9.4677238124806509E-002  0.10092214952388455        2.1415702939741208        2.4980190113606739     
  0.15187500000000001       0.87768408990573399        9.6538529086252212E-002  0.10757285168240600        2.1418378303601289        2.4267687003324303     
  0.15262500000000001       0.89060490414375959        9.6576279083674638E-002  0.11338601531214086        2.1416824795397686        2.3907665105239992     
  0.15337500000000001       0.89243979645673011        9.4942038671289045E-002  0.11833561117924431        2.1411157607387716        2.3847211309080163     
  0.15412500000000001       0.88979374593904825        9.2396543606000650E-002  0.12311269880297004        2.1402482028399978        2.3903673979644195     
  0.15487500000000001       0.88734494105565198        8.9416266341868500E-002  0.12809473541770539        2.1391573738302894        2.3952427127863634     
  0.15562500000000001       0.88622772112225068        8.6011114116175541E-002  0.13304942841314338        2.1378476727990536        2.3963214434446334     
  0.15637500000000001       0.88579822211959602        8.1981524360275698E-002  0.13749533356805230        2.1362971208287922        2.3953900378523425     
  0.15712500000000001       0.88472001306766979        7.7135099386519468E-002  0.14106333086060596        2.1345027251183537        2.3961188785861123     
  0.15787500000000002       0.88178929662769912        7.1417072343505736E-002  0.14359231442889009        2.1324756339285278        2.4018120208202305     
  0.15862500000000002       0.87649245759524486        6.4935496539971993E-002  0.14494455220704033        2.1302102586589102        2.4139628237027275     
  0.15937500000000002       0.86921911727239676        5.7924683200618207E-002  0.14498516523940955        2.1277006850748292        2.4316986144674249     
  0.16012500000000002       0.86189825311667168        5.0719450498101573E-002  0.14393138049963972        2.1249833234655093        2.4497940349657958     
  0.16087500000000002       0.85707752232257950        4.3621745135958317E-002  0.14223632123459357        2.1221250100571791        2.4609355101572001     
  0.16162500000000002       0.85562336805262251        3.6781482542095879E-002  0.14002993470208572        2.1191860795828341        2.4624584157927973     
  0.16237500000000002       0.85658960597937361        3.0279692768635874E-002  0.13709200073009550        2.1162160425321526        2.4570815166735467     
  0.16312500000000002       0.85877357188431824        2.4251430497245957E-002  0.13319762346431019        2.1132741247927438        2.4483777209496278     
  0.16387500000000002       0.86149822211896931        1.8908983874016350E-002  0.12826852567245497        2.1104336109164774        2.4383998553532922     
  0.16462500000000002       0.86444439164769027        1.4502562342822704E-002  0.12236128427418300        2.1077692857590611        2.4281348704978427     
  0.16537500000000002       0.86732330446410377        1.1270917284615940E-002  0.11562345486085973        2.1053432509608609        2.4184327651084976     
  0.16612500000000002       0.87006491334330383        9.4039828980261187E-003  0.10836799173074191        2.1032027718525748        2.4094791256941051     
  0.16687500000000002       0.87229471278501380        9.0071723399684327E-003  0.10091320282993138        2.1013685312340771        2.4022670570074354     
  0.16762500000000002       0.87362987222750010        1.0082882433955477E-002   9.3604644557241323E-002   2.0998383014660496        2.3977722958565186     
  0.16837500000000002       0.87388367341343964        1.2531815296851333E-002   8.6699351222085802E-002   2.0986131917660069        2.3964545987770576     
  0.16912500000000003       0.87312448947452315        1.6172042908265197E-002   8.0313581280708243E-002   2.0977055785427319        2.3981254076114689     
  0.16987500000000003       0.87177905143551371        2.0742968969111961E-002   7.4572347643624845E-002   2.0971557497968720        2.4016630061296200     
  0.17062500000000003       0.87029410651038952        2.5919595761861480E-002   6.9566640054748163E-002   2.0970297079219198        2.4059261394956311     
  0.17137500000000003       0.86907355895166050        3.1372147884759470E-002   6.5300213684378994E-002   2.0973818896592671        2.4098793149771991     
  0.17212500000000003       0.86835864201586765        3.6836494466121548E-002   6.1705754203570426E-002   2.0982174298589586        2.4128782728431579     
  0.17287500000000003       0.86819062144157932        4.2157737908449289E-002   5.8715182888000622E-002   2.0994727897250343        2.4147505761249355     
  0.17362500000000003       0.86845495104034698        4.7276952313940294E-002   5.6290998844304455E-002   2.1010241492443331        2.4156843103977725     
  0.17437500000000003       0.86897540234806347        5.2174048882021887E-002   5.4408752638506627E-002   2.1027219349980935        2.4160089070769146     
  0.17512500000000003       0.86959995465255924        5.6816899816356806E-002   5.3021137555785330E-002   2.1044361348754581        2.4160116461635588     
  0.17587500000000000       0.87023484214207147        6.1153244722075159E-002   5.2046484736298262E-002   2.1060778452181110        2.4158683115327593     
  0.17662500000000000       0.87083456327429798        6.5137240048890890E-002   5.1395773370993637E-002   2.1075882410212738        2.4156545663899873     
  0.17737500000000000       0.87137947378596059        6.8756900465086368E-002   5.0997084790966263E-002   2.1089162222505267        2.4153785298969712     
  0.17812500000000001       0.87186482284756817        7.2036568995582501E-002   5.0795880584445396E-002   2.1100193590993519        2.4150116292340762     
  0.17887500000000001       0.87230049549485611        7.5012836853829867E-002   5.0760351509871696E-002   2.1108952701413548        2.4145269174354884     
  0.17962500000000001       0.87271106133558640        7.7703648211976242E-002   5.0878141775426072E-002   2.1116143326149910        2.4139398497391276     
  0.18037500000000001       0.87313273358565979        8.0097070548439453E-002   5.1129410599989447E-002   2.1123127975540044        2.4133122266243854     
  0.18112500000000001       0.87359807481906160        8.2168784169434808E-002   5.1482964188452600E-002   2.1131363900310136        2.4127286225244347     
  0.18187500000000001       0.87411836934367437        8.3913976680257310E-002   5.1912846604594005E-002   2.1141660858534199        2.4122554044047027     
  0.18262500000000001       0.87467776145584653        8.5369948208069937E-002   5.2409369483557663E-002   2.1153792600756711        2.4119088036838150     
  0.18337500000000001       0.87524280589681691        8.6613867701573172E-002   5.2978199015249978E-002   2.1166716008300543        2.4116537293234028     
  0.18412500000000001       0.87577844820714534        8.7740141004446492E-002   5.3645038267635552E-002   2.1179243768072045        2.4114389368955713     
  0.18487500000000001       0.87626028443287785        8.8835428819012491E-002   5.4452982217101084E-002   2.1190656973108464        2.4112364068819248     
  0.18562500000000001       0.87667996073648413        8.9963074293269704E-002   5.5406240430754858E-002   2.1200908910643128        2.4110556127974614     
  0.18637500000000001       0.87704717454385772        9.1157845832137055E-002   5.6430858027090518E-002   2.1210531653088740        2.4109311865464709     
  0.18712500000000001       0.87739030045418764        9.2426485896416138E-002   5.7425755420014379E-002   2.1220528151607585        2.4109057501959792     
  0.18787500000000001       0.87774958760862987        9.3750691339768655E-002   5.8340911579140266E-002   2.1232259409694878        2.4110298098154184     
  0.18862500000000001       0.87816045623409988        9.5093564180471074E-002   5.9203641108329493E-002   2.1247149703771884        2.4113709021127447     
  0.18937500000000002       0.87864893015454493        9.6414229017704023E-002   6.0080818441147002E-002   2.1266201729299330        2.4119716154158728     
  0.19012500000000002       0.87923652705362176        9.7683626017703362E-002   6.1020942176235715E-002   2.1289563883691418        2.4127893680720645     
  0.19087500000000002       0.87993257629336019        9.8887149077540842E-002   6.2022426893136196E-002   2.1316484631379282        2.4137146349390823     
  0.19162500000000002       0.88071709685778798       0.10001761733943423        6.3044410386452879E-002   2.1345708672207335        2.4146632635672933     
  0.19237500000000002       0.88154751092499939       0.10107325863399019        6.4045318801284418E-002   2.1375897548706750        2.4156032492637247     
  0.19312500000000002       0.88238178956467639       0.10206100294741643        6.5009528240864700E-002   2.1405721030498599        2.4164991581453394     
  0.19387500000000002       0.88318552250294746       0.10300080250048740        6.5938267308635917E-002   2.1433773702196466        2.4172834143412634     
  0.19462500000000002       0.88392055458056351       0.10392483240061676        6.6826043143861258E-002   2.1458610317430322        2.4178933025565583     
  0.19537500000000002       0.88454101877005764       0.10486445027969067        6.7655561702953865E-002   2.1479075574556230        2.4183211107130771     
  0.19612500000000002       0.88501354640560470       0.10583291616910638        6.8416745822963601E-002   2.1494702145151297        2.4186045352944254     
  0.19687500000000002       0.88533931678593603       0.10681919435057362        6.9130896667525296E-002   2.1505824678243641        2.4187781646289310     
  0.19762500000000002       0.88553757196698202       0.10779483985990364        6.9847524891258506E-002   2.1513289913187572        2.4188849634984124     
  0.19837500000000002       0.88562684524249935       0.10873162988507271        7.0593447026431957E-002   2.1518093599415078        2.4189885113524952     
  0.19912500000000002       0.88563347210488463       0.10962031576566254        7.1348642800517698E-002   2.1521185970555692        2.4191276290039925     
  0.19987500000000002       0.88560296917212000       0.11047545482536816        7.2055764252215646E-002   2.1523429445520508        2.4192792673927657     
  0.20062500000000003       0.88559853056957094       0.11132884349638295        7.2619834003645425E-002   2.1525510066776148        2.4193535764558938     
  0.20137500000000003       0.88566153768194744       0.11221852336212548        7.2932969937668748E-002   2.1527774498658521        2.4192821096383357     
  0.20212500000000003       0.88576341015760196       0.11317207478364447        7.2956325460347804E-002   2.1530115071239475        2.4191302843445026     
  0.20287500000000003       0.88583683392434320       0.11419125124168616        7.2758051937551624E-002   2.1532212023955020        2.4190382084553335     
  0.20362500000000003       0.88586211667225634       0.11525012793150835        7.2459972677039727E-002   2.1534271571689967        2.4190747780708892     
  0.20437500000000003       0.88590499745142270       0.11629657873197376        7.2155141436395578E-002   2.1537825887340496        2.4192331836824144     
  0.20512500000000003       0.88608634803694963       0.11725315987368053        7.1859283235073138E-002   2.1545828053526708        2.4195284466421314     
  0.20587500000000003       0.88650892838828355       0.11804448661139107        7.1532309626710533E-002   2.1561285857485011        2.4200358851594603     
  0.20662500000000003       0.88718019742318255       0.11866596180501007        7.1155037036667410E-002   2.1584729801072875        2.4207972407621039     
  0.20737500000000003       0.88798311248504880       0.11924400311926558        7.0781711028658059E-002   2.1612575803999476        2.4217016085469836     
  0.20812500000000000       0.88873635759839198       0.11999066222382396        7.0527711773737178E-002   2.1638806953013967        2.4225205859169296     
  0.20887500000000001       0.88933374808296572       0.12104126864050668        7.0455673696153243E-002   2.1659977201062226        2.4231283380414235     
  0.20962500000000001       0.88987015552169013       0.12233067385074217        7.0500385206675384E-002   2.1679321056027194        2.4236468261743900     
  0.21037500000000001       0.89059233797811665       0.12366585162533029        7.0538117286539637E-002   2.1704548495413198        2.4243139381066561     
  0.21112500000000001       0.89161043479533486       0.12495602622537230        7.0449867637547237E-002   2.1738927996042001        2.4252222439040070     
  0.21187500000000001       0.89259894155606101       0.12639303349720624        7.0208310587932699E-002   2.1773074086017785        2.4261708749771755     
  0.21262500000000001       0.89289569393530765       0.12837665734462028        7.0010280151150919E-002   2.1786753664803582        2.4266014217647252     
  0.21337500000000001       0.89204252661765082       0.13113877747161495        7.0103547172283134E-002   2.1763745438584610        2.4258715420908663     
  0.21412500000000001       0.89040455668708540       0.13420275438352500        7.0478119398267938E-002   2.1713230941155857        2.4240893761021400     
  0.21487500000000001       0.88963833548622595       0.13590882280373956        7.0989054019199235E-002   2.1688001036972473        2.4229919233943584     
  0.21562500000000001       0.89279723779698972       0.13331994499325134        7.1749745648860247E-002   2.1788278056131110        2.4260721267065719     
  0.21637500000000001       0.90338006145185756       0.12310021829590709        7.3129660362115489E-002   2.2131304997433654        2.4372724454736083     
  0.21712500000000001       0.92265714182658642       0.10402114335451992        7.5358879196900666E-002   2.2767176368680180        2.4578755370433409     
  0.21787500000000001       0.94691321327958211        7.9987109081994717E-002   7.8179360761563843E-002   2.3583477682536040        2.4835878173742851     
  0.21862500000000001       0.96864480484185478        5.9417244068618660E-002   8.0859308170350114E-002   2.4328690517261995        2.5062559150229613     
  0.21937500000000001       0.98193406970239705        4.9270509144456243E-002   8.2693116618413637E-002   2.4791257590713558        2.5199325811916649     
  0.22012500000000002       0.98612144273336377        5.0031087091843646E-002   8.3479553168379211E-002   2.4941031287871782        2.5243346251829615     
  0.22087500000000002       0.98444111293268943        5.7029554634312883E-002   8.3538512607134824E-002   2.4887142135312641        2.5227693200495693     
  0.22162500000000002       0.98060251616170446        6.4797468244110756E-002   8.3322070514545321E-002   2.4756641787205016        2.5188425528918201     
  0.22237500000000002       0.97687823460187095        6.9774597785035225E-002   8.3103331247590562E-002   2.4627565910920328        2.5148783416321319     
  0.22312500000000002       0.97401296863052023        7.0914852707772286E-002   8.2835612053047458E-002   2.4525323209318888        2.5116999964845417     
  0.22387500000000002       0.97169460246804351        6.9096022274726984E-002   8.2621681899313570E-002   2.4439505367635386        2.5089995013685433     
  0.22462500000000002       0.96922571515347766        6.6090421446658235E-002   8.2490825095857118E-002   2.4351326378411140        2.5065048168453790     
  0.22537500000000002       0.96642193102605767        6.3454258368785710E-002   8.2794043227247496E-002   2.4252756965144275        2.5037159616628046     
  0.22612500000000002       0.96370796116563773        6.1912100094766762E-002   8.3882092361223140E-002   2.4155339884783595        2.5006482943180375     
  0.22687500000000002       0.96130822116165082        6.1674212756193961E-002   8.5515744825243489E-002   2.4077174197203419        2.4986110840901339     
  0.22762500000000002       0.95940231390407571        6.2866119710197954E-002   8.6504226845115759E-002   2.4027840124047817        2.4982475759395304     
  0.22837500000000002       0.95838469113979508        6.5465853362214263E-002   8.5823003782245028E-002   2.4004501301233376        2.4983407023164572     
  0.22912500000000002       0.95818634701021055        6.8781700765654735E-002   8.3792412215028353E-002   2.3996731602916563        2.4979908152473951     
  0.22987500000000002       0.95870789324001993        7.1774451304832676E-002   8.1773661300884704E-002   2.3998754115381393        2.4967993181524584     
  0.23062500000000002       0.95949907657638978        7.3939364120466325E-002   8.0940319626156082E-002   2.4009513513177203        2.4957694872305316     
  0.23137500000000003       0.96028654211235609        7.5566426666648742E-002   8.1360898439648180E-002   2.4030055264296051        2.4956984449111115     
  0.23212500000000003       0.96107317392402958        7.7209938627336966E-002   8.2370743028669952E-002   2.4058411687898111        2.4963862708537978     
  0.23287500000000003       0.96186239194566137        7.9069115530547102E-002   8.3472530432860195E-002   2.4089752394105330        2.4973461782289084     
  0.23362500000000003       0.96260143861039804        8.0967954860783189E-002   8.4666868903102141E-002   2.4119607494433808        2.4982634596407656     
  0.23437500000000003       0.96331545208567781        8.2710984151782713E-002   8.6067827282567455E-002   2.4147672207961879        2.4990479690721292     
  0.23512500000000003       0.96406623959689430        8.4253649951286383E-002   8.7512347502027216E-002   2.4175457424738562        2.4997163865418552     
  0.23587500000000003       0.96482476958244190        8.5561969692927883E-002   8.8679675879876241E-002   2.4201977231876577        2.5002762449989202     
  0.23662500000000003       0.96539645356037807        8.6495705598664624E-002   8.9291901709081245E-002   2.4221250269200021        2.5006522109660545     
  0.23737500000000003       0.96551612439615830        8.6862218546454678E-002   8.9257639860102919E-002   2.4225102852880060        2.5007115156937894     
  0.23812500000000003       0.96502898421877581        8.6559481167478525E-002   8.8676709360941131E-002   2.4208719685360962        2.5003556547421892     
  0.23887500000000003       0.96401803341676540        8.5674842621402333E-002   8.7714870253619195E-002   2.4174840558512338        2.4996279741118475     
  0.23962500000000000       0.96279386617160911        8.4494531087723757E-002   8.6789981620138304E-002   2.4133741404359288        2.4987225439762342     
  0.24037500000000001       0.96174435933949298        8.3396248534885239E-002   8.6367535239629936E-002   2.4098317872461408        2.4978965981786763     
  0.24112500000000001       0.96108435817849647        8.2653007685020013E-002   8.6670804810914617E-002   2.4076541813029761        2.4973792318881149     
  0.24187500000000001       0.96064330922481500        8.2221710080316687E-002   8.7502414206641288E-002   2.4063388066928741        2.4971130441192426     
  0.24262500000000001       0.95974554738602347        8.1591388929825259E-002   8.8151294887755971E-002   2.4035360315629384        2.4965154188629914     
  0.24337500000000001       0.95727218419292881        7.9812920440878093E-002   8.7457128697603886E-002   2.3951877854850214        2.4944478003069976     
  0.24412500000000001       0.95200378724149481        7.5831301560615821E-002   8.4139919191397267E-002   2.3768002300471052        2.4895508708058531     
  0.24487500000000001       0.94322867225493456        6.9087055179202939E-002   7.7397772193065539E-002   2.3457757163850612        2.4809149155430874     
  0.24562500000000001       0.93132417139109669        6.0041211469547065E-002   6.7492705384278734E-002   2.3035924128360072        2.4687552522812446     
  0.24637500000000001       0.91782628070369943        5.0135988988840620E-002   5.5811667832068118E-002   2.2559273382403844        2.4545615450946796     
  0.24712500000000001       0.90476862282334014        4.1080254509087075E-002   4.4219633227994118E-002   2.2101030654248679        2.4405022545290946     
  0.24787500000000001       0.89379259945310929        3.3999602888369639E-002   3.4198792876370537E-002   2.1717234758464934        2.4283290588182314     
  0.24862500000000001       0.88556348399774654        2.9128689217790785E-002   2.6381758503436124E-002   2.1430102331162755        2.4189549826417429     
  0.24937500000000001       0.87990844587603723        2.6056946706492310E-002   2.0678103103666915E-002   2.1232385468337207        2.4123075198003576     
  0.25012499999999999       0.87625613708418437        2.4143050497783147E-002   1.6715374716847177E-002   2.1103118416702342        2.4077660871344650     
  0.25087500000000001       0.87398274604044235        2.2836958276756456E-002   1.4011302792596008E-002   2.1020237052996089        2.4046390403332301     
  0.25162499999999999       0.87259448492530456        2.1803101970757348E-002   1.2176465429551309E-002   2.0966646788734473        2.4023843446983824     
  0.25237500000000002       0.87174524488084171        2.0918005358005750E-002   1.0970183900317679E-002   2.0930995564389763        2.4006779204507178     
  0.25312499999999999       0.87119960378414552        2.0203918638702828E-002   1.0253294125808797E-002   2.0906282291134191        2.3993739321672045     
  0.25387500000000002       0.87080475283097813        1.9738935626266600E-002   9.9468445891818767E-003   2.0888525282557024        2.3984389110177142     
  0.25462499999999999       0.87049592114218632        1.9573577890150278E-002   9.9657549410985431E-003   2.0876424000633267        2.3979035883494908     
  0.25537500000000002       0.87032567432392682        1.9664204350540372E-002   1.0177587227496079E-002   2.0871812991831664        2.3978376200333731     
  0.25612499999999999       0.87049213131569980        1.9827899675850223E-002   1.0444265503241363E-002   2.0880404924896152        2.3983582890837978     
  0.25687499999999996       0.87132965257613748        1.9742698228695576E-002   1.0574393140796914E-002   2.0911879352312428        2.3996659561991684     
  0.25762499999999999       0.87322235173824148        1.9001634056220386E-002   1.0419055705795849E-002   2.0977905538229624        2.4020475996067594     
  0.25837499999999997       0.87645137415468977        1.7253312197995516E-002   9.8183409454918706E-003   2.1087823587298686        2.4057895362832267     
  0.25912499999999999       0.88100337607325385        1.4408255046531239E-002   8.7334742397807384E-003   2.1242214715402961        2.4109559876393054     
  0.25987499999999997       0.88645908387457595        1.0764740420746223E-002   7.3160222458187830E-003   2.1428308445468796        2.4171846537379262     
  0.26062500000000000       0.89210599338470131        6.9346093733566750E-003   5.8360717508880791E-003   2.1622676094405984        2.4237272068084201     
  0.26137499999999997       0.89723007353002715        3.5502653537227437E-003   4.5676520636301733E-003   2.1800520820129901        2.4297373613396220     
  0.26212500000000000       0.90136945075301123        9.4746924707353442E-004   3.6269024763103458E-003   2.1944577296048005        2.4345732295444766     
  0.26287499999999997       0.90439441229653439       -7.2338018846001086E-004   2.8501629697773733E-003   2.2048727559666208        2.4379495777536886     
  0.26362500000000000       0.90624412236941121       -1.5030503481208305E-003   2.3210424991361540E-003   2.2109948511259390        2.4397296245245284     
  0.26437499999999997       0.90707269151463621       -1.6152858026809865E-003   1.9437458418427084E-003   2.2133718184028917        2.4401222948050036     
  0.26512500000000000       0.90702942894786998       -1.3331032579346619E-003   1.7236188739201111E-003   2.2126328892373870        2.4394250079121780     
  0.26587499999999997       0.90629201758223754       -1.0057895894973880E-003   1.6939383454772868E-003   2.2095399845083969        2.4379976878079788     
  0.26662500000000000       0.90501665027048062       -7.8597880577038932E-004   1.6399635350202002E-003   2.2047537107441508        2.4361451061841968     
  0.26737499999999997       0.90330039793618822       -6.8401571747637177E-004   1.5257918612670896E-003   2.1986755917260954        2.4340452513215132     
  0.26812500000000000       0.90130455625601136       -7.0788693564424895E-004   1.2546303374698666E-003   2.1918639633708814        2.4318781004003287     
  0.26887499999999998       0.89916865682191682       -8.1729739137604185E-004   7.8627936562124647E-004   2.1847515384677840        2.4297453060339049     
  0.26962500000000000       0.89702584855448020       -9.7894782740621774E-004   1.1379249438191573E-004   2.1777153380497536        2.4277057346404716     
  0.27037499999999998       0.89498843184164945       -1.1708669395103918E-003  -7.2725216176660874E-004   2.1710477036416793        2.4257817922916818     
  0.27112500000000000       0.89315058402751457       -1.3954352046410285E-003  -1.6708123512433704E-003   2.1649867841618686        2.4239855742054739     
  0.27187499999999998       0.89159227822196840       -1.6751896682950839E-003  -2.5934315183374487E-003   2.1597459811639652        2.4223411175067411     
  0.27262500000000001       0.89036959962358075       -2.0414386295320571E-003  -3.3390914127419233E-003   2.1554961536191648        2.4208907773182280     
  0.27337499999999998       0.88949923259810604       -2.5507079819788647E-003  -3.9237508748717412E-003   2.1523094410301367        2.4196728347479177     
  0.27412500000000001       0.88894297834296088       -3.2816756438538617E-003  -4.5453396859091609E-003   2.1501523452003508        2.4187543178369562     
  0.27487499999999998       0.88859061414979368       -4.2310536693615976E-003  -5.0588838618694544E-003   2.1489472211669933        2.4183495901176313     
  0.27562500000000001       0.88827891235041079       -5.2347117098487973E-003  -4.7733200059500670E-003   2.1485661684004485        2.4187649724344142     
  0.27637499999999998       0.88809442831677465       -6.1119012018920060E-003  -3.3355324172212610E-003   2.1487907131448458        2.4195213364822816     
  0.27712500000000001       0.88818020361297789       -6.8474394432310147E-003  -1.5673723666407692E-003   2.1494136789037963        2.4199885248139523     
  0.27787499999999998       0.88839309097865171       -7.5218630265589965E-003  -5.0105279222018538E-004   2.1503316574313498        2.4204371857975318     
  0.27862500000000001       0.88857222181739481       -8.1223771056470554E-003  -1.3523168556555081E-004   2.1515111781117837        2.4212708792289201     
  0.27937499999999998       0.88869995070075869       -8.5262956461405019E-003   2.7559816693744098E-004   2.1528899531353480        2.4224700446360421     
  0.28012500000000001       0.88880583249253797       -8.6350466524151136E-003   1.1199543164055108E-003   2.1543709948670067        2.4238458663468245     
  0.28087499999999999       0.88892653835307134       -8.4374345320971864E-003   2.1250994105999239E-003   2.1558826908833941        2.4252173996963564     
  0.28162500000000001       0.88910856710053343       -7.9707792903204282E-003   2.9711156305098577E-003   2.1573865658124287        2.4264144478171534     
  0.28237499999999999       0.88939093504177924       -7.2925486752685618E-003   3.5600038388743775E-003   2.1588685738765792        2.4273145434160819     
  0.28312500000000002       0.88979000210424508       -6.4829315524606562E-003   3.9105972850187951E-003   2.1603547336405091        2.4279015475847969     
  0.28387499999999999       0.89029985984231907       -5.6404438912045782E-003   4.0661805496585053E-003   2.1619206688883188        2.4282757007053757     
  0.28462500000000002       0.89090389596429875       -4.8668182259903369E-003   4.0794843260462442E-003   2.1636815950630046        2.4286109552422981     
  0.28537499999999999       0.89158760253169933       -4.2526767571691368E-003   4.0106274570889423E-003   2.1657739314919966        2.4290992412585184     
  0.28612500000000002       0.89234486452356565       -3.8682379628884496E-003   3.9158976522990080E-003   2.1683327013392337        2.4299077757856233     
  0.28687499999999999       0.89318163929875394       -3.7566210566813934E-003   3.8366666885588127E-003   2.1714718330619274        2.4311468097277236     
  0.28762500000000002       0.89411742734471156       -3.9281927032442723E-003   3.7942867595489828E-003   2.1752631884627287        2.4328420878372143     
  0.28837499999999999       0.89518531128488465       -4.3577531549264317E-003   3.8043983639703947E-003   2.1797172804018388        2.4349132655819865     
  0.28912499999999997       0.89642630114841770       -4.9845204363691605E-003   3.8812378666528997E-003   2.1847670678125866        2.4371716946563993     
  0.28987499999999999       0.89787291097242261       -5.7150281887296244E-003   4.0486564961808701E-003   2.1902623737505951        2.4393597698130809     
  0.29062499999999997       0.89951057255301381       -6.4339811087071449E-003   4.3620483419342581E-003   2.1959784837017731        2.4412663550463214     
  0.29137500000000000       0.90124121028557025       -7.0269218040150475E-003   4.8702429719166768E-003   2.2016447297123292        2.4428578621653192     
  0.29212499999999997       0.90290625271790903       -7.4001980135809768E-003   5.5873211523778041E-003   2.2069982611422381        2.4442744094193363     
  0.29287500000000000       0.90437440202272945       -7.4885710260583667E-003   6.4876490334909390E-003   2.2118306039664168        2.4456423411359780     
  0.29362499999999997       0.90565135652731177       -7.2593719259265981E-003   7.5166730631533894E-003   2.2160130701523046        2.4468055689565871     
  0.29437500000000000       0.90690626205815084       -6.7225725298989637E-003   8.5961815193532128E-003   2.2194893351454730        2.4472470553962928     
  0.29512499999999997       0.90837720500289820       -5.9352342007808886E-003   9.5914152539310696E-003   2.2222661365106564        2.4463362764465346     
  0.29587500000000000       0.91012495333397370       -4.9992768717623884E-003   1.0229806875775474E-002   2.2243801995569572        2.4439599963447618     
  0.29662499999999997       0.91147025808049209       -4.0514557432530223E-003   9.9442123815853267E-003   2.2258799445575717        2.4420069381964744     
  0.29737500000000000       0.91033143093709734       -3.2005039007205302E-003   7.8244909986179608E-003   2.2268411738874279        2.4461441685274972     
  0.29812499999999997       0.90559283862875239       -2.3966111725230986E-003   3.7194894539006318E-003   2.2274658430331917        2.4596650264161282     
  0.29887500000000000       0.89957699036655203       -1.5505514974483562E-003  -1.9903323531395216E-003   2.2277808066952840        2.4764720445571782     
  0.29962499999999997       0.89463681923003491       -5.5494194068399791E-004  -8.2008191294195149E-003   2.2280342793130496        2.4903921594824188     
