 -0.70657645110065759       0.90867899003660235     
 -0.70551579092887784       0.91455347355572936     
 -0.70445513075709798       0.92077477046793055     
 -0.70339447058531823       0.92533668537727487     
 -0.70233381041353837       0.92696325008835190     
 -0.70127315024175862       0.92608921025588931     
 -0.70021249006997865       0.92360477799009100     
 -0.69915182989819891       0.92026709794300765     
 -0.69809116972641905       0.91746940737795035     
 -0.69703050955463930       0.91747074463806499     
 -0.69596984938285944       0.92047965873932736     
 -0.69490918921107958       0.91941181276207418     
 -0.69384852903929972       0.90727839790662212     
 -0.69278786886751997       0.90455846952763563     
 -0.69172720869574011       0.95707493706647506     
 -0.69066654852396037        1.0409803196331309     
 -0.68960588835218051        1.0671246559146208     
 -0.68854522818040065        1.0463282929494619     
 -0.68748456800862079        1.0381625821603153     
 -0.68642390783684104        1.0438781145334077     
 -0.68536324766506118        1.0452054113916696     
 -0.68430258749328143        1.0417148079526204     
 -0.68324192732150169        1.0384674873530348     
 -0.68218126714972172        1.0359535440790431     
 -0.68112060697794197        1.0340208676790517     
 -0.68005994680616211        1.0331674671065252     
 -0.67899928663438236        1.0332493186781546     
 -0.67793862646260250        1.0337386565833031     
 -0.67687796629082264        1.0342593519801544     
 -0.67581730611904278        1.0344892556016270     
 -0.67475664594726303        1.0341543943539668     
 -0.67369598577548317        1.0332201677946231     
 -0.67263532560370343        1.0318895602007530     
 -0.67157466543192357        1.0304539516451310     
 -0.67051400526014371        1.0291970045579983     
 -0.66945334508836385        1.0283534366139215     
 -0.66839268491658410        1.0280767508114721     
 -0.66733202474480424        1.0284161022988298     
 -0.66627136457302449        1.0293028184123327     
 -0.66521070440124463        1.0305611352854736     
 -0.66415004422946478        1.0319718375827225     
 -0.66308938405768492        1.0333810005595370     
 -0.66202872388590517        1.0347535336996871     
 -0.66096806371412531        1.0360843203360852     
 -0.65990740354234556        1.0372629824305255     
 -0.65884674337056570        1.0380701306162663     
 -0.65778608319878584        1.0383281427900770     
 -0.65672542302700598        1.0380411040012036     
 -0.65566476285522624        1.0373764014796942     
 -0.65460410268344638        1.0365320823106936     
 -0.65354344251166663        1.0356353888620711     
 -0.65248278233988677        1.0347285350836353     
 -0.65142212216810691        1.0338077531537428     
 -0.65036146199632705        1.0328489928439719     
 -0.64930080182454730        1.0317020538660153     
 -0.64824014165276744        1.0299017396706400     
 -0.64717948148098770        1.0269641221127772     
 -0.64611882130920784        1.0232993926586680     
 -0.64505816113742798        1.0204295087447763     
 -0.64399750096564812        1.0196414502293352     
 -0.64293684079386837        1.0209531872675615     
 -0.64187618062208862        1.0235571413631563     
 -0.64081552045030876        1.0264731296036755     
 -0.63975486027852890        1.0285981176204972     
 -0.63869420010674904        1.0288355859622436     
 -0.63763353993496930        1.0268305409325638     
 -0.63657287976318944        1.0234886137078729     
 -0.63551221959140958        1.0202955484318807     
 -0.63445155941962983        1.0181321260773721     
 -0.63339089924784997        1.0169411134699684     
 -0.63233023907607011        1.0162541777632823     
 -0.63126957890429036        1.0157353827441074     
 -0.63020891873251050        1.0152933060988196     
 -0.62914825856073076        1.0148669621964896     
 -0.62808759838895090        1.0142621013913002     
 -0.62702693821717104        1.0132910179064161     
 -0.62596627804539118        1.0120578026242668     
 -0.62490561787361143        1.0110378821418622     
 -0.62384495770183157        1.0108487480391080     
 -0.62278429753005182        1.0119756119334922     
 -0.62172363735827196        1.0146716530181674     
 -0.62066297718649210        1.0186848320896937     
 -0.61960231701471224        1.0224217271964255     
 -0.61854165684293250        1.0232071147163933     
 -0.61748099667115264        1.0192386887222420     
 -0.61642033649937289        1.0115726718630405     
 -0.61535967632759303        1.0075050288972691     
 -0.61429901615581317        1.0086322660907996     
 -0.61323835598403331       0.99677585645310984     
 -0.61217769581225356       0.97718610540132689     
 -0.61111703564047370       0.96897653505961523     
 -0.61005637546869396       0.96157512126445144     
 -0.60899571529691410       0.95352814176542211     
 -0.60793505512513424       0.95004638955281950     
 -0.60687439495335438       0.95062073795008994     
 -0.60581373478157463       0.95283590741589574     
 -0.60475307460979488       0.95461070348043253     
 -0.60369241443801502       0.95537184699988242     
 -0.60263175426623516       0.95567114679966869     
 -0.60157109409445531       0.95593456955924894     
 -0.60051043392267556       0.95598516444166182     
 -0.59944977375089570       0.95529376028772561     
 -0.59838911357911584       0.95364021226740558     
 -0.59732845340733609       0.95151721599801986     
 -0.59626779323555623       0.94940462673081361     
 -0.59520713306377637       0.94687209151214535     
 -0.59414647289199651       0.94386712571486897     
 -0.59308581272021677       0.94306821865357837     
 -0.59202515254843702       0.94750311602885251     
 -0.59096449237665716       0.95235918425651223     
 -0.58990383220487730       0.94403754527973138     
 -0.58884317203309744       0.91805237032444387     
 -0.58778251186131769       0.89097463128261489     
 -0.58672185168953783       0.87937761959135918     
 -0.58566119151775797       0.88093728601191845     
 -0.58460053134597822       0.88506784942761740     
 -0.58353987117419837       0.88635143260964011     
 -0.58247921100241851       0.88533235898284390     
 -0.58141855083063876       0.88407481030973734     
 -0.58035789065885890       0.88338926197235790     
 -0.57929723048707915       0.88290701828459506     
 -0.57823657031529929       0.88220062246441722     
 -0.57717591014351943       0.88133741436388502     
 -0.57611524997173957       0.88066709784182839     
 -0.57505458979995983       0.88042282407984718     
 -0.57399392962817997       0.88057442957726995     
 -0.57293326945640022       0.88093211571939456     
 -0.57187260928462036       0.88128938697326076     
 -0.57081194911284050       0.88148648250181261     
 -0.56975128894106064       0.88142639736858297     
 -0.56869062876928089       0.88109431903086199     
 -0.56762996859750103       0.88057184797682797     
 -0.56656930842572129       0.88000870949406518     
 -0.56550864825394143       0.87955016675921416     
 -0.56444798808216157       0.87926578591389837     
 -0.56338732791038171       0.87912677849420606     
 -0.56232666773860196       0.87904244776203189     
 -0.56126600756682210       0.87892639495382852     
 -0.56020534739504235       0.87875074621468297     
 -0.55914468722326249       0.87856098542297423     
 -0.55808402705148263       0.87844714592758066     
 -0.55702336687970277       0.87849265295100842     
 -0.55596270670792303       0.87873760507968146     
 -0.55490204653614328       0.87918022892973402     
 -0.55384138636436342       0.87980584840809761     
 -0.55278072619258356       0.88061104765505860     
 -0.55172006602080370       0.88159874952737893     
 -0.55065940584902395       0.88274310278117585     
 -0.54959874567724409       0.88393969748114976     
 -0.54853808550546423       0.88496901702931807     
 -0.54747742533368449       0.88551930649080690     
 -0.54641676516190463       0.88531147509255592     
 -0.54535610499012477       0.88429047200712296     
 -0.54429544481834491       0.88273493916103296     
 -0.54323478464656516       0.88114445822885457     
 -0.54217412447478541       0.87996387214797733     
 -0.54111346430300555       0.87937377628726598     
 -0.54005280413122569       0.87927433564814894     
 -0.53899214395944584       0.87938792364632756     
 -0.53793148378766609       0.87938577063346590     
 -0.53687082361588623       0.87902279723073040     
 -0.53581016344410648       0.87825260474442268     
 -0.53474950327232662       0.87725799827532447     
 -0.53368884310054676       0.87635902122231890     
 -0.53262818292876690       0.87581638204775469     
 -0.53156752275698715       0.87566199831063796     
 -0.53050686258520729       0.87570031303298701     
 -0.52944620241342755       0.87563097449241956     
 -0.52838554224164769       0.87519633508410077     
 -0.52732488206986783       0.87432969787195181     
 -0.52626422189808797       0.87320649147916540     
 -0.52520356172630822       0.87212726033148513     
 -0.52414290155452836       0.87132533702412207     
 -0.52308224138274850       0.87085336639584243     
 -0.52202158121096875       0.87061430687817376     
 -0.52096092103918890       0.87046367731805563     
 -0.51990026086740904       0.87029144827940641     
 -0.51883960069562918       0.87005644742560340     
 -0.51777894052384943       0.86978184414001225     
 -0.51671828035206968       0.86952910308565301     
 -0.51565762018028982       0.86936577652661606     
 -0.51459696000850996       0.86933840854434097     
 -0.51353629983673010       0.86946550720836702     
 -0.51247563966495036       0.86976387854511827     
 -0.51141497949317050       0.87030155491223016     
 -0.51035431932139064       0.87123026146495441     
 -0.50929365914961089       0.87269227532199400     
 -0.50823299897783103       0.87457415154641116     
 -0.50717233880605117       0.87635735091369971     
 -0.50611167863427131       0.87736854547525522     
 -0.50505101846249156       0.87742013321566159     
 -0.50399035829071182       0.87723737260890233     
 -0.50292969811893196       0.87743526720765219     
 -0.50186903794715210       0.87686199899929063     
 -0.50080837777537235       0.87453673506611063     
 -0.49974771760359249       0.87409829191450150     
 -0.49868705743181263       0.87943187874942574     
 -0.49762639726003283       0.88349922565868066     
 -0.49656573708825308       0.87541544328754095     
 -0.49550507691647322       0.86176986392942301     
 -0.49444441674469336       0.86176986395064692     
 -0.49338375657291356       0.87541544330586385     
 -0.49232309640113375       0.88349922562735483     
 -0.49126243622935389       0.87943187869681116     
 -0.49020177605757403       0.87409829188468136     
 -0.48914111588579429       0.87453673505761431     
 -0.48808045571401448       0.87686199898671879     
 -0.48701979554223462       0.87743526718009068     
 -0.48595913537045476       0.87723737256669354     
 -0.48489847519867496       0.87742013315808010     
 -0.48383781502689521       0.87736854540445730     
 -0.48277715485511535       0.87635735084049537     
 -0.48171649468333549       0.87457415148688833     
 -0.48065583451155569       0.87269227528968241     
 -0.47959517433977589       0.87123026146557792     
 -0.47853451416799603       0.87030155494439465     
 -0.47747385399621617       0.86976387860403770     
 -0.47641319382443642       0.86946550728827765     
 -0.47535253365265662       0.86933840863874279     
 -0.47429187348087676       0.86936577662685066     
 -0.47323121330909690       0.86952910317917154     
 -0.47217055313731709       0.86978184421055216     
 -0.47110989296553735       0.87005644745695110     
 -0.47004923279375749       0.87029144826224658     
 -0.46898857262197763       0.87046367725670315     
 -0.46792791245019782       0.87061430679372342     
 -0.46686725227841802       0.87085336632364019     
 -0.46580659210663816       0.87132533700269488     
 -0.46474593193485830       0.87212726038184285     
 -0.46368527176307855       0.87320649158489949     
 -0.46262461159129875       0.87432969798023774     
 -0.46156395141951889       0.87519633513694783     
 -0.46050329124773903       0.87563097446556570     
 -0.45944263107595923       0.87570031294845641     
 -0.45838197090417948       0.87566199821813817     
 -0.45732131073239962       0.87581638199710232     
 -0.45626065056061982       0.87635902124347620     
 -0.45519999038884001       0.87725799836824325     
 -0.45413933021706016       0.87825260488022372     
 -0.45307867004528030       0.87902279736691247     
 -0.45201800987350055       0.87938577073887991     
 -0.45095734970172074       0.87938792372188290     
 -0.44989668952994089       0.87927433572966340     
 -0.44883602935816103       0.87937377642009140     
 -0.44777536918638122       0.87996387233200801     
 -0.44671470901460147       0.88114445836319888     
 -0.44565404884282162       0.88273493905588862     
 -0.44459338867104176       0.88429047150304474     
 -0.44353272849926195       0.88531147420204204     
 -0.44247206832748215       0.88551930541601376     
 -0.44141140815570229       0.88496901603532252     
 -0.44035074798392243       0.88393969675330331     
 -0.43929008781214268       0.88274310237452669     
 -0.43822942764036288       0.88159874940226546     
 -0.43716876746858302       0.88061104773786014     
 -0.43610810729680316       0.87980584863532796     
 -0.43504744712502336       0.87918022926776462     
 -0.43398678695324361       0.87873760552678148     
 -0.43292612678146375       0.87849265352675787     
 -0.43186546660968383       0.87844714665170076     
 -0.43080480643790409       0.87856098628927315     
 -0.42974414626612428       0.87875074717304180     
 -0.42868348609434442       0.87892639591330979     
 -0.42762282592256456       0.87904244861454461     
 -0.42656216575078482       0.87912677914252946     
 -0.42550150557900501       0.87926578628829777     
 -0.42444084540722515       0.87955016682270459     
 -0.42338018523544529       0.88000870924690133     
 -0.42231952506366549       0.88057184746296380     
 -0.42125886489188574       0.88109431833540808     
 -0.42019820472010588       0.88142639659679323     
 -0.41913754454832597       0.88148648174774258     
 -0.41807688437654622       0.88128938629791953     
 -0.41701622420476642       0.88093211514931813     
 -0.41595556403298656       0.88057442911517803     
 -0.41489490386120670       0.88042282371100022     
 -0.41383424368942689       0.88066709753170236     
 -0.41277358351764715       0.88133741406094412     
 -0.41171292334586729       0.88220062212154948     
 -0.41065226317408748       0.88290701788826464     
 -0.40959160300230774       0.88338926155121089     
 -0.40853094283052788       0.88407480991603937     
 -0.40747028265874796       0.88533235867207449     
 -0.40640962248696821       0.88635143243414127     
 -0.40534896231518841       0.88506784942804917     
 -0.40428830214340855       0.88093728619499267     
 -0.40322764197162869       0.87937761991813312     
 -0.40216698179984894       0.89097463170952917     
 -0.40110632162806914       0.91805237088868119     
 -0.40004566145628928       0.94403754607065271     
 -0.39898500128450942       0.95235918523024654     
 -0.39792434111272962       0.94750311699206535     
 -0.39686368094094987       0.94306821948542718     
 -0.39580302076916996       0.94386712649860383     
 -0.39474236059739010       0.94687209243067283     
 -0.39368170042561035       0.94940462786002433     
 -0.39262104025383054       0.95151721721354943     
 -0.39156038008205069       0.95364021333412841     
 -0.39049971991027083       0.95529376100792307     
 -0.38943905973849102       0.95598516472738981     
 -0.38837839956671127       0.95593456941675981     
 -0.38731773939493142       0.95567114630172734     
 -0.38625707922315156       0.95537184628832561     
 -0.38519641905137175       0.95461070275405846     
 -0.38413575887959200       0.95283590685488262     
 -0.38307509870781209       0.95062073763246913     
 -0.38201443853603223       0.95004638945435926     
 -0.38095377836425248       0.95352814181922474     
 -0.37989311819247268       0.96157512143208579     
 -0.37883245802069282       0.96897653529681405     
 -0.37777179784891296       0.97718610552949325     
 -0.37671113767713316       0.99677585655635970     
 -0.37565047750535341        1.0086322664770886     
 -0.37458981733357355        1.0075050293992946     
 -0.37352915716179369        1.0115726721206464     
 -0.37246849699001389        1.0192386885332638     
 -0.37140783681823408        1.0232071142621055     
 -0.37034717664645422        1.0224217267734863     
 -0.36928651647467436        1.0186848317719011     
 -0.36822585630289467        1.0146716526967272     
 -0.36716519613111481        1.0119756114883161     
 -0.36610453595933495        1.0108487474093881     
 -0.36504387578755515        1.0110378813202539     
 -0.36398321561577540        1.0120578016427946     
 -0.36292255544399554        1.0132910168322273     
 -0.36186189527221568        1.0142621003219874     
 -0.36080123510043588        1.0148669612419172     
 -0.35974057492865608        1.0152933053528264     
 -0.35867991475687622        1.0157353822595669     
 -0.35761925458509636        1.0162541775381617     
 -0.35655859441331661        1.0169411134454525     
 -0.35549793424153681        1.0181321261452663     
 -0.35443727406975695        1.0202955484564522     
 -0.35337661389797714        1.0234886135879826     
 -0.35231595372619728        1.0268305406972242     
 -0.35125529355441754        1.0288355857981464     
 -0.35019463338263768        1.0285981177509849     
 -0.34913397321085787        1.0264731301240491     
 -0.34807331303907801        1.0235571421959337     
 -0.34701265286729821        1.0209531882427381     
 -0.34595199269551835        1.0196414511758740     
 -0.34489133252373860        1.0204295095270173     
 -0.34383067235195880        1.0232993931958381     
 -0.34277001218017894        1.0269641224172592     
 -0.34170935200839914        1.0299017398474859     
 -0.34064869183661928        1.0317020540396862     
 -0.33958803166483953        1.0328489930891536     
 -0.33852737149305967        1.0338077534825689     
 -0.33746671132127987        1.0347285354759110     
 -0.33640605114950001        1.0356353892977972     
 -0.33534539097772020        1.0365320827749116     
 -0.33428473080594034        1.0373764019374416     
 -0.33322407063416060        1.0380411043697753     
 -0.33216341046238074        1.0383281429422295     
 -0.33110275029060093        1.0380701304256532     
 -0.33004209011882107        1.0372629818351911     
 -0.32898142994704127        1.0360843193799298     
 -0.32792076977526141        1.0347535325269781     
 -0.32686010960348166        1.0333809993667005     
 -0.32579944943170180        1.0319718365552037     
 -0.32473878925992200        1.0305611345504833     
 -0.32367812908814214        1.0293028180179533     
 -0.32261746891636234        1.0284161022129443     
 -0.32155680874458248        1.0280767509360325     
 -0.32049614857280273        1.0283534368137497     
 -0.31943548840102287        1.0291970046982528     
 -0.31837482822924307        1.0304539516263691     
 -0.31731416805746321        1.0318895599825648     
 -0.31625350788568340        1.0332201674039347     
 -0.31519284771390355        1.0341543938758084     
 -0.31413218754212380        1.0344892551513212     
 -0.31307152737034394        1.0342593516631053     
 -0.31201086719856413        1.0337386564588988     
 -0.31095020702678428        1.0332493187418312     
 -0.30988954685500447        1.0331674672887647     
 -0.30882888668322461        1.0340208678636429     
 -0.30776822651144486        1.0359535441590537     
 -0.30670756633966501        1.0384674873173481     
 -0.30564690616788520        1.0417148079408904     
 -0.30458624599610534        1.0452054115841425     
 -0.30352558582432554        1.0438781147213039     
 -0.30246492565254568        1.0381625814989213     
 -0.30140426548076593        1.0463282912352057     
 -0.30034360530898607        1.0671246558393652     
 -0.29928294513720627        1.0409803241090421     
 -0.29822228496542647       0.95707494220073364     
 -0.29716162479364661       0.90455847064865857     
 -0.29610096462186686       0.90727839698102830     
 -0.29504030445008700       0.91941181247269910     
 -0.29397964427830720       0.92047965925407838     
 -0.29291898410652734       0.91747074520371286     
 -0.29185832393474753       0.91746940772559082     
 -0.29079766376296767       0.92026709829957132     
 -0.28973700359118792       0.92360477859978163     
 -0.28867634341940807       0.92608921110480380     
 -0.28761568324762826       0.92696325084768971     
 -0.28655502307584840       0.92533668551427928     
 -0.28549436290406860       0.92077476953343640     
 -0.28443370273228874       0.91455347149731037     
 -0.28337304256050899       0.90867898728241903     
