   1.7677669529663688E-003   13.986913754798938     
   5.3033008588991067E-003   13.966274061837407     
   8.8388347648318440E-003   13.942116877504581     
   1.2374368670764583E-002   13.919090566832001     
   1.5909902576697318E-002   13.896058410412916     
   1.9445436482630057E-002   13.872951081405123     
   2.2980970388562796E-002   13.849849519403325     
   2.6516504294495528E-002   13.826750004933835     
   3.0052038200428267E-002   13.803650013079542     
   3.3587572106361013E-002   13.780549998180831     
   3.7123106012293738E-002   13.757449999612028     
   4.0658639918226477E-002   13.734349999878315     
   4.4194173824159216E-002   13.711249999816001     
   4.7729707730091955E-002   13.688149999815760     
   5.1265241636024694E-002   13.665049999816706     
   5.4800775541957433E-002   13.641949999815891     
   5.8336309447890172E-002   13.618849999815389     
   6.1871843353822904E-002   13.595749999815071     
   6.5407377259755650E-002   13.572649999814661     
   6.8942911165688375E-002   13.549549999814182     
   7.2478445071621128E-002   13.526449999813703     
   7.6013978977553853E-002   13.503349999813198     
   7.9549512883486606E-002   13.480249999812878     
   8.3085046789419331E-002   13.457149999812218     
   8.6620580695352056E-002   13.434049999811865     
   9.0156114601284809E-002   13.410949999811404     
   9.3691648507217562E-002   13.387849999810843     
   9.7227182413150287E-002   13.364749999810281     
  0.10076271631908301        13.341649999809853     
  0.10429825022501577        13.318549999809456     
  0.10783378413094849        13.295449999808842     
  0.11136931803688124        13.272349999808386     
  0.11490485194281397        13.249249999807905     
  0.11844038584874672        13.226149999807406     
  0.12197591975467945        13.203049999806817     
  0.12551145366061217        13.179949999806395     
  0.12904698756654492        13.156849999805894     
  0.13258252147247768        13.133749999805303     
  0.13611805537841040        13.110649999804902     
  0.13965358928434313        13.087549999804448     
  0.14318912319027588        13.064449999804008     
  0.14672465709620860        13.041349999803382     
  0.15026019100214133        13.018249999802945     
  0.15379572490807408        12.995149999802360     
  0.15733125881400684        12.972049999801966     
  0.16086679271993959        12.948949999801393     
  0.16440232662587229        12.925849999800711     
  0.16793786053180504        12.902749999800260     
  0.17147339443773779        12.879649999799732     
  0.17500892834367049        12.856549999799123     
  0.17854446224960324        12.833449999798596     
  0.18207999615553599        12.810349999798117     
  0.18561553006146875        12.787249999797547     
  0.18915106396740147        12.764149999797102     
  0.19268659787333420        12.741049999796450     
  0.19622213177926695        12.717949999795934     
  0.19975766568519970        12.694849999795421     
  0.20329319959113240        12.671749999794907     
  0.20682873349706515        12.648649999794198     
  0.21036426740299788        12.625549999793884     
  0.21389980130893060        12.602449999793325     
  0.21743533521486336        12.579349999792719     
  0.22097086912079611        12.556249999792154     
  0.22450640302672886        12.533149999791625     
  0.22804193693266156        12.510049999791024     
  0.23157747083859431        12.486949999790648     
  0.23511300474452707        12.463849999789907     
  0.23864853865045982        12.440749999789386     
  0.24218407255639254        12.417649999788750     
  0.24571960646232527        12.394549999788316     
  0.24925514036825797        12.371449999787627     
  0.25279067427419072        12.348349999787157     
  0.25632620818012347        12.325249999786543     
  0.25986174208605617        12.302149999785819     
  0.26339727599198892        12.279049999785187     
  0.26693280989792167        12.255949999784637     
  0.27046834380385443        12.232849999784023     
  0.27400387770978718        12.209749999783359     
  0.27753941161571993        12.186649999782725     
  0.28107494552165269        12.163549999782045     
  0.28461047942758544        12.140449999781437     
  0.28814601333351814        12.117349999780894     
  0.29168154723945083        12.094249999780299     
  0.29521708114538359        12.071149999779639     
  0.29875261505131634        12.048049999779128     
  0.30228814895724909        12.024949999778588     
  0.30582368286318184        12.001849999777962     
  0.30935921676911449        11.978749999786475     
  0.31289475067504724        11.955649999621997     
  0.31643028458097999        11.932550020329007     
  0.31996581848691275        11.909449738608966     
  0.32350135239284550        11.886383563379930     
  0.32703688629877825        11.863256719751265     
  0.33057242020471100        11.871328586085003     
  0.33410795411064376        13.353781245575913     
  0.33764348801657640        21.015320174809602     
  0.34117902192250915        42.111769614503181     
  0.34471455582844190        67.082453301436345     
  0.34825008973437466        53.356104564504633     
  0.35178562364030741        50.958331777396211     
  0.35532115754624016        52.158246921789626     
  0.35885669145217292        46.381326808412751     
  0.36239222535810567        45.931564928058911     
  0.36592775926403842        44.259978976633967     
  0.36946329316997117        40.465638618657849     
  0.37299882707590387        37.671531239808033     
  0.37653436098183657        34.385814614619093     
  0.38006989488776932        31.326128911718946     
  0.38360542879370207        29.023683461740148     
  0.38714096269963483        27.101342360843713     
  0.39067649660556758        25.970957816438599     
  0.39421203051150033        24.861805412639761     
  0.39774756441743309        39.267457826441671     
  0.40128309832336584        67.887865949847566     
  0.40481863222929854        52.303259108159281     
  0.40835416613523123        49.060001248601814     
  0.41188970004116399        40.663178978211839     
  0.41542523394709668        36.696635582245527     
  0.41896076785302938        33.258277670891260     
  0.42249630175896213        31.020044527125016     
  0.42603183566489489        28.740819295256500     
  0.42956736957082764        26.198832616373767     
  0.43310290347676039        23.896762409208570     
  0.43663843738269315        23.381094317781177     
  0.44017397128862590        25.061792445581901     
  0.44370950519455865        27.900916412076022     
  0.44724503910049135        30.640717934158076     
  0.45078057300642405        33.027961064752404     
  0.45431610691235680        33.891746437604638     
  0.45785164081828955        32.281439765869877     
  0.46138717472422230        87.390778264390462     
  0.46492270863015506        134.20602548879049     
  0.46845824253608781        82.066425459650560     
  0.47199377644202056        50.707846123466332     
  0.47552931034795332        34.634276382931006     
  0.47906484425388601        26.225131650872811     
  0.48260037815981877        25.649475677417065     
  0.48613591206575146        20.323588652645430     
  0.48967144597168422        15.358871051278985     
  0.49320697987761697        8.1356682984695183     
  0.49674251378354961        1.9220234512399732     
  0.50027804768948236        1.8949499397222154     
  0.50381358159541512        1.8648077191584556     
  0.50734911550134787        1.6350343899527808     
  0.51088464940728051        1.6166787755088041     
  0.51442018331321337        1.9136299489952839     
  0.51795571721914602        2.7372398555046678     
  0.52149125112507888        2.3952689478716760     
  0.52502678503101152        1.9560001209076368     
  0.52856231893694439        1.8925837495502660     
  0.53209785284287703        1.7954309985341350     
  0.53563338674880978        2.0070881539567953     
  0.53916892065474253        2.2547936642191178     
  0.54270445456067518        2.2643619861754889     
  0.54623998846660804        2.1533142779228149     
  0.54977552237254068        2.0423028646283603     
  0.55331105627847355        1.9202999217067336     
  0.55684659018440619        1.7745916983053212     
  0.56038212409033905        1.6302982698488797     
  0.56391765799627169        1.5534174833847791     
  0.56745319190220445        1.5725648731003903     
  0.57098872580813720        1.6802808053088665     
  0.57452425971406984        1.8394747793425656     
  0.57805979362000270        1.9916083786673688     
  0.58159532752593535        2.0957528055294867     
  0.58513086143186821        2.1529546378147524     
  0.58866639533780085        2.1904076692647578     
  0.59220192924373349        2.2149684231129840     
  0.59573746314966636        2.1912324111943580     
  0.59927299705559900        2.1091815378004064     
  0.60280853096153186        2.0378240727715808     
  0.60634406486746451        2.0495327691558840     
  0.60987959877339726        2.0259210146543349     
  0.61341513267933001        1.8960764421533007     
  0.61695066658526265       0.87481799115758097     
  0.62048620049119552       0.45580786597754330     
  0.62402173439712816       0.44940608998259374     
  0.62755726830306102       0.45513411199340864     
  0.63109280220899366       0.46636295174123588     
  0.63462833611492653       0.47366875103445022     
  0.63816387002085917       0.47683614604407593     
  0.64169940392679203       0.50871231733645117     
  0.64523493783272468       0.58197392293894035     
  0.64877047173865732       0.65437510967326373     
  0.65230600564459018       0.68442516955899035     
  0.65584153955052282       0.68098015103665799     
  0.65937707345645569       0.67095588340190138     
  0.66291260736238833       0.66646209437097492     
  0.66644814126832119       0.66145103315758791     
  0.66998367517425383       0.64702551173366718     
  0.67351920908018670       0.62124319728963717     
  0.67705474298611934       0.58814908966541868     
  0.68059027689205198       0.55496473894615250     
  0.68412581079798485       0.52917992426726634     
  0.68766134470391749       0.51528588258084418     
  0.69119687860985013       0.51200609486935722     
  0.69473241251578299       0.51220429618003382     
  0.69826794642171564       0.50767088240236968     
  0.70180348032764850       0.49522479365915933     
  0.70533901423358114       0.47820022922902927     
  0.70887454813951400       0.46247076824240052     
  0.71241008204544665       0.45418130343733870     
  0.71594561595137951       0.46032302378592105     
  0.71948114985731215       0.48207870769387540     
  0.72301668376324479       0.50613824347883796     
  0.72655221766917766       0.51374078219024710     
  0.73008775157511030       0.49906853065622081     
  0.73362328548104316       0.46899461916148633     
  0.73715881938697581       0.43436648631552066     
  0.74069435329290867       0.41001772739136289     
  0.74422988719884131       0.38857282263103332     
  0.74776542110477418       0.34929417733688323     
  0.75130095501070682       0.30177263979410046     
  0.75483648891663946       0.26397691583347815     
  0.75837202282257232       0.25445867581084969     
  0.76190755672850496       0.26909681016106496     
  0.76544309063443761       0.29143788711151697     
  0.76897862454037047       0.31893674389280274     
  0.77251415844630311       0.35238019358596406     
  0.77604969235223598       0.38546179300167016     
  0.77958522625816862       0.40620156358407417     
  0.78312076016410148       0.41834134493651243     
  0.78665629407003412       0.42195358299824814     
  0.79019182797596699       0.39072928458224288     
  0.79372736188189963       0.35031796831489503     
  0.79726289578783249       0.31951067364924673     
  0.80079842969376513       0.27910275680196306     
  0.80433396359969800       0.22909033626935379     
  0.80786949750563064       0.19332421589428611     
  0.81140503141156350       0.19516992215883627     
  0.81494056531749615       0.19351220913019090     
  0.81847609922342879       0.17260319644400679     
  0.82201163312936165       0.17502364679041990     
  0.82554716703529429       0.17310457094604653     
  0.82908270094122694       0.15029274349671742     
  0.83261823484715969       0.14011155157644936     
  0.83615376875309244       0.11213009864698528     
  0.83968930265902508        9.2656152416434656E-002
  0.84322483656495795       0.11443940614822018     
  0.84676037047089059        8.4406035721879935E-002
  0.85029590437682345        6.6151145914872436E-002
  0.85383143828275609        6.6280821465869444E-002
  0.85736697218868896        6.7474172055845688E-002
  0.86090250609462160        6.6070514205151309E-002
  0.86443804000055446        6.7156673046249921E-002
  0.86797357390648711        7.0609805134756953E-002
  0.87150910781241997        8.1338042241439090E-002
  0.87504464171835261       0.10433880729893059     
  0.87858017562428548        9.1257165826180056E-002
  0.88211570953021812        6.3011125132002910E-002
  0.88565124343615098        6.3872330048227843E-002
  0.88918677734208362        8.3573613524790188E-002
  0.89272231124801638       0.10719973998944671     
  0.89625784515394902       0.14358108938707659     
  0.89979337905988177       0.21086184006098704     
  0.90332891296581452       0.31198962881625270     
  0.90686444687174717       0.40366622819161357     
  0.91039998077767992       0.38934932041683901     
  0.91393551468361256       0.40015661386763279     
  0.91747104858954542       0.54713358947163782     
  0.92100658249547807       0.58736671738431234     
  0.92454211640141093       0.69523634469536166     
  0.92807765030734357       0.75367857615042455     
  0.93161318421327644       0.76525610415881773     
  0.93514871811920908       0.72513018107602822     
  0.93868425202514194       0.64039567958581478     
  0.94221978593107458       0.60340691448604367     
  0.94575531983700745       0.66749608569691155     
  0.94929085374294009       0.77995527343498350     
  0.95282638764887295       0.89379612876228842     
  0.95636192155480559       0.97198061068648522     
  0.95989745546073835        1.0490013855864129     
  0.96343298936667110        1.0845423371928389     
  0.96696852327260385       0.95376487900278584     
  0.97050405717853649       0.68780185126963977     
  0.97403959108446925       0.63937026564688704     
  0.97757512499040200       0.78026662913538503     
  0.98111065889633475       0.96006799570834001     
  0.98464619280226739        1.0161740080639277     
  0.98818172670820026        1.1160942331315238     
  0.99171726061413290        1.2591182001645280     
  0.99525279452006554        1.2578650807073453     
  0.99878832842599841        1.0098242266939383     
   1.0023238623319313       0.85889640746833840     
   1.0058593962378639       0.83910704048863916     
   1.0093949301437966       0.86762641982589828     
   1.0129304640497294       0.94891169905804529     
   1.0164659979556621        1.0093164288219474     
   1.0200015318615949        1.0365894019897739     
   1.0235370657675276        1.0510411975927214     
   1.0270725996734602        1.0609054936666082     
   1.0306081335793928        1.0153952426161368     
   1.0341436674853259       0.95087029618868801     
   1.0376792013912586       0.97353187701735822     
   1.0412147352971912       0.98491257426430578     
   1.0447502692031239       0.97940802274646666     
   1.0482858031090569       0.97862409839773556     
   1.0518213370149896       0.98022930825103460     
   1.0553568709209222       0.96213495546013039     
   1.0588924048268549       0.91909762520808380     
   1.0624279387327880       0.86885192910670550     
   1.0659634726387206       0.82603514626642216     
   1.0694990065446532       0.81609026522185191     
   1.0730345404505859       0.83464008649667565     
   1.0765700743565187       0.86783041715815423     
   1.0801056082624514       0.88412783301721609     
   1.0836411421683843       0.88761149962617747     
   1.0871766760743169       0.90884515805591015     
   1.0907122099802495       0.89926064397068883     
   1.0942477438861822       0.91694867078131903     
   1.0977832777921148       0.87141585796497378     
   1.1013188116980479       0.91333738919863505     
   1.1048543456039805        1.4260943150565155     
   1.1083898795099132        1.9276053320174453     
   1.1119254134158458        1.9608383935526856     
   1.1154609473217789        1.7870679683177941     
   1.1189964812277116        1.6599221554362109     
   1.1225320151336442        1.5743810763560619     
   1.1260675490395768        1.4959708303733810     
   1.1296030829455099        1.3038176010752536     
   1.1331386168514426       0.98813810855593220     
   1.1366741507573752       0.94321444229093987     
   1.1402096846633079        1.0542957197746428     
   1.1437452185692407        1.0184849090497270     
   1.1472807524751736       0.92777267103864558     
   1.1508162863811062       0.84424645260000930     
   1.1543518202870389       0.65915870386183839     
   1.1578873541929715       0.43050613593670362     
   1.1614228880989041       0.29549098118219858     
   1.1649584220048372       0.24206302919325062     
   1.1684939559107699       0.22742173714361430     
   1.1720294898167025       0.21668920887276144     
   1.1755650237226352       0.22252978530522941     
   1.1791005576285678       0.31641250595127374     
   1.1826360915345009       0.42183051284101414     
   1.1861716254404335       0.44049170031317431     
   1.1897071593463662       0.46005771877123924     
   1.1932426932522988       0.49463100148561051     
   1.1967782271582319       0.52120386557156018     
   1.2003137610641645       0.55771221735530518     
   1.2038492949700972       0.62331521204728535     
   1.2073848288760298       0.56065505223572198     
   1.2109203627819629       0.39281129003015647     
   1.2144558966878956       0.34981390294580839     
   1.2179914305938282       0.35225971272790230     
   1.2215269644997608       0.34224155420035585     
   1.2250624984056935       0.32945011443262995     
   1.2285980323116263       0.31935981012486042     
   1.2321335662175592       0.31412382425130536     
   1.2356691001234918       0.31871476141495553     
   1.2392046340294245       0.34157532324667161     
   1.2427401679353571       0.37386745803263910     
   1.2462757018412902       0.38194934067983333     
   1.2498112357472229       0.34085418901137859     
   1.2533467696531555       0.28144446597141759     
   1.2568823035590881       0.23916322687954442     
   1.2604178374650212       0.21358747345784801     
   1.2639533713709539       0.20385127385932916     
   1.2674889052768865       0.20908018106633036     
   1.2710244391828192       0.22592327858912040     
   1.2745599730887518       0.24135085460838901     
   1.2780955069946849       0.23808426445133021     
   1.2816310409006175       0.21196677275794448     
   1.2851665748065502       0.18506103101620874     
   1.2887021087124828       0.20073955622944190     
   1.2922376426184157       0.26301142113570342     
   1.2957731765243485       0.32600055944498246     
   1.2993087104302812       0.36902363711305886     
   1.3028442443362138       0.38676012228640749     
   1.3063797782421465       0.36203700031347269     
   1.3099153121480791       0.32865161290294120     
   1.3134508460540122       0.30422720172545137     
   1.3169863799599448       0.28695674969221752     
   1.3205219138658775       0.28204534083214583     
   1.3240574477718101       0.29362929591358145     
   1.3275929816777432       0.31680327272327241     
   1.3311285155836758       0.33826118354268209     
   1.3346640494896085       0.34980332648196727     
   1.3381995833955411       0.35825273309511507     
   1.3417351173014742       0.37628213690162460     
   1.3452706512074069       0.40949003630752556     
   1.3488061851133395       0.45115713525102996     
   1.3523417190192721       0.49062268893504735     
   1.3558772529252048       0.52825522924192125     
   1.3594127868311379       0.56568844858549938     
   1.3629483207370705       0.60631026291343459     
   1.3664838546430031       0.66435871361102716     
   1.3700193885489358       0.71509716130533474     
   1.3735549224548684       0.72947920432850433     
   1.3770904563608013       0.72496691859326989     
   1.3806259902667342       0.69362811851078121     
   1.3841615241726668       0.63975096698532474     
   1.3876970580785994       0.59077905842090694     
   1.3912325919845321       0.56251020579362632     
   1.3947681258904652       0.55507655175661175     
   1.3983036597963978       0.52603307080837891     
   1.4018391937023305       0.46759648018870476     
   1.4053747276082631       0.40673382456561002     
   1.4089102615141962       0.36420388943392612     
   1.4124457954201288       0.33660792766906433     
   1.4159813293260615       0.31752883768786727     
   1.4195168632319946       0.30265310315005722     
   1.4230523971379272       0.28992160774580905     
   1.4265879310438598       0.27961690071836209     
   1.4301234649497925       0.27287543131911934     
   1.4336589988557251       0.26873921651703830     
   1.4371945327616578       0.26500257191255688     
   1.4407300666675908       0.26037663576515885     
   1.4442656005735235       0.25518599792007007     
   1.4478011344794561       0.25050446495077661     
   1.4513366683853888       0.24772721673759038     
   1.4548722022913214       0.24775800022717731     
   1.4584077361972541       0.24976842446666955     
   1.4619432701031867       0.25069612311946210     
   1.4654788040091198       0.24970304751217162     
   1.4690143379150524       0.25979064214965752     
   1.4725498718209851       0.29090602773906182     
   1.4760854057269177       0.32403479780449018     
   1.4796209396328508       0.33856930261658369     
   1.4831564735387834       0.33261573233011521     
   1.4866920074447161       0.31886176891948825     
   1.4902275413506487       0.31414954801677464     
   1.4937630752565818       0.32378835256563404     
   1.4972986091625144       0.34075630888696451     
   1.5008341430684471       0.35423200134198601     
   1.5043696769743797       0.35270531197768040     
   1.5079052108803128       0.33019952900008248     
   1.5114407447862455       0.29784479377997003     
   1.5149762786921781       0.26138013596319981     
   1.5185118125981107       0.22875291722093935     
   1.5220473465040438       0.20210260362299826     
   1.5255828804099765       0.18401120200225368     
   1.5291184143159091       0.17545684867536254     
   1.5326539482218418       0.17166794465227975     
   1.5361894821277748       0.16972911616545397     
   1.5397250160337075       0.16822264964507200     
   1.5432605499396401       0.16770010271429470     
   1.5467960838455728       0.16863264331231165     
   1.5503316177515054       0.17392825333405809     
   1.5538671516574385       0.19098418963078495     
   1.5574026855633711       0.20967249492527201     
   1.5609382194693038       0.21713491970163301     
   1.5644737533752364       0.22043841072870662     
   1.5680092872811693       0.21841360853929143     
   1.5715448211871021       0.21893932638063185     
   1.5750803550930348       0.21844171719736433     
   1.5786158889989674       0.22100346797526499     
   1.5821514229049001       0.22770874507063651     
   1.5856869568108327       0.30485247100059754     
   1.5892224907167656       0.61484540009033961     
   1.5927580246226984       0.59243161089290508     
   1.5962935585286311       0.58771713655159741     
   1.5998290924345637       0.58855996653276255     
   1.6033646263404964       0.60942046874119760     
   1.6069001602464290       0.62972748351121055     
   1.6104356941523621       0.65271218362571659     
   1.6139712280582947       0.69239762543010730     
   1.6175067619642274       0.72890048319451595     
   1.6210422958701600       0.73897327334480933     
   1.6245778297760931       0.75522630069908725     
   1.6281133636820257       0.79146718532584859     
   1.6316488975879584       0.83934373261894835     
   1.6351844314938910       0.86572232439350216     
   1.6387199653998237       0.84599166603977971     
   1.6422554993057568       0.81604453340237204     
   1.6457910332116894       0.86805446135053155     
   1.6493265671176220        1.0283315599576066     
   1.6528621010235547        1.1702286722275588     
   1.6563976349294878        1.0069651980470342     
   1.6599331688354204       0.70874802281505123     
   1.6634687027413531       0.67732134167272873     
   1.6670042366472857       0.77625634052958681     
   1.6705397705532188       0.84454873705495748     
   1.6740753044591514       0.87095644686734730     
   1.6776108383650841       0.93631958649849467     
   1.6811463722710167        1.0549694305120307     
   1.6846819061769498       0.99285240507829964     
   1.6882174400828824       0.84846357471632816     
   1.6917529739888151       0.74776667104298311     
   1.6952885078947477        1.0578724530803039     
   1.6988240418006808        2.1547518391449807     
   1.7023595757066134        3.8039223138523477     
   1.7058951096125461        5.3032171790517939     
   1.7094306435184787        5.7853930629245047     
   1.7129661774244116        5.5212922281628627     
   1.7165017113303442        5.6294411583511312     
   1.7200372452362771        6.7089753557050695     
   1.7235727791422097        7.7294168402229335     
   1.7271083130481424        7.6898603647345789     
   1.7306438469540750        7.0580614554552801     
   1.7341793808600079        6.8177447476173327     
   1.7377149147659405        6.8172901669199568     
   1.7412504486718732        6.7059762065148778     
   1.7447859825778060        6.4923298521254864     
   1.7483215164837387        6.2349531776950844     
   1.7518570503896713        5.9424386882496592     
   1.7553925842956042        5.8577200058316166     
   1.7589281182015370        5.9470004656114668     
   1.7624636521074697        6.0748358154187247     
   1.7659991860134023        6.4179279772211171     
   1.7695347199193350        6.6778194919548088     
   1.7730702538252681        6.7837803476681646     
   1.7766057877312007        6.9773952279331226     
   1.7801413216371333        7.3909415768290643     
   1.7836768555430660        8.2932338239650143     
   1.7872123894489991        8.6990151713277051     
   1.7907479233549317        9.8310034017271075     
   1.7942834572608644        16.278166199911265     
   1.7978189911667970        24.051277667882726     
   1.8013545250727301        33.751608861259768     
   1.8048900589786627        23.870288920875161     
   1.8084255928845954        10.472191430265255     
   1.8119611267905280        7.7576833836531121     
   1.8154966606964607        7.8405065251693040     
   1.8190321946023937        8.0501604190557039     
   1.8225677285083264        8.3451626886861394     
   1.8261032624142590        8.6437243363142180     
   1.8296387963201917        9.1468315108188278     
   1.8331743302261247        9.3332416872615305     
   1.8367098641320574        9.8041064666168669     
   1.8402453980379900        10.251344234103151     
   1.8437809319439227        10.044478772573314     
   1.8473164658498558        11.815796442807619     
   1.8508519997557884        8.4839595178005265     
   1.8543875336617210        3.7158772882380973     
   1.8579230675676537        2.1931847210933837     
   1.8614586014735865        1.8462567228824076     
   1.8649941353795192        1.8148350934812145     
   1.8685296692854518        1.7916660697530473     
   1.8720652031913847        1.7685497069964484     
   1.8756007370973173        1.7454500107568247     
   1.8791362710032500        1.7223499957413972     
   1.8826718049091828        1.6992499958993272     
   1.8862073388151155        1.6761499958057442     
   1.8897428727210484        1.6530499957176576     
   1.8932784066269810        1.6299499956262911     
   1.8968139405329136        1.6068499955316466     
   1.9003494744388463        1.5837499954335383     
   1.9038850083447791        1.5606499953317701     
   1.9074205422507120        1.5375499952261740     
   1.9109560761566446        1.5144499951165842     
   1.9144916100625773        1.4913499950028200     
   1.9180271439685099        1.4682499948844494     
   1.9215626778744430        1.4451499947612885     
   1.9250982117803757        1.4220499946331286     
   1.9286337456863083        1.3989499944996493     
   1.9321692795922409        1.3758499943605347     
   1.9357048134981740        1.3527499942154739     
   1.9392403474041067        1.3296499940641100     
   1.9427758813100393        1.3065499939059964     
   1.9463114152159720        1.2834499937407204     
   1.9498469491219050        1.2603499935678484     
   1.9533824830278377        1.2372499933868706     
   1.9569180169337703        1.2141499931972430     
   1.9604535508397030        1.1910499929983658     
   1.9639890847456360        1.1679499927895942     
   1.9675246186515687        1.1448499925702551     
   1.9710601525575013        1.1217499923395768     
   1.9745956864634340        1.0986499920966901     
   1.9781312203693671        1.0755499918406963     
   1.9816667542752997        1.0524499915705827     
   1.9852022881812323        1.0293499912852222     
   1.9887378220871650        1.0062499909833766     
   1.9922733559930976       0.98314999066370334     
   1.9958088898990305       0.96004999032468641     
   1.9993444238049634       0.93694998996463941     
   2.0028799577108956       0.91384998958169461     
   2.0064154916168286       0.89074998917375803     
   2.0099510255227617       0.86764998873848842     
   2.0134865594286939       0.84454998827324868     
   2.0170220933346270       0.82144998777505884     
   2.0205576272405592       0.79834998724056272     
   2.0240931611464923       0.77524998666594946     
   2.0276286950524254       0.75214998604688810     
   2.0311642289583576       0.72904998537843768     
   2.0346997628642907       0.70594998465479586     
   2.0382352967702237       0.68284998386939644     
   2.0417708306761559       0.65974998301468690     
   2.0453063645820890       0.63664998208164625     
   2.0488418984880212       0.61354998105917735     
   2.0523774323939543       0.59044997993885850     
   2.0559129662998874       0.56734997870993376     
   2.0594485002058196       0.54424997727842883     
   2.0629840341117527       0.52114997571967525     
   2.0665195680176853       0.49804997504970350     
   2.0700551019236180       0.47494997185487764     
   2.0735906358295511       0.45184995702946523     
   2.0771261697354833       0.42874999041159223     
   2.0806617036414163       0.40565009908262378     
   2.0841972375473490       0.38254954653902501     
   2.0877327714532816       0.35944890045299416     
   2.0912683053592143       0.33635499613619058     
   2.0948038392651469       0.31325686751811688     
   2.0983393731710800       0.29010506997033325     
   2.1018749070770126       0.26701006568876706     
   2.1054104409829453       0.24428173531754846     
   2.1089459748888779       0.22124417983473418     
   2.1124815087948106       0.19630168048246927     
   2.1160170427007436       0.17250878192686417     
   2.1195525766066758       0.15943098523318258     
