   1.7677669529663688E-003   13.999999999999998     
   5.3033008588991067E-003   13.999999999999998     
   8.8388347648318440E-003   13.999999999999998     
   1.2374368670764583E-002   13.999999999999998     
   1.5909902576697318E-002   13.999999999999998     
   1.9445436482630057E-002   13.999999999999998     
   2.2980970388562796E-002   13.999999999999998     
   2.6516504294495528E-002   13.999999999999998     
   3.0052038200428267E-002   13.999999999999998     
   3.3587572106361013E-002   13.999999999999998     
   3.7123106012293738E-002   13.999999999999998     
   4.0658639918226477E-002   13.999999999999998     
   4.4194173824159216E-002   13.999999999999998     
   4.7729707730091955E-002   13.999999999999998     
   5.1265241636024694E-002   13.999999999999998     
   5.4800775541957433E-002   13.999999999999998     
   5.8336309447890172E-002   13.999999999999998     
   6.1871843353822904E-002   13.999999999999998     
   6.5407377259755650E-002   13.999999999999998     
   6.8942911165688375E-002   13.999999999999998     
   7.2478445071621128E-002   13.999999999999998     
   7.6013978977553853E-002   13.999999999999998     
   7.9549512883486606E-002   13.999999999999998     
   8.3085046789419331E-002   13.999999999999998     
   8.6620580695352056E-002   13.999999999999998     
   9.0156114601284809E-002   13.999999999999998     
   9.3691648507217562E-002   13.999999999999998     
   9.7227182413150287E-002   13.999999999999998     
  0.10076271631908301        13.999999999999998     
  0.10429825022501577        13.999999999999998     
  0.10783378413094849        13.999999999999998     
  0.11136931803688124        13.999999999999998     
  0.11490485194281397        13.999999999999998     
  0.11844038584874672        13.999999999999998     
  0.12197591975467945        13.999999999999998     
  0.12551145366061217        13.999999999999998     
  0.12904698756654492        13.999999999999998     
  0.13258252147247768        13.999999999999998     
  0.13611805537841040        13.999999999999998     
  0.13965358928434313        13.999999999999998     
  0.14318912319027588        13.999999999999998     
  0.14672465709620860        13.999999999999998     
  0.15026019100214133        13.999999999999998     
  0.15379572490807408        13.999999999999998     
  0.15733125881400684        13.999999999999998     
  0.16086679271993959        13.999999999999998     
  0.16440232662587229        13.999999999999998     
  0.16793786053180504        13.999999999999998     
  0.17147339443773779        13.999999999999998     
  0.17500892834367049        13.999999999999998     
  0.17854446224960324        13.999999999999998     
  0.18207999615553599        13.999999999999998     
  0.18561553006146875        13.999999999999998     
  0.18915106396740147        13.999999999999998     
  0.19268659787333420        13.999999999999998     
  0.19622213177926695        13.999999999999998     
  0.19975766568519970        13.999999999999998     
  0.20329319959113240        13.999999999999998     
  0.20682873349706515        13.999999999999998     
  0.21036426740299788        13.999999999999998     
  0.21389980130893060        13.999999999999998     
  0.21743533521486336        13.999999999999998     
  0.22097086912079611        13.999999999999998     
  0.22450640302672886        13.999999999999998     
  0.22804193693266156        13.999999999999998     
  0.23157747083859431        13.999999999999998     
  0.23511300474452707        13.999999999999998     
  0.23864853865045982        13.999999999999998     
  0.24218407255639254        13.999999999999998     
  0.24571960646232527        13.999999999999998     
  0.24925514036825797        13.999999999999998     
  0.25279067427419072        13.999999999999998     
  0.25632620818012347        13.999999999999998     
  0.25986174208605617        13.999999999999998     
  0.26339727599198892        13.999999999999998     
  0.26693280989792167        13.999999999999998     
  0.27046834380385443        13.999999999999998     
  0.27400387770978718        13.999999999999998     
  0.27753941161571993        13.999999999999998     
  0.28107494552165269        13.999999999999998     
  0.28461047942758544        13.999999999999998     
  0.28814601333351814        13.999999999999998     
  0.29168154723945083        13.999999999999998     
  0.29521708114538359        13.999999999999998     
  0.29875261505131634        13.999999999999998     
  0.30228814895724909        13.999999999999998     
  0.30582368286318184        13.999999999999998     
  0.30935921676911449        13.999999999999998     
  0.31289475067504724        13.999999999999998     
  0.31643028458097999        13.999999999999998     
  0.31996581848691275        13.999999999999998     
  0.32350135239284550        13.999999999999998     
  0.32703688629877825        13.999999999999998     
  0.33057242020471100        13.999999999999998     
  0.33410795411064376        13.999999999999998     
  0.33764348801657640        13.999999999999998     
  0.34117902192250915        13.999999999999998     
  0.34471455582844190        13.999999999999998     
  0.34825008973437466        13.999999999999998     
  0.35178562364030741        14.000000000000020     
  0.35532115754624016        13.999999999999410     
  0.35885669145217292        14.000000000005400     
  0.36239222535810567        13.999999999925702     
  0.36592775926403842        14.000000000517282     
  0.36946329316997117        13.999999999574909     
  0.37299882707590387        14.000000044753497     
  0.37653436098183657        14.000000954017523     
  0.38006989488776932        13.999988638665904     
  0.38360542879370207        13.999987787283752     
  0.38714096269963483        13.998218077771838     
  0.39067649660556758        13.997029010949268     
  0.39421203051150033        14.041974357961834     
  0.39774756441743309        15.135996688827703     
  0.40128309832336584        20.973782018716918     
  0.40481863222929854        34.359764284110916     
  0.40835416613523123        67.933738210035216     
  0.41188970004116399        73.577657035636491     
  0.41542523394709668        62.608716510402303     
  0.41896076785302938        59.057135444568189     
  0.42249630175896213        57.218161455707232     
  0.42603183566489489        51.989150719530500     
  0.42956736957082764        51.050976710838498     
  0.43310290347676039        48.866502270418373     
  0.43663843738269315        44.428939740660105     
  0.44017397128862590        41.753781545165140     
  0.44370950519455865        39.175583600892182     
  0.44724503910049135        36.468166125896204     
  0.45078057300642405        34.861204768897700     
  0.45431610691235680        33.382730590442783     
  0.45785164081828955        31.547338595802557     
  0.46138717472422230        29.665369270954354     
  0.46492270863015506        28.220246535554029     
  0.46845824253608781        28.206077386168104     
  0.47199377644202056        28.620510964444993     
  0.47552931034795332        27.435517328289048     
  0.47906484425388601        25.356720404702120     
  0.48260037815981877        23.691772035709160     
  0.48613591206575146        22.361490980094707     
  0.48967144597168422        21.043381562624404     
  0.49320697987761697        20.370250129442105     
  0.49674251378354961        19.956578698565590     
  0.50027804768948236        18.159978971078857     
  0.50381358159541512        17.468045953513375     
  0.50734911550134787        16.572097075202905     
  0.51088464940728051        15.567420260104495     
  0.51442018331321337        14.962160896881260     
  0.51795571721914602        14.098969253350011     
  0.52149125112507888        13.621213485785940     
  0.52502678503101152        12.974832641250133     
  0.52856231893694439        12.448899120640871     
  0.53209785284287703        12.078840445248295     
  0.53563338674880978        11.713814099738693     
  0.53916892065474253        11.408379924348273     
  0.54270445456067518        11.110564294924623     
  0.54623998846660804        10.818586848316857     
  0.54977552237254068        10.564271595596914     
  0.55331105627847355        10.319832115491671     
  0.55684659018440619        10.105031068110655     
  0.56038212409033905        9.9554253825179124     
  0.56391765799627169        9.8736453503652211     
  0.56745319190220445        9.8715219718984883     
  0.57098872580813720        9.9577670367368611     
  0.57452425971406984        10.130633178797723     
  0.57805979362000270        10.377987390428927     
  0.58159532752593535        10.663487919894994     
  0.58513086143186821        10.933074424924044     
  0.58866639533780085        11.136784985758496     
  0.59220192924373349        11.226531629558194     
  0.59573746314966636        11.153406230888299     
  0.59927299705559900        10.882207873356506     
  0.60280853096153186        10.434719537787823     
  0.60634406486746451        10.004870862447769     
  0.60987959877339726        9.6584489274011496     
  0.61341513267933001        9.1158501600367181     
  0.61695066658526265        8.6648613977127447     
  0.62048620049119552        8.3990204079460202     
  0.62402173439712816        8.1977046736755508     
  0.62755726830306102        8.0047057829977515     
  0.63109280220899366        7.8130031227826162     
  0.63462833611492653        7.6388218229740366     
  0.63816387002085917        7.4888754199254022     
  0.64169940392679203        7.3671786622514208     
  0.64523493783272468        7.2686863957808185     
  0.64877047173865732        7.1729568056742679     
  0.65230600564459018        7.0587807134300213     
  0.65584153955052282        6.9231246755724456     
  0.65937707345645569        6.7795957977513055     
  0.66291260736238833        6.6459749727829829     
  0.66644814126832119        6.5302203371713645     
  0.66998367517425383        6.4249214656634352     
  0.67351920908018670        6.3336958793063447     
  0.67705474298611934        6.2829887284772958     
  0.68059027689205198        6.2732800908887736     
  0.68412581079798485        6.2925511892952102     
  0.68766134470391749        6.3678103064485008     
  0.69119687860985013        6.4492952783166322     
  0.69473241251578299        6.4482916207134853     
  0.69826794642171564        6.4162901298697967     
  0.70180348032764850        6.4137514037560059     
  0.70533901423358114        6.4171917034470347     
  0.70887454813951400        6.3880244546652349     
  0.71241008204544665        6.4398541885143921     
  0.71594561595137951        6.4754832919358032     
  0.71948114985731215        7.5110844033128261     
  0.72301668376324479        7.4148583862309509     
  0.72655221766917766        7.0965590592207759     
  0.73008775157511030        7.8928403402320448     
  0.73362328548104316        7.5178737382791008     
  0.73715881938697581        7.3653355504654598     
  0.74069435329290867        7.2301542717208136     
  0.74422988719884131        8.4978877875579926     
  0.74776542110477418        10.000887047995491     
  0.75130095501070682        9.4587228712243352     
  0.75483648891663946        9.2320766581096230     
  0.75837202282257232        9.1966161014468923     
  0.76190755672850496        8.9881886407454310     
  0.76544309063443761        8.8996997223084264     
  0.76897862454037047        8.8053743301718708     
  0.77251415844630311        8.6675510212821898     
  0.77604969235223598        8.6946508626466645     
  0.77958522625816862        8.9891160661438789     
  0.78312076016410148        9.1722844861374426     
  0.78665629407003412        8.9036218491590571     
  0.79019182797596699        8.4159483996779905     
  0.79372736188189963        8.0138263635361255     
  0.79726289578783249        7.7209327175152058     
  0.80079842969376513        7.5200619293254007     
  0.80433396359969800        7.5291244995606466     
  0.80786949750563064        7.6877406393591050     
  0.81140503141156350        7.6481294361097323     
  0.81494056531749615        7.7540103503176905     
  0.81847609922342879        8.2536079668447737     
  0.82201163312936165        8.4854818783313117     
  0.82554716703529429        8.1431471013423202     
  0.82908270094122694        7.8542669357456010     
  0.83261823484715969        7.7558372448334820     
  0.83615376875309244        7.6234911722823746     
  0.83968930265902508        7.4001313905679620     
  0.84322483656495795        7.1618545518552992     
  0.84676037047089059        7.0747458881127443     
  0.85029590437682345        7.2486243344479160     
  0.85383143828275609        7.6114919584600820     
  0.85736697218868896        7.8570013870124580     
  0.86090250609462160        7.7502432909174832     
  0.86443804000055446        7.6431992836594160     
  0.86797357390648711        7.8648109312244570     
  0.87150910781241997        7.8817726229966603     
  0.87504464171835261        7.7119830890623655     
  0.87858017562428548        7.7120437610095687     
  0.88211570953021812        7.6307183778673267     
  0.88565124343615098        7.3532082765150832     
  0.88918677734208362        7.0707997130646438     
  0.89272231124801638        6.8125407057692922     
  0.89625784515394902        6.5368223558978595     
  0.89979337905988177        6.3078483092369151     
  0.90332891296581452        6.3134777925653331     
  0.90686444687174717        6.5448905583410806     
  0.91039998077767992        6.4979915843402161     
  0.91393551468361256        6.1605499759165792     
  0.91747104858954542        6.4738269072189851     
  0.92100658249547807        7.5909144809608922     
  0.92454211640141093        7.9100324895175138     
  0.92807765030734357        7.5219751274830706     
  0.93161318421327644        7.6634806057007339     
  0.93514871811920908        7.8118111967887494     
  0.93868425202514194        7.6074992587432568     
  0.94221978593107458        7.4314855212912967     
  0.94575531983700745        7.9339240637125847     
  0.94929085374294009        8.8682441816003106     
  0.95282638764887295        8.6031357128936090     
  0.95636192155480559        7.6861690302334438     
  0.95989745546073835        7.2968579888874565     
  0.96343298936667110        6.8970039821372460     
  0.96696852327260385        6.2023212623204209     
  0.97050405717853649        6.0691980822576621     
  0.97403959108446925        6.5063361545547451     
  0.97757512499040200        5.7860555790394059     
  0.98111065889633475        5.1465223905479096     
  0.98464619280226739        4.4304985447518126     
  0.98818172670820026        3.6893881981377983     
  0.99171726061413290        3.1439432085892358     
  0.99525279452006554        2.2785353156302004     
  0.99878832842599841        2.2634660586984832     
   1.0023238623319313        2.1126914653150077     
   1.0058593962378639        1.5345351741375608     
   1.0093949301437966        1.0445847382783693     
   1.0129304640497294       0.74856432457851163     
   1.0164659979556621       0.83239878339039586     
   1.0200015318615949       0.91759431497361965     
   1.0235370657675276       0.82179202419181974     
   1.0270725996734602       0.54393172864359651     
   1.0306081335793928       0.24992211217104274     
   1.0341436674853259       0.50622565701343603     
   1.0376792013912586       0.70389060489900834     
   1.0412147352971912        1.7222048183563019     
   1.0447502692031239        3.1322066323516395     
   1.0482858031090569        3.9957820199938121     
   1.0518213370149896        4.5360472939976306     
   1.0553568709209222        7.6916146493672963     
   1.0588924048268549        8.3343420521031977     
   1.0624279387327880        7.5974995836305785     
   1.0659634726387206        4.7105676649082824     
   1.0694990065446532        6.3994863162869358     
   1.0730345404505859        5.5508558826319661     
   1.0765700743565187        2.0672988000966788     
   1.0801056082624514        2.0013040977813321     
   1.0836411421683843        1.6916346543641878     
   1.0871766760743169        1.3987254011752874     
   1.0907122099802495       0.91536095367963721     
   1.0942477438861822        1.0081106828350124     
   1.0977832777921148        1.7707751529614386     
   1.1013188116980479        1.8695067198907427     
   1.1048543456039805        2.5610976033901744     
   1.1083898795099132        4.0023750444224966     
   1.1119254134158458        5.9533006034322149     
   1.1154609473217789        4.7219246736245157     
   1.1189964812277116        5.5513646245713435     
   1.1225320151336442        8.1342327498874418     
   1.1260675490395768        7.3041980832110154     
   1.1296030829455099        7.3163316953726252     
   1.1331386168514426        9.5629592052170658     
   1.1366741507573752        12.355460566716104     
   1.1402096846633079        13.977052120190979     
   1.1437452185692407        15.423093060712091     
   1.1472807524751736        19.190078381430176     
   1.1508162863811062        24.048314940496475     
   1.1543518202870389        23.620351861912297     
   1.1578873541929715        16.677636322327999     
   1.1614228880989041        16.539711084293451     
   1.1649584220048372        19.045017644068277     
   1.1684939559107699        19.979279181670631     
   1.1720294898167025        16.456690744241421     
   1.1755650237226352        13.305373784069717     
   1.1791005576285678        12.636797124923369     
   1.1826360915345009        10.926606493777562     
   1.1861716254404335        8.7222032286983442     
   1.1897071593463662        8.1165242661380717     
   1.1932426932522988        8.5634026894610216     
   1.1967782271582319        8.8292755998277688     
   1.2003137610641645        8.2089646015871924     
   1.2038492949700972        7.6307396305516573     
   1.2073848288760298        7.7744297280938550     
   1.2109203627819629        8.2465856038328429     
   1.2144558966878956        8.7081671627516215     
   1.2179914305938282        8.9522732997352872     
   1.2215269644997608        9.0189204045916682     
   1.2250624984056935        9.1944045394726128     
   1.2285980323116263        9.5325860121891175     
   1.2321335662175592        9.8080835836989504     
   1.2356691001234918        9.8339738283621685     
   1.2392046340294245        9.6728574585536702     
   1.2427401679353571        9.5152363755369738     
   1.2462757018412902        9.5962608917733156     
   1.2498112357472229        9.7079772424894735     
   1.2533467696531555        9.7289098842140813     
   1.2568823035590881        9.7377123072159879     
   1.2604178374650212        9.7784103662590702     
   1.2639533713709539        9.8378230895149024     
   1.2674889052768865        9.9331403939964193     
   1.2710244391828192        9.9295506029020455     
   1.2745599730887518        9.9535179244526635     
   1.2780955069946849        10.048116136791652     
   1.2816310409006175        10.172019403104279     
   1.2851665748065502        10.689472751926489     
   1.2887021087124828        11.573451253604103     
   1.2922376426184157        12.742001788341533     
   1.2957731765243485        14.313912771059845     
   1.2993087104302812        16.021087084216944     
   1.3028442443362138        17.193352382149577     
   1.3063797782421465        17.960559168273612     
   1.3099153121480791        19.374702083905426     
   1.3134508460540122        21.012072704621694     
   1.3169863799599448        21.797357539224741     
   1.3205219138658775        29.299422701934468     
   1.3240574477718101        38.988949395302427     
   1.3275929816777432        39.188805081221936     
   1.3311285155836758        35.434591019493624     
   1.3346640494896085        38.602149614298760     
   1.3381995833955411        41.787181454878926     
   1.3417351173014742        43.107379547950941     
   1.3452706512074069        44.261021462141997     
   1.3488061851133395        43.667046730091982     
   1.3523417190192721        43.980761931277129     
   1.3558772529252048        45.641994377185497     
   1.3594127868311379        48.232738532750474     
   1.3629483207370705        52.445526946761319     
   1.3664838546430031        54.836120593595766     
   1.3700193885489358        63.069806968453101     
   1.3735549224548684        67.881328124408256     
   1.3770904563608013        80.889322066608202     
   1.3806259902667342        47.697434102527254     
   1.3841615241726668        24.481380941858099     
   1.3876970580785994        15.276478363909600     
   1.3912325919845321        14.017038064493530     
   1.3947681258904652        13.997855585531727     
   1.3983036597963978        13.999738357259407     
   1.4018391937023305        13.999994275128794     
   1.4053747276082631        14.000000606485305     
   1.4089102615141962        13.999999989736178     
   1.4124457954201288        14.000000001014904     
   1.4159813293260615        13.999999999949630     
   1.4195168632319946        14.000000000001151     
   1.4230523971379272        13.999999999999908     
   1.4265879310438598        13.999999999999998     
   1.4301234649497925        13.999999999999998     
   1.4336589988557251        13.999999999999998     
   1.4371945327616578        13.999999999999998     
   1.4407300666675908        13.999999999999998     
   1.4442656005735235        13.999999999999998     
   1.4478011344794561        13.999999999999998     
   1.4513366683853888        13.999999999999998     
   1.4548722022913214        13.999999999999998     
   1.4584077361972541        13.999999999999998     
   1.4619432701031867        13.999999999999998     
   1.4654788040091198        13.999999999999998     
   1.4690143379150524        13.999999999999998     
   1.4725498718209851        13.999999999999998     
   1.4760854057269177        13.999999999999998     
   1.4796209396328508        13.999999999999998     
   1.4831564735387834        13.999999999999998     
   1.4866920074447161        13.999999999999998     
   1.4902275413506487        13.999999999999998     
   1.4937630752565818        13.999999999999998     
   1.4972986091625144        13.999999999999998     
   1.5008341430684471        13.999999999999998     
   1.5043696769743797        13.999999999999998     
   1.5079052108803128        13.999999999999998     
   1.5114407447862455        13.999999999999998     
   1.5149762786921781        13.999999999999998     
   1.5185118125981107        13.999999999999998     
   1.5220473465040438        13.999999999999998     
   1.5255828804099765        13.999999999999998     
   1.5291184143159091        13.999999999999998     
   1.5326539482218418        13.999999999999998     
   1.5361894821277748        13.999999999999998     
   1.5397250160337075        13.999999999999998     
   1.5432605499396401        13.999999999999998     
   1.5467960838455728        13.999999999999998     
   1.5503316177515054        13.999999999999998     
   1.5538671516574385        13.999999999999998     
   1.5574026855633711        13.999999999999998     
   1.5609382194693038        13.999999999999998     
   1.5644737533752364        13.999999999999998     
   1.5680092872811693        13.999999999999998     
   1.5715448211871021        13.999999999999998     
   1.5750803550930348        13.999999999999998     
   1.5786158889989674        13.999999999999998     
   1.5821514229049001        13.999999999999998     
   1.5856869568108327        13.999999999999998     
   1.5892224907167656        13.999999999999998     
   1.5927580246226984        13.999999999999998     
   1.5962935585286311        13.999999999999998     
   1.5998290924345637        13.999999999999998     
   1.6033646263404964        13.999999999999998     
   1.6069001602464290        13.999999999999998     
   1.6104356941523621        13.999999999999998     
   1.6139712280582947        13.999999999999998     
   1.6175067619642274        13.999999999999998     
   1.6210422958701600        13.999999999999998     
   1.6245778297760931        13.999999999999998     
   1.6281133636820257        13.999999999999998     
   1.6316488975879584        13.999999999999998     
   1.6351844314938910        13.999999999999998     
   1.6387199653998237        13.999999999999998     
   1.6422554993057568        13.999999999999998     
   1.6457910332116894        13.999999999999998     
   1.6493265671176220        13.999999999999998     
   1.6528621010235547        13.999999999999998     
   1.6563976349294878        13.999999999999998     
   1.6599331688354204        13.999999999999998     
   1.6634687027413531        13.999999999999998     
   1.6670042366472857        13.999999999999998     
   1.6705397705532188        13.999999999999998     
   1.6740753044591514        13.999999999999998     
   1.6776108383650841        13.999999999999998     
   1.6811463722710167        13.999999999999998     
   1.6846819061769498        13.999999999999998     
   1.6882174400828824        13.999999999999998     
   1.6917529739888151        13.999999999999998     
   1.6952885078947477        13.999999999999998     
   1.6988240418006808        13.999999999999998     
   1.7023595757066134        13.999999999999998     
   1.7058951096125461        13.999999999999998     
   1.7094306435184787        13.999999999999998     
   1.7129661774244116        13.999999999999998     
   1.7165017113303442        13.999999999999998     
   1.7200372452362771        13.999999999999998     
   1.7235727791422097        13.999999999999998     
   1.7271083130481424        13.999999999999998     
   1.7306438469540750        13.999999999999998     
   1.7341793808600079        13.999999999999998     
   1.7377149147659405        13.999999999999998     
   1.7412504486718732        13.999999999999998     
   1.7447859825778060        13.999999999999998     
   1.7483215164837387        13.999999999999998     
   1.7518570503896713        13.999999999999998     
   1.7553925842956042        13.999999999999998     
   1.7589281182015370        13.999999999999998     
   1.7624636521074697        13.999999999999998     
   1.7659991860134023        13.999999999999998     
   1.7695347199193350        13.999999999999998     
   1.7730702538252681        13.999999999999998     
   1.7766057877312007        13.999999999999998     
   1.7801413216371333        13.999999999999998     
   1.7836768555430660        13.999999999999998     
   1.7872123894489991        13.999999999999998     
   1.7907479233549317        13.999999999999998     
   1.7942834572608644        13.999999999999998     
   1.7978189911667970        13.999999999999998     
   1.8013545250727301        13.999999999999998     
   1.8048900589786627        13.999999999999998     
   1.8084255928845954        13.999999999999998     
   1.8119611267905280        13.999999999999998     
   1.8154966606964607        13.999999999999998     
   1.8190321946023937        13.999999999999998     
   1.8225677285083264        13.999999999999998     
   1.8261032624142590        13.999999999999998     
   1.8296387963201917        13.999999999999998     
   1.8331743302261247        13.999999999999998     
   1.8367098641320574        13.999999999999998     
   1.8402453980379900        13.999999999999998     
   1.8437809319439227        13.999999999999998     
   1.8473164658498558        13.999999999999998     
   1.8508519997557884        13.999999999999998     
   1.8543875336617210        13.999999999999998     
   1.8579230675676537        13.999999999999998     
   1.8614586014735865        13.999999999999998     
   1.8649941353795192        13.999999999999998     
   1.8685296692854518        13.999999999999998     
   1.8720652031913847        13.999999999999998     
   1.8756007370973173        13.999999999999998     
   1.8791362710032500        13.999999999999998     
   1.8826718049091828        13.999999999999998     
   1.8862073388151155        13.999999999999998     
   1.8897428727210484        13.999999999999998     
   1.8932784066269810        13.999999999999998     
   1.8968139405329136        13.999999999999998     
   1.9003494744388463        13.999999999999998     
   1.9038850083447791        13.999999999999998     
   1.9074205422507120        13.999999999999998     
   1.9109560761566446        13.999999999999998     
   1.9144916100625773        13.999999999999998     
   1.9180271439685099        13.999999999999998     
   1.9215626778744430        13.999999999999998     
   1.9250982117803757        13.999999999999998     
   1.9286337456863083        13.999999999999998     
   1.9321692795922409        13.999999999999998     
   1.9357048134981740        13.999999999999998     
   1.9392403474041067        13.999999999999998     
   1.9427758813100393        13.999999999999998     
   1.9463114152159720        13.999999999999998     
   1.9498469491219050        13.999999999999998     
   1.9533824830278377        13.999999999999998     
   1.9569180169337703        13.999999999999998     
   1.9604535508397030        13.999999999999998     
   1.9639890847456360        13.999999999999998     
   1.9675246186515687        13.999999999999998     
   1.9710601525575013        13.999999999999998     
   1.9745956864634340        13.999999999999998     
   1.9781312203693671        13.999999999999998     
   1.9816667542752997        13.999999999999998     
   1.9852022881812323        13.999999999999998     
   1.9887378220871650        13.999999999999998     
   1.9922733559930976        13.999999999999998     
   1.9958088898990305        13.999999999999998     
   1.9993444238049634        13.999999999999998     
   2.0028799577108956        13.999999999999998     
   2.0064154916168286        13.999999999999998     
   2.0099510255227617        13.999999999999998     
   2.0134865594286939        13.999999999999998     
   2.0170220933346270        13.999999999999998     
   2.0205576272405592        13.999999999999998     
   2.0240931611464923        13.999999999999998     
   2.0276286950524254        13.999999999999998     
   2.0311642289583576        13.999999999999998     
   2.0346997628642907        13.999999999999998     
   2.0382352967702237        13.999999999999998     
   2.0417708306761559        13.999999999999998     
   2.0453063645820890        13.999999999999998     
   2.0488418984880212        13.999999999999998     
   2.0523774323939543        13.999999999999998     
   2.0559129662998874        13.999999999999998     
   2.0594485002058196        13.999999999999998     
   2.0629840341117527        13.999999999999998     
   2.0665195680176853        13.999999999999998     
   2.0700551019236180        13.999999999999998     
   2.0735906358295511        13.999999999999998     
   2.0771261697354833        13.999999999999998     
   2.0806617036414163        13.999999999999998     
   2.0841972375473490        13.999999999999998     
   2.0877327714532816        13.999999999999998     
   2.0912683053592143        13.999999999999998     
   2.0948038392651469        13.999999999999998     
   2.0983393731710800        13.999999999999998     
   2.1018749070770126        13.999999999999998     
   2.1054104409829453        13.999999999999998     
   2.1089459748888779        13.999999999999998     
   2.1124815087948106        13.999999999999998     
   2.1160170427007436        13.999999999999998     
   2.1195525766066758        13.999999999999998     
