   1.2500000000000000E-003   1.4000000000000006     
   3.7499999999999999E-003   1.4000000000000017     
   6.2499999999999995E-003   1.3999999999999992     
   8.7500000000000008E-003   1.3999999999999968     
   1.1250000000000001E-002   1.3999999999999950     
   1.3750000000000000E-002   1.3999999999999941     
   1.6250000000000001E-002   1.4000000000000035     
   1.8749999999999999E-002   1.4000000000000168     
   2.1249999999999998E-002   1.4000000000000181     
   2.3750000000000000E-002   1.4000000000000197     
   2.6249999999999999E-002   1.4000000000000217     
   2.8749999999999998E-002   1.3999999999999850     
   3.1250000000000000E-002   1.3999999999999422     
   3.3750000000000002E-002   1.3999999999999659     
   3.6249999999999998E-002   1.4000000000000572     
   3.8750000000000000E-002   1.4000000000000836     
   4.1250000000000002E-002   1.3999999999999473     
   4.3749999999999997E-002   1.3999999999997961     
   4.6249999999999999E-002   1.3999999999998480     
   4.8750000000000002E-002   1.4000000000000958     
   5.1249999999999997E-002   1.4000000000002735     
   5.3749999999999999E-002   1.4000000000001678     
   5.6250000000000001E-002   1.3999999999999195     
   5.8749999999999997E-002   1.3999999999998685     
   6.1249999999999999E-002   1.4000000000000798     
   6.3750000000000001E-002   1.4000000000002801     
   6.6250000000000003E-002   1.4000000000002633     
   6.8750000000000006E-002   1.4000000000000967     
   7.1249999999999994E-002   1.3999999999999633     
   7.3749999999999996E-002   1.3999999999999559     
   7.6249999999999998E-002   1.4000000000000739     
   7.8750000000000001E-002   1.4000000000002204     
   8.1250000000000003E-002   1.4000000000002097     
   8.3750000000000005E-002   1.3999999999999320     
   8.6250000000000007E-002   1.3999999999995580     
   8.8749999999999996E-002   1.3999999999993438     
   9.1249999999999998E-002   1.3999999999992767     
   9.3750000000000000E-002   1.3999999999991855     
   9.6250000000000002E-002   1.3999999999990420     
   9.8750000000000004E-002   1.3999999999988879     
  0.10125000000000001        1.3999999999986177     
  0.10375000000000000        1.3999999999980803     
  0.10625000000000000        1.3999999999973420     
  0.10875000000000000        1.3999999999966624     
  0.11125000000000000        1.3999999999962498     
  0.11375000000000000        1.3999999999960726     
  0.11625000000000001        1.3999999999959416     
  0.11874999999999999        1.3999999999957040     
  0.12125000000000000        1.3999999999954555     
  0.12375000000000000        1.3999999999955941     
  0.12625000000000000        1.3999999999963777     
  0.12875000000000000        1.3999999999976611     
  0.13125000000000001        1.3999999999993353     
  0.13375000000000001        1.4000000000018040     
  0.13625000000000001        1.4000000000056172     
  0.13875000000000001        1.4000000000106478     
  0.14125000000000001        1.4000000000162292     
  0.14374999999999999        1.4000000000220747     
  0.14624999999999999        1.4000000000284532     
  0.14874999999999999        1.4000000000351305     
  0.15125000000000000        1.4000000000413300     
  0.15375000000000000        1.4000000000470409     
  0.15625000000000000        1.4000000000534281     
  0.15875000000000000        1.4000000000619504     
  0.16125000000000000        1.4000000000728403     
  0.16375000000000001        1.4000000000837283     
  0.16625000000000001        1.4000000000916621     
  0.16875000000000001        1.4000000000955217     
  0.17125000000000001        1.4000000000963209     
  0.17375000000000002        1.4000000000960529     
  0.17624999999999999        1.4000000000943800     
  0.17874999999999999        1.4000000000876502     
  0.18124999999999999        1.4000000000730970     
  0.18375000000000000        1.4000000000501787     
  0.18625000000000000        1.4000000000192769     
  0.18875000000000000        1.3999999999831956     
  0.19125000000000000        1.3999999999454902     
  0.19375000000000001        1.3999999999034118     
  0.19625000000000001        1.3999999998492325     
  0.19875000000000001        1.3999999997793566     
  0.20125000000000001        1.3999999996978474     
  0.20375000000000001        1.3999999996105779     
  0.20625000000000002        1.3999999995221355     
  0.20874999999999999        1.3999999994330272     
  0.21124999999999999        1.3999999993395251     
  0.21375000000000000        1.3999999992331564     
  0.21625000000000000        1.3999999991119811     
  0.21875000000000000        1.3999999989856371     
  0.22125000000000000        1.3999999988628378     
  0.22375000000000000        1.3999999987438803     
  0.22625000000000001        1.3999999986241549     
  0.22875000000000001        1.3999999984977234     
  0.23125000000000001        1.3999999983661036     
  0.23375000000000001        1.3999999982564597     
  0.23625000000000002        1.3999999982086240     
  0.23874999999999999        1.3999999982458591     
  0.24124999999999999        1.3999999982999527     
  0.24374999999999999        1.3999999982909996     
  0.24625000000000000        1.3999999982683848     
  0.24875000000000000        1.3999999983499913     
  0.25125000000000003        1.3999999985469720     
  0.25375000000000003        1.3999999988173850     
  0.25625000000000003        1.3999999992344407     
  0.25875000000000004        1.3999999999266564     
  0.26125000000000004        1.4000000009728830     
  0.26375000000000004        1.4000000024019947     
  0.26625000000000004        1.4000000041283136     
  0.26875000000000004        1.4000000060567634     
  0.27125000000000005        1.4000000081978563     
  0.27375000000000005        1.4000000105472337     
  0.27625000000000005        1.4000000126743160     
  0.27875000000000005        1.4000000139482549     
  0.28125000000000006        1.4000000139499587     
  0.28375000000000006        1.4000000130828139     
  0.28625000000000006        1.4000000121131990     
  0.28875000000000001        1.4000000116124229     
  0.29125000000000001        1.4000000115080062     
  0.29375000000000001        1.4000000108076849     
  0.29625000000000001        1.4000000086398481     
  0.29875000000000002        1.4000000047187959     
  0.30125000000000002        1.3999999992894652     
  0.30375000000000002        1.3999999931072111     
  0.30625000000000002        1.3999999872959492     
  0.30875000000000002        1.3999999816466784     
  0.31125000000000003        1.3999999756284520     
  0.31375000000000003        1.3999999670779972     
  0.31625000000000003        1.3999999554083535     
  0.31875000000000003        1.3999999438092181     
  0.32125000000000004        1.3999999334589188     
  0.32375000000000004        1.3999999240844481     
  0.32625000000000004        1.3999999108116907     
  0.32875000000000004        1.3999998960032207     
  0.33125000000000004        1.3999998851991973     
  0.33375000000000005        1.3999998759063033     
  0.33625000000000005        1.3999998724913807     
  0.33875000000000005        1.3999998787654206     
  0.34125000000000005        1.3999998948841856     
  0.34375000000000006        1.3999999196088295     
  0.34625000000000006        1.3999999641502441     
  0.34875000000000006        1.4000000313176668     
  0.35125000000000001        1.4000001254478804     
  0.35375000000000001        1.4000002077271083     
  0.35625000000000001        1.4000002759059287     
  0.35875000000000001        1.4000003795061355     
  0.36125000000000002        1.4000004715382359     
  0.36375000000000002        1.4000005467514889     
  0.36625000000000002        1.4000005193482461     
  0.36875000000000002        1.4000004898531524     
  0.37125000000000002        1.4000004432844968     
  0.37375000000000003        1.4000003589607068     
  0.37625000000000003        1.4000003106451908     
  0.37875000000000003        1.4000002438140773     
  0.38125000000000003        1.4000001526348949     
  0.38375000000000004        1.3999999463817194     
  0.38625000000000004        1.3999996378507507     
  0.38875000000000004        1.3999992146445970     
  0.39125000000000004        1.3999987274957522     
  0.39375000000000004        1.3999980564421817     
  0.39625000000000005        1.3999979587945646     
  0.39875000000000005        1.3999979172765968     
  0.40125000000000005        1.3999969632534499     
  0.40375000000000005        1.3999966686843364     
  0.40625000000000006        1.3999983419058371     
  0.40875000000000006        1.4000014784261616     
  0.41125000000000006        1.4000040193749159     
  0.41375000000000006        1.4000048677614301     
  0.41625000000000001        1.4000028793590700     
  0.41875000000000001        1.3999952553315345     
  0.42125000000000001        1.3999850790652855     
  0.42375000000000002        1.3999741776844574     
  0.42625000000000002        1.3999645194977934     
  0.42875000000000002        1.3999541872124006     
  0.43125000000000002        1.3999442704854728     
  0.43375000000000002        1.3999358491931946     
  0.43625000000000003        1.3999282563408215     
  0.43875000000000003        1.3999231638461589     
  0.44125000000000003        1.3999227158304162     
  0.44375000000000003        1.3999239788191429     
  0.44625000000000004        1.3999246249930597     
  0.44875000000000004        1.3999251237327519     
  0.45125000000000004        1.3999104014735524     
  0.45375000000000004        1.3999040204654905     
  0.45625000000000004        1.3998985008760596     
  0.45875000000000005        1.3998794017822773     
  0.46125000000000005        1.3998460552405421     
  0.46375000000000005        1.3997924286696550     
  0.46625000000000005        1.3997059007850750     
  0.46875000000000006        1.3996068705054010     
  0.47125000000000006        1.3995059500056173     
  0.47375000000000006        1.3994141438592822     
  0.47625000000000006        1.3992930355842081     
  0.47875000000000001        1.3991758476837868     
  0.48125000000000001        1.3990414685947004     
  0.48375000000000001        1.3988512498058676     
  0.48625000000000002        1.3986981780859620     
  0.48875000000000002        1.3987084142536124     
  0.49125000000000002        1.3987591326588780     
  0.49375000000000002        1.3988778906275647     
  0.49625000000000002        1.3989337590837605     
  0.49875000000000003        1.3991745954547854     
  0.50125000000000008        1.3991623767409145     
  0.50375000000000003        1.3992659036595572     
  0.50625000000000009        1.3995040192221573     
  0.50875000000000004        1.4001534629435939     
  0.51124999999999998        1.4004973397584930     
  0.51375000000000004        1.4006843418184540     
  0.51624999999999999        1.4014574986668098     
  0.51875000000000004        1.4022531091265802     
  0.52124999999999999        1.4039090902720837     
  0.52375000000000005        1.4056537227324268     
  0.52625000000000000        1.4075579405094252     
  0.52875000000000005        1.4095652502993166     
  0.53125000000000000        1.4125728621316840     
  0.53375000000000006        1.4153660321633996     
  0.53625000000000000        1.4195941508922805     
  0.53875000000000006        1.4239683326221799     
  0.54125000000000001        1.4292026727495046     
  0.54375000000000007        1.4341648336223320     
  0.54625000000000001        1.4410196470900920     
  0.54875000000000007        1.4493222903595988     
  0.55125000000000002        1.4685075153004996     
  0.55375000000000008        1.4902283582630549     
  0.55625000000000002        1.5156801569774778     
  0.55875000000000008        1.5489733906659802     
  0.56125000000000003        1.5849845419684570     
  0.56375000000000008        1.6404931158925276     
  0.56625000000000003        1.7039070148532593     
  0.56875000000000009        1.7864764244322777     
  0.57125000000000004        1.8904438714186482     
  0.57375000000000009        2.0187553437405921     
  0.57625000000000004        2.1813018606690502     
  0.57874999999999999        2.3644530356508096     
  0.58125000000000004        2.6791331826865599     
  0.58374999999999999        3.0357082095288814     
  0.58625000000000005        3.5369381824526984     
  0.58875000000000000        4.1629749029738274     
  0.59125000000000005        4.9056566912412043     
  0.59375000000000000        6.3755222139932775     
  0.59625000000000006        8.0016515133957515     
  0.59875000000000000        9.6174977011919136     
  0.60125000000000006        11.062790589691939     
  0.60375000000000001        12.591561161835038     
  0.60625000000000007        14.046618102798924     
  0.60875000000000001        15.352344687654471     
  0.61125000000000007        17.046861896622843     
  0.61375000000000002        17.908869193317056     
  0.61625000000000008        20.340525357610971     
  0.61875000000000002        20.799525213083299     
  0.62125000000000008        20.870597775740539     
  0.62375000000000003        20.892898665369000     
  0.62625000000000008        20.800339452961953     
  0.62875000000000003        21.359573978854218     
  0.63125000000000009        22.939551064705320     
  0.63375000000000004        23.814917890997314     
  0.63625000000000009        23.817506244725195     
  0.63875000000000004        23.835971820328716     
  0.64124999999999999        23.883765743156093     
  0.64375000000000004        23.058787976628281     
  0.64624999999999999        22.030024177975417     
  0.64875000000000005        21.278818887062439     
  0.65125000000000000        20.482856255311429     
  0.65375000000000005        19.953997557983449     
  0.65625000000000000        19.441899507790708     
  0.65875000000000006        18.791404484144184     
  0.66125000000000000        18.069453150830654     
  0.66375000000000006        17.245540062262378     
  0.66625000000000001        16.498256717819196     
  0.66875000000000007        16.231337726930850     
  0.67125000000000001        16.813280867977277     
  0.67375000000000007        17.994780127209623     
  0.67625000000000002        19.085669744410431     
  0.67875000000000008        19.633441626069111     
  0.68125000000000002        19.693493078330263     
  0.68375000000000008        19.529623779287828     
  0.68625000000000003        19.272193603382398     
  0.68875000000000008        18.899269889760667     
  0.69125000000000003        18.332940502212804     
  0.69375000000000009        17.530986551549013     
  0.69625000000000004        16.537391028168738     
  0.69875000000000009        15.492375768663695     
  0.70125000000000004        14.579386029004082     
  0.70374999999999999        13.882412851636365     
  0.70625000000000004        13.418365503416164     
  0.70874999999999999        13.276401008505143     
  0.71125000000000005        13.521598194525051     
  0.71375000000000000        14.029846158869484     
  0.71625000000000005        14.601543186263337     
  0.71875000000000000        15.160346293722629     
  0.72125000000000006        15.670739760490727     
  0.72375000000000000        15.951021657893500     
  0.72625000000000006        15.761978867602016     
  0.72875000000000001        15.019574451510955     
  0.73125000000000007        13.855069021990143     
  0.73375000000000001        12.543654278901645     
  0.73625000000000007        11.391750672538528     
  0.73875000000000002        10.596782851829708     
  0.74125000000000008        10.120328844526549     
  0.74375000000000002        9.6972231535464886     
  0.74625000000000008        9.0934592037118449     
  0.74875000000000003        8.3343420521031977     
  0.75125000000000008        7.5974995870076283     
  0.75375000000000003        6.9735647937970988     
  0.75625000000000009        6.4312766014984870     
  0.75875000000000004        5.9486282535251265     
  0.76125000000000009        5.5899628157376933     
  0.76375000000000004        5.4501877151727101     
  0.76625000000000010        5.5479239352908829     
  0.76875000000000004        5.7824598556137294     
  0.77124999999999999        5.9872682171370846     
  0.77375000000000005        6.0389222569677621     
  0.77625000000000000        5.9261146235561757     
  0.77875000000000005        5.7223891854950830     
  0.78125000000000000        5.5128280273603760     
  0.78375000000000006        5.3439531759449599     
  0.78625000000000000        5.2126859405750459     
  0.78875000000000006        5.0956554247792898     
  0.79125000000000001        4.9664869118693966     
  0.79375000000000007        4.8166995846967859     
  0.79625000000000001        4.6575623031370688     
  0.79875000000000007        4.5050513333257420     
  0.80125000000000002        4.3798699928988842     
  0.80375000000000008        4.2730494037125641     
  0.80625000000000002        4.1778226589393928     
  0.80875000000000008        4.1009925889971512     
  0.81125000000000003        4.0177654231182913     
  0.81375000000000008        3.9744474778138885     
  0.81625000000000003        3.9370703038528130     
  0.81875000000000009        3.8513969001803927     
  0.82125000000000004        3.7870118291132799     
  0.82375000000000009        3.5614677532977135     
  0.82625000000000004        3.4338287664467249     
  0.82875000000000010        3.6071085145301804     
  0.83125000000000004        3.7187554404641219     
  0.83374999999999999        4.0447772505970008     
  0.83625000000000005        5.3774125468350746     
  0.83875000000000000        6.5529745116268785     
  0.84125000000000005        8.6576972733712143     
  0.84375000000000000        10.344380022047030     
  0.84625000000000006        10.565393688461876     
  0.84875000000000000        10.715716501186471     
  0.85125000000000006        10.803354736330331     
  0.85375000000000001        10.914631743644525     
  0.85625000000000007        10.974134775352752     
  0.85875000000000001        10.961460426174519     
  0.86125000000000007        10.860656546768375     
  0.86375000000000002        10.831935499897762     
  0.86625000000000008        10.552809351478613     
  0.86875000000000002        10.199197416559521     
  0.87125000000000008        9.7754125027218759     
  0.87375000000000003        9.3190380475311834     
  0.87625000000000008        8.8889997966458232     
  0.87875000000000003        8.5820895742445646     
  0.88125000000000009        8.0879692393051741     
  0.88375000000000004        8.0556331632052629     
  0.88625000000000009        8.4513872503817176     
  0.88875000000000004        8.7748359546312749     
  0.89125000000000010        9.4242238517662926     
  0.89375000000000004        9.9624655283119132     
  0.89624999999999999        11.544146961597603     
  0.89875000000000005        12.643670735111110     
  0.90125000000000000        15.224794134545926     
  0.90375000000000005        16.254898536166156     
  0.90625000000000000        16.984929383385587     
  0.90875000000000006        16.881953058444800     
  0.91125000000000000        16.716409984432580     
  0.91375000000000006        16.415846262955327     
  0.91625000000000001        16.228496898359634     
  0.91875000000000007        15.973729804778019     
  0.92125000000000001        18.891785212966575     
  0.92375000000000007        19.802026211346398     
  0.92625000000000002        20.250337241980496     
  0.92875000000000008        21.726678759400841     
  0.93125000000000002        21.762532209142723     
  0.93375000000000008        22.299041680496678     
  0.93625000000000003        22.556720075780383     
  0.93875000000000008        22.793353116813194     
  0.94125000000000003        22.821023953887163     
  0.94375000000000009        22.849837567171512     
  0.94625000000000004        22.843650038577572     
  0.94875000000000009        21.363130362996667     
  0.95125000000000004        18.024379790405568     
  0.95375000000000010        16.086802165067539     
  0.95625000000000004        17.424723643701650     
  0.95874999999999999        19.248670627658100     
  0.96125000000000005        18.441588456380110     
  0.96375000000000000        15.156724400730559     
  0.96625000000000005        11.250507734846732     
  0.96875000000000000        8.0095199327671587     
  0.97125000000000006        5.8298983654385426     
  0.97375000000000000        4.5926347634442362     
  0.97625000000000006        3.8912120269595447     
  0.97875000000000001        3.3523713600771057     
  0.98125000000000007        2.8648719708502437     
  0.98375000000000001        2.4884619814604516     
  0.98625000000000007        2.2669226812689760     
  0.98875000000000002        2.1744724802801967     
  0.99125000000000008        2.1597836488024247     
  0.99375000000000002        2.1555626714934979     
  0.99625000000000008        2.0985794112825387     
  0.99875000000000003        2.0576807538927842     
   1.0012500000000000        2.0533727745893811     
   1.0037500000000001        1.9609238620405445     
   1.0062500000000001        1.8950131821017839     
   1.0087500000000000        2.0113692394493601     
   1.0112500000000000        2.1378506801370420     
   1.0137500000000002        2.2088545376520470     
   1.0162500000000001        2.3120625597348834     
   1.0187500000000000        2.6200390934312505     
   1.0212500000000000        2.8082588796970138     
   1.0237499999999999        2.7889867900359224     
   1.0262500000000001        2.6597787386347616     
   1.0287500000000001        2.5155173890723987     
   1.0312500000000000        2.3876840573905298     
   1.0337499999999999        2.3071843277663637     
   1.0362500000000001        2.2177612135879445     
   1.0387500000000001        2.1587387699208085     
   1.0412500000000000        2.1963219969230767     
   1.0437500000000000        2.2558724137030266     
   1.0462500000000001        2.2671517975824509     
   1.0487500000000001        2.2935998477315565     
   1.0512500000000000        2.4241462086404075     
   1.0537500000000000        2.5956689186484301     
   1.0562500000000001        2.6427928237518694     
   1.0587500000000001        2.4983687371067207     
   1.0612500000000000        2.2422750965864724     
   1.0637500000000000        1.9870957307806889     
   1.0662500000000001        1.8099386937668376     
   1.0687500000000001        1.7183587700250027     
   1.0712500000000000        1.7173650528375630     
   1.0737500000000000        1.7890422719354806     
   1.0762500000000002        1.8854047067950825     
   1.0787500000000001        2.0538872083501563     
   1.0812500000000000        2.1769344752094364     
   1.0837500000000000        2.3361275079027650     
   1.0862500000000002        2.3582299947474756     
   1.0887500000000001        2.2802435821903075     
   1.0912500000000001        2.2108398465313579     
   1.0937500000000000        1.9287407411253259     
   1.0962499999999999        1.8924691435875403     
   1.0987500000000001        2.5057796822904810     
   1.1012500000000001        5.4262440323289054     
   1.1037500000000000        7.6289222629818347     
   1.1062500000000000        9.0607502277639096     
   1.1087500000000001        11.104140998027676     
   1.1112500000000001        12.908315176694805     
   1.1137500000000000        13.847057662038635     
   1.1162500000000000        14.474983536432108     
   1.1187500000000001        15.168791990091670     
   1.1212500000000001        15.337602457262511     
   1.1237500000000000        14.487806678832122     
   1.1262500000000000        12.910207739868095     
   1.1287500000000001        11.158243464723078     
   1.1312500000000001        9.5983482499698116     
   1.1337500000000000        8.3635482355200921     
   1.1362500000000000        7.4234387282524743     
   1.1387500000000002        6.7405257354078536     
   1.1412500000000001        6.2975703761834936     
   1.1437500000000000        6.0434871277057853     
   1.1462500000000000        5.6701546234951072     
   1.1487500000000002        5.4698454396228264     
   1.1512500000000001        5.8688651074506595     
   1.1537500000000001        5.9843204653437319     
   1.1562500000000000        7.1027923008278577     
   1.1587499999999999        11.259088566011179     
   1.1612500000000001        13.947544063840002     
   1.1637500000000001        13.417586340295610     
   1.1662500000000000        11.434155320729133     
   1.1687500000000000        9.5735353791914299     
   1.1712500000000001        8.1538720447130508     
   1.1737500000000001        7.0649825955304788     
   1.1762500000000000        6.2006285433157506     
   1.1787500000000000        5.4973173069844528     
   1.1812500000000001        4.9099839458069123     
   1.1837500000000001        4.4237423376094496     
   1.1862500000000000        4.0479423938675980     
   1.1887500000000000        3.7844850975475586     
   1.1912500000000001        3.5897651720089980     
   1.1937500000000001        3.3641365720151915     
   1.1962500000000000        3.0629019206865693     
   1.1987500000000000        2.8119897547641366     
   1.2012500000000002        2.7465282970343137     
   1.2037500000000001        2.7828904384009778     
   1.2062500000000000        2.7213700943745107     
   1.2087500000000000        2.5135564822464498     
   1.2112500000000002        2.1857603664853178     
   1.2137500000000001        1.8402248600274178     
   1.2162500000000001        1.6893276742251901     
   1.2187500000000000        1.8052394150559687     
   1.2212499999999999        2.0143602369531899     
   1.2237500000000001        2.0660893095795907     
   1.2262500000000001        1.9665922303341357     
   1.2287500000000000        1.8307021855429488     
   1.2312500000000000        1.7532735327549622     
   1.2337500000000001        1.7137867998929421     
   1.2362500000000001        1.7122586253941992     
   1.2387500000000000        1.7591517716225591     
   1.2412500000000000        1.8387303055588415     
   1.2437500000000001        2.0046179557287793     
   1.2462500000000001        2.2718540785885182     
   1.2487500000000000        3.5867847526512904     
   1.2512500000000000        7.7183843744394993     
   1.2537500000000001        16.535137953640668     
   1.2562500000000001        19.286565669765267     
   1.2587500000000000        19.591378986693428     
   1.2612500000000000        19.231726557941336     
   1.2637500000000002        17.154726202300367     
   1.2662500000000001        13.219911872796153     
   1.2687500000000000        12.870484988463481     
   1.2712500000000000        15.663150955949698     
   1.2737500000000002        16.964035021175164     
   1.2762500000000001        15.950888024204749     
   1.2787500000000001        12.259458998985258     
   1.2812500000000000        12.805496824823306     
   1.2837499999999999        18.532028847327812     
   1.2862500000000001        31.064627648613303     
   1.2887500000000001        36.659170481761024     
   1.2912500000000000        45.130712159000993     
   1.2937500000000000        59.225485208020572     
   1.2962500000000001        72.515156820445895     
   1.2987500000000001        72.935511293227947     
   1.3012500000000000        58.165922904126241     
   1.3037500000000000        31.969945382282354     
   1.3062500000000001        20.873878609325878     
   1.3087500000000001        15.335712569642425     
   1.3112500000000000        14.076874476404289     
   1.3137500000000000        14.000889012838808     
   1.3162500000000001        14.000013815327941     
   1.3187500000000001        13.999977787811636     
   1.3212500000000000        13.999992871758206     
   1.3237500000000000        14.000000197786893     
   1.3262500000000002        13.999999960735648     
   1.3287500000000001        14.000000002800274     
   1.3312500000000000        14.000000000256840     
   1.3337500000000000        13.999999999979574     
   1.3362500000000002        14.000000000002126     
   1.3387500000000001        13.999999999999908     
   1.3412500000000001        13.999999999999988     
   1.3437500000000000        13.999999999999998     
   1.3462499999999999        13.999999999999998     
   1.3487500000000001        13.999999999999998     
   1.3512500000000001        13.999999999999998     
   1.3537500000000000        13.999999999999998     
   1.3562500000000000        13.999999999999998     
   1.3587500000000001        13.999999999999998     
   1.3612500000000001        13.999999999999998     
   1.3637500000000000        13.999999999999998     
   1.3662500000000000        13.999999999999998     
   1.3687500000000001        13.999999999999998     
   1.3712500000000001        13.999999999999998     
   1.3737500000000000        13.999999999999998     
   1.3762500000000000        13.999999999999998     
   1.3787500000000001        13.999999999999998     
   1.3812500000000001        13.999999999999998     
   1.3837500000000000        13.999999999999998     
   1.3862500000000000        13.999999999999998     
   1.3887500000000002        13.999999999999998     
   1.3912500000000001        13.999999999999998     
   1.3937500000000000        13.999999999999998     
   1.3962500000000000        13.999999999999998     
   1.3987500000000002        13.999999999999998     
   1.4012500000000001        13.999999999999998     
   1.4037500000000001        13.999999999999998     
   1.4062500000000000        13.999999999999998     
   1.4087499999999999        13.999999999999998     
   1.4112500000000001        13.999999999999998     
   1.4137500000000001        13.999999999999998     
   1.4162500000000000        13.999999999999998     
   1.4187500000000000        13.999999999999998     
   1.4212500000000001        13.999999999999998     
   1.4237500000000001        13.999999999999998     
   1.4262500000000000        13.999999999999998     
   1.4287500000000000        13.999999999999998     
   1.4312500000000001        13.999999999999998     
   1.4337500000000001        13.999999999999998     
   1.4362500000000000        13.999999999999998     
   1.4387500000000000        13.999999999999998     
   1.4412500000000001        13.999999999999998     
   1.4437500000000001        13.999999999999998     
   1.4462500000000000        13.999999999999998     
   1.4487500000000000        13.999999999999998     
   1.4512500000000002        13.999999999999998     
   1.4537500000000001        13.999999999999998     
   1.4562500000000000        13.999999999999998     
   1.4587500000000000        13.999999999999998     
   1.4612500000000002        13.999999999999998     
   1.4637500000000001        13.999999999999998     
   1.4662500000000001        13.999999999999998     
   1.4687500000000000        13.999999999999998     
   1.4712499999999999        13.999999999999998     
   1.4737500000000001        13.999999999999998     
   1.4762500000000001        13.999999999999998     
   1.4787500000000000        13.999999999999998     
   1.4812500000000000        13.999999999999998     
   1.4837500000000001        13.999999999999998     
   1.4862500000000001        13.999999999999998     
   1.4887500000000000        13.999999999999998     
   1.4912500000000000        13.999999999999998     
   1.4937500000000001        13.999999999999998     
   1.4962500000000001        13.999999999999998     
   1.4987500000000000        13.999999999999998     
