   1.2500000000000000E-003   13.999999999999998        0.0000000000000000        0.0000000000000000        2.5000000000000004       0.17857142857142863     
   3.7499999999999999E-003   13.999999999999998        0.0000000000000000        0.0000000000000000        2.5000000000000004       0.17857142857142863     
   6.2499999999999995E-003   13.999999999999998        0.0000000000000000        0.0000000000000000        2.5000000000000004       0.17857142857142863     
   8.7500000000000008E-003   13.999999999999998        0.0000000000000000        0.0000000000000000        2.5000000000000004       0.17857142857142863     
   1.1250000000000001E-002   13.999999999999998        0.0000000000000000        0.0000000000000000        2.5000000000000004       0.17857142857142863     
   1.3750000000000000E-002   13.999999999999998        0.0000000000000000        0.0000000000000000        2.5000000000000004       0.17857142857142863     
   1.6250000000000001E-002   13.999999999999998        0.0000000000000000        0.0000000000000000        2.5000000000000004       0.17857142857142863     
   1.8749999999999999E-002   13.999999999999998        0.0000000000000000        0.0000000000000000        2.5000000000000004       0.17857142857142863     
   2.1249999999999998E-002   13.999999999999998        0.0000000000000000        0.0000000000000000        2.5000000000000004       0.17857142857142863     
   2.3750000000000000E-002   13.999999999999998        0.0000000000000000        0.0000000000000000        2.5000000000000004       0.17857142857142863     
   2.6249999999999999E-002   13.999999999999998        0.0000000000000000        0.0000000000000000        2.5000000000000004       0.17857142857142863     
   2.8749999999999998E-002   13.999999999999998        0.0000000000000000        0.0000000000000000        2.5000000000000004       0.17857142857142863     
   3.1250000000000000E-002   13.999999999999998        0.0000000000000000        0.0000000000000000        2.5000000000000004       0.17857142857142863     
   3.3750000000000002E-002   13.999999999999998        0.0000000000000000        0.0000000000000000        2.5000000000000004       0.17857142857142863     
   3.6249999999999998E-002   13.999999999999998        0.0000000000000000        0.0000000000000000        2.5000000000000004       0.17857142857142863     
   3.8750000000000000E-002   13.999999999999998        0.0000000000000000        0.0000000000000000        2.5000000000000004       0.17857142857142863     
   4.1250000000000002E-002   13.999999999999998        0.0000000000000000        0.0000000000000000        2.5000000000000004       0.17857142857142863     
   4.3749999999999997E-002   13.999999999999998        0.0000000000000000        0.0000000000000000        2.5000000000000004       0.17857142857142863     
   4.6249999999999999E-002   13.999999999999998        0.0000000000000000        0.0000000000000000        2.5000000000000004       0.17857142857142863     
   4.8750000000000002E-002   13.999999999999998        0.0000000000000000        0.0000000000000000        2.5000000000000004       0.17857142857142863     
   5.1249999999999997E-002   13.999999999999998        0.0000000000000000        0.0000000000000000        2.5000000000000004       0.17857142857142863     
   5.3749999999999999E-002   13.999999999999998        0.0000000000000000        0.0000000000000000        2.5000000000000004       0.17857142857142863     
   5.6250000000000001E-002   13.999999999999998        0.0000000000000000        0.0000000000000000        2.5000000000000004       0.17857142857142863     
   5.8749999999999997E-002   13.999999999999998        0.0000000000000000        0.0000000000000000        2.5000000000000004       0.17857142857142863     
   6.1249999999999999E-002   13.999999999999998        0.0000000000000000        0.0000000000000000        2.5000000000000004       0.17857142857142863     
   6.3750000000000001E-002   13.999999999999998        0.0000000000000000        0.0000000000000000        2.5000000000000004       0.17857142857142863     
   6.6250000000000003E-002   13.999999999999998        0.0000000000000000        0.0000000000000000        2.5000000000000004       0.17857142857142863     
   6.8750000000000006E-002   13.999999999999998        0.0000000000000000        0.0000000000000000        2.5000000000000004       0.17857142857142863     
   7.1249999999999994E-002   13.999999999999998        0.0000000000000000        0.0000000000000000        2.5000000000000004       0.17857142857142863     
   7.3749999999999996E-002   13.999999999999998        0.0000000000000000        0.0000000000000000        2.5000000000000004       0.17857142857142863     
   7.6249999999999998E-002   13.999999999999998        0.0000000000000000        0.0000000000000000        2.5000000000000004       0.17857142857142863     
   7.8750000000000001E-002   13.999999999999998        0.0000000000000000        0.0000000000000000        2.5000000000000004       0.17857142857142863     
   8.1250000000000003E-002   13.999999999999998        0.0000000000000000        0.0000000000000000        2.5000000000000004       0.17857142857142863     
   8.3750000000000005E-002   13.999999999999998        0.0000000000000000        0.0000000000000000        2.5000000000000004       0.17857142857142863     
   8.6250000000000007E-002   13.999999999999998        0.0000000000000000        0.0000000000000000        2.5000000000000004       0.17857142857142863     
   8.8749999999999996E-002   13.999999999999998        0.0000000000000000        0.0000000000000000        2.5000000000000004       0.17857142857142863     
   9.1249999999999998E-002   13.999999999999998        0.0000000000000000        0.0000000000000000        2.5000000000000004       0.17857142857142863     
   9.3750000000000000E-002   13.999999999999998        0.0000000000000000        0.0000000000000000        2.5000000000000004       0.17857142857142863     
   9.6250000000000002E-002   13.999999999999998        0.0000000000000000        0.0000000000000000        2.5000000000000004       0.17857142857142863     
   9.8750000000000004E-002   13.999999999999998        0.0000000000000000        0.0000000000000000        2.5000000000000004       0.17857142857142863     
  0.10125000000000001        13.999999999999998        0.0000000000000000        0.0000000000000000        2.5000000000000004       0.17857142857142863     
  0.10375000000000000        13.999999999999998        0.0000000000000000        0.0000000000000000        2.5000000000000004       0.17857142857142863     
  0.10625000000000000        13.999999999999998        0.0000000000000000        0.0000000000000000        2.5000000000000004       0.17857142857142863     
  0.10875000000000000        13.999999999999998        0.0000000000000000        0.0000000000000000        2.5000000000000004       0.17857142857142863     
  0.11125000000000000        13.999999999999998        0.0000000000000000        0.0000000000000000        2.5000000000000004       0.17857142857142863     
  0.11375000000000000        13.999999999999998        0.0000000000000000        0.0000000000000000        2.5000000000000004       0.17857142857142863     
  0.11625000000000001        13.999999999999998        0.0000000000000000        0.0000000000000000        2.5000000000000004       0.17857142857142863     
  0.11874999999999999        13.999999999999998        0.0000000000000000        0.0000000000000000        2.5000000000000004       0.17857142857142863     
  0.12125000000000000        13.999999999999998        0.0000000000000000        0.0000000000000000        2.5000000000000004       0.17857142857142863     
  0.12375000000000000        13.999999999999998        0.0000000000000000        0.0000000000000000        2.5000000000000004       0.17857142857142863     
  0.12625000000000000        13.999999999999998        0.0000000000000000        0.0000000000000000        2.5000000000000004       0.17857142857142863     
  0.12875000000000000        13.999999999999998        0.0000000000000000        0.0000000000000000        2.5000000000000004       0.17857142857142863     
  0.13125000000000001        13.999999999999998        0.0000000000000000        0.0000000000000000        2.5000000000000004       0.17857142857142863     
  0.13375000000000001        13.999999999999998        0.0000000000000000        0.0000000000000000        2.5000000000000004       0.17857142857142863     
  0.13625000000000001        13.999999999999998        0.0000000000000000        0.0000000000000000        2.5000000000000004       0.17857142857142863     
  0.13875000000000001        13.999999999999998        0.0000000000000000        0.0000000000000000        2.5000000000000004       0.17857142857142863     
  0.14125000000000001        13.999999999999998        0.0000000000000000        0.0000000000000000        2.5000000000000004       0.17857142857142863     
  0.14374999999999999        13.999999999999998        0.0000000000000000        0.0000000000000000        2.5000000000000004       0.17857142857142863     
  0.14624999999999999        13.999999999999998        0.0000000000000000        0.0000000000000000        2.5000000000000004       0.17857142857142863     
  0.14874999999999999        13.999999999999998        0.0000000000000000        0.0000000000000000        2.5000000000000004       0.17857142857142863     
  0.15125000000000000        13.999999999999998        0.0000000000000000        0.0000000000000000        2.5000000000000004       0.17857142857142863     
  0.15375000000000000        13.999999999999998        0.0000000000000000        0.0000000000000000        2.5000000000000004       0.17857142857142863     
  0.15625000000000000        13.999999999999998        0.0000000000000000        0.0000000000000000        2.5000000000000004       0.17857142857142863     
  0.15875000000000000        13.999999999999998        0.0000000000000000        0.0000000000000000        2.5000000000000004       0.17857142857142863     
  0.16125000000000000        13.999999999999998        0.0000000000000000        0.0000000000000000        2.5000000000000004       0.17857142857142863     
  0.16375000000000001        13.999999999999998        0.0000000000000000        0.0000000000000000        2.5000000000000004       0.17857142857142863     
  0.16625000000000001        13.999999999999998        0.0000000000000000        0.0000000000000000        2.5000000000000004       0.17857142857142863     
  0.16875000000000001        13.999999999999998        0.0000000000000000        0.0000000000000000        2.5000000000000004       0.17857142857142863     
  0.17125000000000001        13.999999999999998        0.0000000000000000        0.0000000000000000        2.5000000000000004       0.17857142857142863     
  0.17375000000000002        13.999999999999998        0.0000000000000000        0.0000000000000000        2.5000000000000004       0.17857142857142863     
  0.17624999999999999        13.999999999999998        0.0000000000000000        0.0000000000000000        2.5000000000000004       0.17857142857142863     
  0.17874999999999999        13.999999999999998        0.0000000000000000        0.0000000000000000        2.5000000000000004       0.17857142857142863     
  0.18124999999999999        13.999999999999998        0.0000000000000000        0.0000000000000000        2.5000000000000004       0.17857142857142863     
  0.18375000000000000        13.999999999999998        0.0000000000000000        0.0000000000000000        2.5000000000000004       0.17857142857142863     
  0.18625000000000000        13.999999999999998        0.0000000000000000        0.0000000000000000        2.5000000000000004       0.17857142857142863     
  0.18875000000000000        13.999999999999998        0.0000000000000000        0.0000000000000000        2.5000000000000004       0.17857142857142863     
  0.19125000000000000        13.999999999999998        0.0000000000000000        0.0000000000000000        2.5000000000000004       0.17857142857142863     
  0.19375000000000001        13.999999999999998        0.0000000000000000        0.0000000000000000        2.5000000000000004       0.17857142857142863     
  0.19625000000000001        13.999999999999998        0.0000000000000000        0.0000000000000000        2.5000000000000004       0.17857142857142863     
  0.19875000000000001        13.999999999999998        0.0000000000000000        0.0000000000000000        2.5000000000000004       0.17857142857142863     
  0.20125000000000001        13.999999999999998        0.0000000000000000        0.0000000000000000        2.5000000000000004       0.17857142857142863     
  0.20375000000000001        13.999999999999998        0.0000000000000000        0.0000000000000000        2.5000000000000004       0.17857142857142863     
  0.20625000000000002        13.999999999999998        0.0000000000000000        0.0000000000000000        2.5000000000000004       0.17857142857142863     
  0.20874999999999999        13.999999999999998        0.0000000000000000        0.0000000000000000        2.5000000000000004       0.17857142857142863     
  0.21124999999999999        13.999999999999998        0.0000000000000000        0.0000000000000000        2.5000000000000004       0.17857142857142863     
  0.21375000000000000        13.999999999999998        0.0000000000000000        0.0000000000000000        2.5000000000000004       0.17857142857142863     
  0.21625000000000000        13.999999999999998        0.0000000000000000        0.0000000000000000        2.5000000000000004       0.17857142857142863     
  0.21875000000000000        13.999999999999998        0.0000000000000000        0.0000000000000000        2.5000000000000004       0.17857142857142863     
  0.22125000000000000        13.999999999999998        0.0000000000000000        0.0000000000000000        2.5000000000000004       0.17857142857142863     
  0.22375000000000000        13.999999999999998        0.0000000000000000        0.0000000000000000        2.5000000000000004       0.17857142857142863     
  0.22625000000000001        13.999999999999998        0.0000000000000000        0.0000000000000000        2.5000000000000004       0.17857142857142863     
  0.22875000000000001        13.999999999999998        0.0000000000000000        0.0000000000000000        2.5000000000000004       0.17857142857142863     
  0.23125000000000001        13.999999999999998        0.0000000000000000        0.0000000000000000        2.5000000000000004       0.17857142857142863     
  0.23375000000000001        13.999999999999998        0.0000000000000000        0.0000000000000000        2.5000000000000004       0.17857142857142863     
  0.23625000000000002        13.999999999999998        0.0000000000000000        0.0000000000000000        2.5000000000000004       0.17857142857142863     
  0.23874999999999999        13.999999999999998        0.0000000000000000        0.0000000000000000        2.5000000000000004       0.17857142857142863     
  0.24124999999999999        13.999999999999998        0.0000000000000000        0.0000000000000000        2.5000000000000004       0.17857142857142863     
  0.24374999999999999        13.999999999999998        0.0000000000000000        0.0000000000000000        2.5000000000000004       0.17857142857142863     
  0.24625000000000000        13.999999999999998        0.0000000000000000        0.0000000000000000        2.5000000000000004       0.17857142857142863     
  0.24875000000000000        13.999999999999998        0.0000000000000000        0.0000000000000000        2.5000000000000004       0.17857142857142863     
  0.25125000000000003        13.999999999999998        0.0000000000000000        0.0000000000000000        2.5000000000000004       0.17857142857142863     
  0.25375000000000003        13.999999999999998        0.0000000000000000        0.0000000000000000        2.5000000000000004       0.17857142857142863     
  0.25625000000000003        13.999999999999998        0.0000000000000000        0.0000000000000000        2.5000000000000004       0.17857142857142863     
  0.25875000000000004        13.999999999999998        0.0000000000000000        0.0000000000000000        2.5000000000000004       0.17857142857142863     
  0.26125000000000004        13.999999999999998        0.0000000000000000        0.0000000000000000        2.5000000000000004       0.17857142857142863     
  0.26375000000000004        13.999999999999998        0.0000000000000000        0.0000000000000000        2.5000000000000004       0.17857142857142863     
  0.26625000000000004        13.999999999999998        0.0000000000000000        0.0000000000000000        2.5000000000000004       0.17857142857142863     
  0.26875000000000004        13.999999999999998        0.0000000000000000        0.0000000000000000        2.5000000000000004       0.17857142857142863     
  0.27125000000000005        13.999999999999998        0.0000000000000000        0.0000000000000000        2.5000000000000004       0.17857142857142863     
  0.27375000000000005        13.999999999999998        0.0000000000000000        0.0000000000000000        2.5000000000000004       0.17857142857142863     
  0.27625000000000005        13.999999999999998        0.0000000000000000        0.0000000000000000        2.5000000000000004       0.17857142857142863     
  0.27875000000000005        13.999999999999998        0.0000000000000000        0.0000000000000000        2.5000000000000004       0.17857142857142863     
  0.28125000000000006        13.999999999999998        0.0000000000000000        0.0000000000000000        2.5000000000000004       0.17857142857142863     
  0.28375000000000006        13.999999999999998        0.0000000000000000        0.0000000000000000        2.5000000000000004       0.17857142857142863     
  0.28625000000000006        13.999999999999998        0.0000000000000000        0.0000000000000000        2.5000000000000004       0.17857142857142863     
  0.28875000000000001        13.999999999999998        0.0000000000000000        0.0000000000000000        2.5000000000000004       0.17857142857142863     
  0.29125000000000001        13.999999999999998        0.0000000000000000        0.0000000000000000        2.5000000000000004       0.17857142857142863     
  0.29375000000000001        13.999999999999998        0.0000000000000000        0.0000000000000000        2.5000000000000004       0.17857142857142863     
  0.29625000000000001        13.999999999999998        0.0000000000000000        0.0000000000000000        2.5000000000000004       0.17857142857142863     
  0.29875000000000002        13.999999999999998        0.0000000000000000        0.0000000000000000        2.5000000000000004       0.17857142857142863     
  0.30125000000000002        13.999999999999998        0.0000000000000000        0.0000000000000000        2.5000000000000004       0.17857142857142863     
  0.30375000000000002        13.999999999999998        0.0000000000000000        0.0000000000000000        2.5000000000000004       0.17857142857142863     
  0.30625000000000002        13.999999999999998        0.0000000000000000        0.0000000000000000        2.5000000000000004       0.17857142857142863     
  0.30875000000000002        13.999999999999998        0.0000000000000000        0.0000000000000000        2.5000000000000004       0.17857142857142863     
  0.31125000000000003        13.999999999999998        0.0000000000000000        0.0000000000000000        2.5000000000000004       0.17857142857142863     
  0.31375000000000003        13.999999999999998        0.0000000000000000        0.0000000000000000        2.5000000000000004       0.17857142857142863     
  0.31625000000000003        13.999999999999998        0.0000000000000000        0.0000000000000000        2.5000000000000004       0.17857142857142863     
  0.31875000000000003        13.999999999999998        0.0000000000000000        0.0000000000000000        2.5000000000000004       0.17857142857142863     
  0.32125000000000004        13.999999999999998        0.0000000000000000        0.0000000000000000        2.5000000000000004       0.17857142857142863     
  0.32375000000000004        13.999999999999998        0.0000000000000000        0.0000000000000000        2.5000000000000004       0.17857142857142863     
  0.32625000000000004        13.999999999999998        0.0000000000000000        0.0000000000000000        2.5000000000000004       0.17857142857142863     
  0.32875000000000004        13.999999999999998        0.0000000000000000        0.0000000000000000        2.5000000000000004       0.17857142857142863     
  0.33125000000000004        13.999999999999998        0.0000000000000000        0.0000000000000000        2.5000000000000004       0.17857142857142863     
  0.33375000000000005        13.999999999999998        0.0000000000000000        0.0000000000000000        2.5000000000000004       0.17857142857142863     
  0.33625000000000005        13.999999999999998        0.0000000000000000        0.0000000000000000        2.5000000000000004       0.17857142857142863     
  0.33875000000000005        13.999999999999998        0.0000000000000000        0.0000000000000000        2.5000000000000004       0.17857142857142863     
  0.34125000000000005        13.999999999999998        0.0000000000000000        0.0000000000000000        2.5000000000000004       0.17857142857142863     
  0.34375000000000006        13.999999999999998        0.0000000000000000        0.0000000000000000        2.5000000000000004       0.17857142857142863     
  0.34625000000000006        13.999999999999998        0.0000000000000000        0.0000000000000000        2.5000000000000004       0.17857142857142863     
  0.34875000000000006        13.999999999999998        0.0000000000000000        0.0000000000000000        2.5000000000000004       0.17857142857142863     
  0.35125000000000001        13.999999999999998        0.0000000000000000        0.0000000000000000        2.5000000000000004       0.17857142857142863     
  0.35375000000000001        13.999999999999998        0.0000000000000000        0.0000000000000000        2.5000000000000004       0.17857142857142863     
  0.35625000000000001        13.999999999999998        0.0000000000000000        0.0000000000000000        2.5000000000000004       0.17857142857142863     
  0.35875000000000001        13.999999999999998        0.0000000000000000        0.0000000000000000        2.5000000000000004       0.17857142857142863     
  0.36125000000000002        13.999999999999998       -2.1679053406879261E-018   0.0000000000000000        2.5000000000000004       0.17857142857142863     
  0.36375000000000002        13.999999999999998       -8.5410396284583592E-016   2.8000673719916445E-017   2.5000000000000009       0.17857142857142869     
  0.36625000000000002        14.000000000000627       -2.0635941003333487E-013   9.2586649838471740E-015   2.5000000000001625       0.17857142857143221     
  0.36875000000000002        14.000000000149281       -4.9180983196454197E-011   2.2420485181150867E-012   2.5000000000389182       0.17857142857230437     
  0.37125000000000002        14.000000033579758       -1.1707840654274692E-008   5.5089097679212655E-010   2.5000000092655155       0.17857142880493790     
  0.37375000000000003        14.000006915690300       -2.7857354232463059E-006   1.4076629134427088E-007   2.5000022048253281       0.17857149784856247     
  0.37625000000000003        14.001064376390195       -6.5990761241087282E-004   3.8843627886215040E-005   2.5005259099678159       0.17859541440141727     
  0.37875000000000003        14.071878226068797      -0.11144897102045298        1.1276527682346601E-002   2.6501039726991582       0.18829455991434502     
  0.38125000000000003        15.321765033848656       -4.5661557841036888       0.95879963794204237        19.469853586037811        1.2243665418696894     
  0.38375000000000004        21.251875449404508       -42.909133094590160        13.624447269506851        290.13010765327260        11.408143799204421     
  0.38625000000000004        32.922193055829858       -153.54228837309478        58.042297340552842        1367.6253745537872        29.111546724332015     
  0.38875000000000004        46.021346708118244       -308.96378436476499        128.24148528887042        3185.4069772079006        42.797920316472542     
  0.39125000000000004        56.278984286045258       -447.45462578284071        195.73596875037703        4997.6794075904118        51.147344367533499     
  0.39375000000000004        62.453468597375604       -539.36806140578278        244.19059906075265        6322.8111049835497        56.303454863200827     
  0.39625000000000005        65.201301384481852       -586.27446554378696        272.47479780485753        7100.2734322171182        59.739921942516744     
  0.39875000000000005        65.636357798267511       -600.86253679793367        285.55284212286062        7456.6814597363082        62.240743480127982     
  0.40125000000000005        64.693015220017898       -595.50049997942517        288.82365059473108        7540.1695300628671        64.220876884296189     
  0.40375000000000005        63.003459836510046       -579.03687296157909        286.32607808372143        7463.8025685118055        65.906649442868300     
  0.40625000000000006        60.953366071163899       -557.01424843246798        280.67061956992643        7301.0921137485066        67.425198523826424     
  0.40875000000000006        58.764402637247549       -532.66276206940256        273.42517365989704        7096.1283571175991        68.849323582566740     
  0.41125000000000006        56.558571873412859       -507.77589075710523        265.49164669155334        6874.1108442941713        70.221254156918775     
  0.41375000000000006        54.400147565938425       -483.30632926316133        257.37306835736240        6648.9294585347297        71.565690753360130     
  0.41625000000000001        52.320926058343630       -459.73152756440993        249.34176498234601        6427.9571313671677        72.897162332234544     
  0.41875000000000001        50.334797484631217       -437.26646258624726        241.53919027195508        6214.8962759880560        74.224258526101764     
  0.42125000000000001        48.445989184516975       -415.98432493279768        234.03365996520873        6011.4194321590749        75.552090643082963     
  0.42375000000000002        46.653652686851920       -395.88370909694356        226.85311342596020        5818.0960199838446        76.883730981530576     
  0.42625000000000002        44.954387426276519       -376.92555956510461        220.00351123594686        5634.9096818868438        78.221060126328027     
  0.42875000000000002        43.343615606429537       -359.05327179144592        213.47910825378727        5461.5447597894436        79.565269220984675     
  0.43125000000000002        41.816320092225581       -342.20347070555897        207.26815705447342        5297.5435354939782        80.917162135189329     
  0.43375000000000002        40.367429681094151       -326.31165410264140        201.35604670239582        5142.3914422365833        82.277343438407073     
  0.43625000000000003        38.992009120912449       -311.31501520845040        195.72700165817466        4995.5622736061341        83.646345345220226     
  0.43875000000000003        37.685339940124969       -297.15371241053549        190.36496684443284        4856.5412305827613        85.024729571699339     
  0.44125000000000003        36.442937295742560       -283.77126757153235        185.25402214989424        4724.8356560065768        86.413193097582266     
  0.44375000000000003        35.260523987757963       -271.11443976691351        180.37850488253471        4599.9788133715401        87.812709194297113     
  0.44625000000000004        34.133966558924577       -259.13271545518398        175.72291867696197        4481.5294886186603        89.224748427630146     
  0.44875000000000004        33.059163526677047       -247.77740217287825        171.27163230936497        4369.0685790598736        90.651655505466550     
  0.45125000000000004        32.031855070906005       -237.00013052604550        167.00829158492428        4262.1926657154991        92.097331585542520     
  0.45375000000000004        31.047389450299015       -226.75025241072706        162.91527190231352        4160.5158898765967        93.568675544792612     
  0.45625000000000004        30.103942892099951       -216.99869657522959        158.98433099343728        4063.7631451228081        95.065729142008422     
  0.45875000000000005        29.203721460262315       -207.75277446037870        155.22108934189788        3971.7696824216227        96.573072684220477     
  0.46125000000000005        28.344681280370018       -198.98612438916587        151.61758657956682        3884.2942015227718        98.089793819931089     
  0.46375000000000005        27.524482522454193       -190.67013991716254        148.16432506763857        3801.0825296693374        99.616195886501458     
  0.46625000000000005        26.740901746736320       -182.77768683146468        144.85193841782240        3721.8876228959393        101.15255634400299     
  0.46875000000000006        25.991847767618893       -175.28333099081050        141.67140085543139        3646.4749660814455        102.69916455238260     
  0.47125000000000006        25.275361157514233       -168.16334083492890        138.61409373482792        3574.6240305022970        104.25634054858367     
  0.47375000000000006        24.589607265082904       -161.39560387722858        135.67180957288735        3506.1281359428804        105.82444716948430     
  0.47625000000000006        23.932867507852290       -154.95951621511671        132.83673443257277        3440.7937439993393        107.40389913178765     
  0.47875000000000001        23.303530263330785       -148.83586828160662        130.10142061089837        3378.4395436105360        108.99517084088502     
  0.48125000000000001        22.700082188695429       -143.00673511372545        127.45875728640998        3318.8955164263939        110.59880409998352     
  0.48375000000000001        22.121100119825559       -137.45537402212429        124.90194118083281        3262.0020386253905        112.21541617208405     
  0.48625000000000002        21.565243515961718       -132.16613027140230        122.42444805233217        3207.6090322794530        113.84570835224174     
  0.48875000000000002        21.031247491481398       -127.12435045863884        120.02000566032122        3155.5751799460804        115.49047533262987     
  0.49125000000000002        20.517916412292642       -122.31630299453511        117.68256851074497        3105.7672047226461        117.15061552605593     
  0.49375000000000002        20.024117958815676       -117.72910520874291        115.40629428401411        3058.0592054813974        118.82714231230868     
  0.49625000000000002        19.548777667824801       -113.35065648762949        113.18552225507075        3012.3320505515071        120.52119633665313     
  0.49875000000000003        19.090873928027257       -109.16957695631703        111.01475386997959        2968.4728279091801        122.23405889029705     
  0.50125000000000008        18.649433369780560       -105.17515137904202        108.88863540871698        2926.3743439882837        123.96716627933620     
  0.50375000000000003        18.223526659194931       -101.35727786673291        106.80194298064990        2885.9346729362396        125.72212521072717     
  0.50625000000000009        17.812264706433460       -97.706420990522460        104.74957011363000        2847.0567586233979        127.50072922614766     
  0.50875000000000004        17.414795265153828       -94.213568999744894        102.72651800242764        2809.6480668090403        129.30497613456373     
  0.51124999999999998        17.030299895534476       -90.870194887639713        100.72788842278504        2773.6202838691502        131.13708637608312     
  0.51375000000000004        16.657991274519588       -87.668221033251626        98.748879368976048        2738.8890602800584        132.99952229033354     
  0.51624999999999999        16.297110841609964       -84.599987125047718        96.784783500123069        2705.3737983166479        134.89500832195606     
  0.51875000000000004        15.946926763683003       -81.658221052836510        94.830989444987921        2672.9974835751154        136.82655227831387     
  0.52124999999999999        15.606732188218059       -78.836012439719326        92.882985920757420        2641.6865591523906        138.79746788563853     
  0.52375000000000005        15.275843732540544       -76.126788428938340        90.936368481016160        2611.3708400223991        140.81139911838181     
  0.52625000000000000        14.953600080685659       -73.524290823141953        88.986848261357750        2581.9834583160946        142.87234738973967     
  0.52875000000000005        14.639362984619382       -71.022571590281828        87.030277501333359        2553.4610877196264        144.98468928087829     
  0.53125000000000000        14.332530451808527       -68.616065339589269        85.062749131829136        2525.7450347335780        147.15309835166966     
  0.53375000000000006        14.032510944342137       -66.299361781424778        83.080456368755577        2498.7781031381537        149.38268046025715     
  0.53625000000000000        13.738735036794615       -64.067312786574334        81.079798119922629        2472.5068655656605        151.67898678957320     
  0.53875000000000006        13.450657590577832       -61.915033898105605        79.057413086777728        2446.8819334767099        154.04802591228125     
  0.54125000000000001        13.167757620831598       -59.837883596911198        77.010203023761306        2421.8578816477657        156.49628384794900     
  0.54375000000000007        12.889538951904170       -57.831451847350969        74.935362671732094        2397.3933507312286        159.03074624716558     
  0.54625000000000001        12.615531250216966       -55.891552428014485        72.830413053356281        2373.4512131215470        161.65892116163002     
  0.54875000000000007        12.345291283542764       -54.014217231968118        70.693236752337043        2349.9987608227675        164.38886181351202     
  0.55125000000000002        12.078404344418093       -52.195691937447052        68.522114418742376        2327.0078976808923        167.22918898430913     
  0.55375000000000008        11.814485798597975       -50.432432808298017        66.315761857270303        2304.4553249666233        170.18911267114981     
  0.55625000000000002        11.553182723459775       -48.721104477377452        64.073367021969432        2282.3227106623422        173.27845260437317     
  0.55875000000000008        11.294175599185131       -47.058578578043907        61.794626162928942        2260.5968326859902        176.50765713574728     
  0.56125000000000003        11.037180011186340       -45.441933075133704        59.479778279706352        2239.2696858196086        179.88781991013641     
  0.56375000000000008        10.781948316654441       -43.868452124559752        57.129636944459470        2218.3385416549654        183.43069363389620     
  0.56625000000000003        10.528271221748909       -42.335626265474957        54.745618472789189        2197.8059505701858        187.14870015837525     
  0.56875000000000009        10.275979209292483       -40.841152723134073        52.329765350913398        2177.6796747201151        191.05493601495911     
  0.57125000000000004        10.024943750491765       -39.382935576023925        49.884763784317798        2157.9725413673309        195.16317247813842     
  0.57375000000000009        9.7750782289224318       -37.959085519834929        47.413954226743307        2138.7022067005882        199.48784920424828     
  0.57625000000000004        9.5263385016378415       -36.567918946410344        44.921333790496995        2119.8908216629793        204.04406050418558     
  0.57874999999999999        9.2787230216669769       -35.207956051402753        42.411549539548822        2101.5645932930724        208.84753336544966     
  0.58125000000000004        9.0322724492202919       -33.877917693449533        39.889881833031680        2083.7532376803729        213.91459644692594     
  0.58374999999999999        8.7870686863575429       -32.576720753160039        37.362217121894119        2066.4893238200179        219.26213943087592     
  0.58625000000000005        8.5432332821918173       -31.303471783907362        34.835009903463806        2049.8075113422656        224.90756232941425     
  0.58875000000000000        8.3009251730548197       -30.057458808652953        32.315233898982164        2033.7436891650011        230.86871460297107     
  0.59125000000000005        8.0603377441220676       -28.838141196330781        29.810322922168329        2018.3340264056762        237.16382424856448     
  0.59375000000000000        7.8216952249621547       -27.645137644289065        27.328102330236746        2003.6139511939436        243.81141734662171     
  0.59625000000000006        7.5852484599727754       -26.478212394649233        24.876712364721911        1989.6170771322418        250.83022890611318     
  0.59875000000000000        7.3512701238675273       -25.337259915284669        22.464525066948056        1976.3741008442473        258.23910620923618     
  0.60125000000000006        7.1200494801089906       -24.222288372416148        20.100056760898735        1963.9116971392252        266.05690622275489     
  0.60375000000000001        6.8918868041247521       -23.133402303233808        17.791878306928215        1952.2514406581381        274.30238901463912     
  0.60625000000000007        6.6670876110549839       -22.070784955853071        15.548525422545008        1941.4087843755594        282.99410950581461     
  0.60875000000000001        6.4459568377424503       -21.034680794374868        13.378411330645513        1931.3921260109173        292.15031033144243     
  0.61125000000000007        6.2287931292837690       -20.025378665382878        11.289743832154961        1922.2019933347783        301.78881914696518     
  0.61375000000000002        6.0158833709541728       -19.043196088067283        9.2904486225082294        1913.8303786842202        311.92695449410485     
  0.61625000000000008        5.8074975866239678       -18.088465064754324        7.3881003049231238        1906.2602518903611        322.58144549656157     
  0.61875000000000002        5.6038842954925414       -17.161519714740823        5.5898621330420832        1899.4652793993966        333.76837240517233     
  0.62125000000000008        5.4052663812696711       -16.262685915156951        3.9024350836976582        1893.4097756660731        345.50313765486931     
  0.62375000000000003        5.2118374835972707       -15.392272991109806        2.3320164641072889        1888.0489107991884        357.80048101036101     
  0.62625000000000008        5.0237588728953533       -14.550567336649266       0.88426794443084500        1883.3291956677217        370.67455802169360     
  0.62875000000000003        4.8411567200342285       -13.737827672364794      -0.43570727910972729        1879.1892618377433        384.13910889821852     
  0.63125000000000009        4.6641196253352373       -12.954281461618880       -1.6233785068405451        1875.5609483816588        398.20775555730154     
  0.63375000000000004        4.4926962326693749       -12.200121826540078       -2.6747928945164325        1872.3707004707649        412.89447843557105     
  0.63625000000000009        4.3268927306378826       -11.475504142146693       -3.5865719429184200        1869.5412756904616        428.21434183343632     
  0.63875000000000004        4.1666700424436343       -10.780541360302111       -4.3558983892940315        1866.9937435987647        444.18455676929949     
  0.64124999999999999        4.0119405392383332       -10.115297042375104       -4.9804921359436065        1864.6497531539371        460.82599239827147     
  0.64375000000000004        3.8625641899647252       -9.4797750747643672       -5.4585731925367877        1862.4340329476254        478.16526864200108     
  0.64624999999999999        3.7183441960327226       -8.8739051138049589       -5.7888090515606434        1860.2770832348358        496.23757982497938     
  0.64875000000000005        3.5790223624201145       -8.2975229611410555       -5.9702436152719081        1858.1180201382904        515.09040599275329     
  0.65125000000000000        3.4442747346121672       -7.7503453144344077       -6.0022049217237470        1855.9075459927269        534.78825751064335     
  0.65375000000000005        3.3137083807278125       -7.2319386887546404       -5.8841896513456806        1853.6110519594761        555.41856041154836     
  0.65625000000000000        3.1868606015309089       -6.7416827964032038       -5.6157238781116288        1851.2119177267468        577.09871525593212     
  0.65875000000000006        3.0632022637708896       -6.2787293592568023       -5.1962018257195091        1848.7151675339628        599.98424239412202     
  0.66125000000000000        2.9421472956953236       -5.8419582593819692       -4.6247074136045807        1846.1517815821489        624.27775500131497     
  0.66375000000000006        2.8230705384419137       -5.4299341222282163       -3.8998267906385853        1843.5841558399429        650.23827370503091     
  0.66625000000000001        2.7053359584462298       -5.0408677847515229       -3.0194631294015606        1841.1134574246903        678.19010816661091     
  0.66875000000000007        2.5883365273360508       -4.6725883773731143       -1.9806664261217317        1838.8899391443606        708.53016984915757     
  0.67125000000000001        2.4715457392968476       -4.3225324877995153      -0.77948899162843654        1837.1276527718239        741.73211730862602     
  0.67375000000000007        2.3545787499459654       -3.9877564375623438       0.58913088478789755        1836.1254297334758        778.34511161951673     
  0.67625000000000002        2.2372586773217673       -3.6649753944163077        2.1314720486528231        1836.2964729311698        818.98407627033032     
  0.67875000000000008        2.1196811612776298       -3.3506283723758292        3.8551649875424783        1838.2094232321656        864.30707756580512     
  0.68125000000000002        2.0022685360812895       -3.0409611990676124        5.7694462743803010        1842.6443471951732        914.97362761853583     
  0.68375000000000008        1.8858047428156599       -2.7321111986312880        7.8856796713343771        1850.6678007385883        971.57530293820230     
  0.68625000000000003        1.7714441491919821       -2.4201672486167740        10.218360893048620        1863.7322407921222        1034.5272941982273     
  0.68875000000000008        1.6606905966441250       -2.1011868684284076        12.786883479734673        1883.8053898007272        1103.9071945473436     
  0.69125000000000003        1.5553532894836617       -1.7711276501128177        15.618491930697887        1913.5412984900418        1179.2267913340256     
  0.69375000000000009        1.4574857780096564       -1.4256695254976521        18.752779614983591        1956.5025230011224        1259.1297338070012     
  0.69625000000000004        1.3693263270984672       -1.0599460782960906        22.248303605256012        2017.4537492708505        1341.0261740517410     
  0.69875000000000009        1.2932616161037767      -0.66818493631828324        26.191868653305008        2102.7540479907475        1420.7141942229107     
  0.70125000000000004        1.2318321286363267      -0.24331492992552634        30.711118242555592        2220.8805301866955        1492.1052394592557     
  0.70374999999999999        1.1877596187748638       0.22217920547998618        35.989865950433618        2383.0224293465953        1547.2354808439582     
  0.70625000000000004        1.1643213287100065       0.73747065359743014        42.271056002830960        2603.5490392470360        1576.8700416150584     
  0.70874999999999999        1.1649330571527834        1.3144952350481089        49.876947545136680        2900.2612815970097        1572.4265315673840     
  0.71125000000000005        1.1934652390478411        1.9664948184669215        59.249066510976576        3296.1310962003154        1528.1666851495193     
  0.71375000000000000        1.2539624473411870        2.6990308101589573        70.869041909248295        3815.7497302671295        1443.6036870391379     
  0.71625000000000005        1.3509563107651517        3.5136255621796564        85.325314898720706        4488.2827442871321        1324.3762041346129     
  0.71875000000000000        1.4889538463504677        4.4031426491666057        103.23974765495805        5343.9799918610252        1180.8941818392830     
  0.72125000000000006        1.6713074423114780        5.3396527640991103        125.13032218605665        6407.6173829569298        1026.0538291046389     
  0.72375000000000000        1.8980043926024341        6.2619901167863423        151.17987955463778        7687.0296009245685        872.39442073444604     
  0.72625000000000006        2.1622131089448460        7.0621177166518461        180.87905054857944        9155.2941600641934        729.84471059727616     
  0.72875000000000001        2.4460174803434640        7.5763873818321512        212.58443729643304        10728.629039597903        604.65334150816341     
  0.73125000000000007        2.7171363506035728        7.5950533942076648        243.16993370247860        12248.976796423511        499.46827854416915     
  0.73375000000000001        2.9304649290723286        6.9129693960029304        268.15337866651572        13490.549125992806        414.15052399341488     
  0.73625000000000007        3.0395731990757509        5.4453031252484383        282.81278840250388        14216.172937997922        346.87023873682978     
  0.73875000000000002        3.0198368934023931        3.3877362383629377        284.47329025182739        14292.240839807779        295.19123827538334     
  0.74125000000000008        2.8922787017688454        1.2844217889268632        274.91373597123078        13808.906410376814        256.96700266219335     
  0.74375000000000002        2.7227753956426595      -0.19089856565012012        260.40356648144422        13080.600676659789        230.72899338120831     
  0.74625000000000008        2.5835940020847108      -0.67198796004312511        248.02145026798286        12460.790919844767        215.14427630638772     
  0.74875000000000003        2.5119382363765039      -0.32533961246643106        241.55635771507409        12137.601541723185        208.26468225887140     
  0.75125000000000008        2.5119382363765195       0.32533961246695919        241.55635771507593        12137.601541723279        208.26468225886578     
  0.75375000000000003        2.5835940020847410       0.67198796004327255        248.02145026798587        12460.790919844923        215.14427630638806     
  0.75625000000000009        2.7227753956426732       0.19089856565015165        260.40356648144569        13080.600676659868        230.72899338120646     
  0.75875000000000004        2.8922787017688476       -1.2844217889267604        274.91373597123129        13808.906410376849        256.96700266219125     
  0.76125000000000009        3.0198368934023936       -3.3877362383628937        284.47329025182779        14292.240839807793        295.19123827537726     
  0.76375000000000004        3.0395731990757522       -5.4453031252484934        282.81278840250434        14216.172937997950        346.87023873682608     
  0.76625000000000010        2.9304649290723344       -6.9129693960030112        268.15337866651646        13490.549125992840        414.15052399341153     
  0.76875000000000004        2.7171363506035755       -7.5950533942077438        243.16993370247872        12248.976796423522        499.46827854417273     
  0.77124999999999999        2.4460174803434636       -7.5763873818322836        212.58443729643307        10728.629039597898        604.65334150815977     
  0.77375000000000005        2.1622131089448446       -7.0621177166519491        180.87905054857924        9155.2941600641807        729.84471059727616     
  0.77625000000000000        1.8980043926024326       -6.2619901167864196        151.17987955463758        7687.0296009245576        872.39442073444684     
  0.77875000000000005        1.6713074423114782       -5.3396527640991529        125.13032218605659        6407.6173829569252        1026.0538291046394     
  0.78125000000000000        1.4889538463504677       -4.4031426491666270        103.23974765495802        5343.9799918610224        1180.8941818392823     
  0.78375000000000006        1.3509563107651519       -3.5136255621796577        85.325314898720706        4488.2827442871321        1324.3762041346129     
  0.78625000000000000        1.2539624473411870       -2.6990308101589582        70.869041909248295        3815.7497302671295        1443.6036870391374     
  0.78875000000000006        1.1934652390478413       -1.9664948184669213        59.249066510976604        3296.1310962003149        1528.1666851495172     
  0.79125000000000001        1.1649330571527841       -1.3144952350481129        49.876947545136709        2900.2612815970097        1572.4265315673829     
  0.79375000000000007        1.1643213287100074      -0.73747065359744246        42.271056002830974        2603.5490392470356        1576.8700416150571     
  0.79625000000000001        1.1877596187748645      -0.22217920547998965        35.989865950433604        2383.0224293465963        1547.2354808439584     
  0.79875000000000007        1.2318321286363267       0.24331492992552800        30.711118242555585        2220.8805301866955        1492.1052394592557     
  0.80125000000000002        1.2932616161037762       0.66818493631827769        26.191868653305004        2102.7540479907461        1420.7141942229100     
  0.80375000000000008        1.3693263270984677        1.0599460782960808        22.248303605256012        2017.4537492708498        1341.0261740517401     
  0.80625000000000002        1.4574857780096566        1.4256695254976337        18.752779614983595        1956.5025230011202        1259.1297338069996     
  0.80875000000000008        1.5553532894836619        1.7711276501127857        15.618491930697894        1913.5412984900397        1179.2267913340240     
  0.81125000000000003        1.6606905966441246        2.1011868684283721        12.786883479734676        1883.8053898007245        1103.9071945473424     
  0.81375000000000008        1.7714441491919817        2.4201672486167336        10.218360893048624        1863.7322407921195        1034.5272941982259     
  0.81625000000000003        1.8858047428156595        2.7321111986312476        7.8856796713343851        1850.6678007385858        971.57530293820105     
  0.81875000000000009        2.0022685360812904        3.0409611990675782        5.7694462743803108        1842.6443471951711        914.97362761853447     
  0.82125000000000004        2.1196811612776303        3.3506283723758084        3.8551649875424960        1838.2094232321649        864.30707756580478     
  0.82375000000000009        2.2372586773217682        3.6649753944162970        2.1314720486528405        1836.2964729311691        818.98407627032964     
  0.82625000000000004        2.3545787499459676        3.9877564375623442       0.58913088478791620        1836.1254297334756        778.34511161951582     
  0.82875000000000010        2.4715457392968494        4.3225324877995215      -0.77948899162841834        1837.1276527718239        741.73211730862556     
  0.83125000000000004        2.5883365273360526        4.6725883773731232       -1.9806664261217153        1838.8899391443617        708.53016984915757     
  0.83374999999999999        2.7053359584462324        5.0408677847515362       -3.0194631294015473        1841.1134574246908        678.19010816661057     
  0.83625000000000005        2.8230705384419164        5.4299341222282429       -3.8998267906385733        1843.5841558399443        650.23827370503079     
  0.83875000000000000        2.9421472956953267        5.8419582593819968       -4.6247074136045692        1846.1517815821496        624.27775500131463     
  0.84125000000000005        3.0632022637708927        6.2787293592568361       -5.1962018257194931        1848.7151675339642        599.98424239412179     
  0.84375000000000000        3.1868606015309133        6.7416827964032402       -5.6157238781116128        1851.2119177267477        577.09871525593167     
  0.84625000000000006        3.3137083807278165        7.2319386887546822       -5.8841896513456637        1853.6110519594774        555.41856041154813     
  0.84875000000000000        3.4442747346121729        7.7503453144344512       -6.0022049217237283        1855.9075459927283        534.78825751064289     
  0.85125000000000006        3.5790223624201198        8.2975229611411017       -5.9702436152718867        1858.1180201382920        515.09040599275306     
  0.85375000000000001        3.7183441960327270        8.8739051138050087       -5.7888090515606239        1860.2770832348369        496.23757982497904     
  0.85625000000000007        3.8625641899647292        9.4797750747644169       -5.4585731925367664        1862.4340329476267        478.16526864200091     
  0.85875000000000001        4.0119405392383376        10.115297042375154       -4.9804921359435808        1864.6497531539387        460.82599239827135     
  0.86125000000000007        4.1666700424436414        10.780541360302170       -4.3558983892939995        1866.9937435987661        444.18455676929904     
  0.86375000000000002        4.3268927306378870        11.475504142146754       -3.5865719429183853        1869.5412756904634        428.21434183343627     
  0.86625000000000008        4.4926962326693847        12.200121826540148       -2.6747928945163917        1872.3707004707667        412.89447843557048     
  0.86875000000000002        4.6641196253352470        12.954281461618951       -1.6233785068404989        1875.5609483816606        398.20775555730103     
  0.87125000000000008        4.8411567200342356        13.737827672364872      -0.43570727910967999        1879.1892618377449        384.13910889821824     
  0.87375000000000003        5.0237588728953630        14.550567336649349       0.88426794443089740        1883.3291956677238        370.67455802169320     
  0.87625000000000008        5.2118374835972805        15.392272991109905        2.3320164641073475        1888.0489107991909        357.80048101036067     
  0.87875000000000003        5.4052663812696871        16.262685915157057        3.9024350836977222        1893.4097756660756        345.50313765486874     
  0.88125000000000009        5.6038842954925547        17.161519714740933        5.5898621330421587        1899.4652793993992        333.76837240517193     
  0.88375000000000004        5.8074975866239820        18.088465064754441        7.3881003049232055        1906.2602518903623        322.58144549656089     
  0.88625000000000009        6.0158833709541852        19.043196088067390        9.2904486225083112        1913.8303786842225        311.92695449410456     
  0.88875000000000004        6.2287931292837788        20.025378665382988        11.289743832155043        1922.2019933347801        301.78881914696495     
  0.89125000000000010        6.4459568377424619        21.034680794374971        13.378411330645603        1931.3921260109194        292.15031033144220     
  0.89375000000000004        6.6670876110549946        22.070784955853178        15.548525422545096        1941.4087843755615        282.99410950581438     
  0.89624999999999999        6.8918868041247636        23.133402303233908        17.791878306928304        1952.2514406581402        274.30238901463895     
  0.89875000000000005        7.1200494801090040        24.222288372416223        20.100056760898816        1963.9116971392273        266.05690622275466     
  0.90125000000000000        7.3512701238675362        25.337259915284733        22.464525066948141        1976.3741008442485        258.23910620923596     
  0.90375000000000005        7.5852484599727861        26.478212394649269        24.876712364721985        1989.6170771322422        250.83022890611284     
  0.90625000000000000        7.8216952249621663        27.645137644289072        27.328102330236817        2003.6139511939450        243.81141734662151     
  0.90875000000000006        8.0603377441220765        28.838141196330781        29.810322922168353        2018.3340264056751        237.16382424856405     
  0.91125000000000000        8.3009251730548197        30.057458808652925        32.315233898982179        2033.7436891649995        230.86871460297087     
  0.91375000000000006        8.5432332821918173        31.303471783907320        34.835009903463835        2049.8075113422651        224.90756232941419     
  0.91625000000000001        8.7870686863575465        32.576720753159968        37.362217121894140        2066.4893238200175        219.26213943087581     
  0.91875000000000007        9.0322724492202884        33.877917693449476        39.889881833031694        2083.7532376803720        213.91459644692594     
  0.92125000000000001        9.2787230216669752        35.207956051402689        42.411549539548844        2101.5645932930715        208.84753336544964     
  0.92375000000000007        9.5263385016378344        36.567918946410288        44.921333790497002        2119.8908216629770        204.04406050418547     
  0.92625000000000002        9.7750782289224265        37.959085519834858        47.413954226743314        2138.7022067005855        199.48784920424811     
  0.92875000000000008        10.024943750491760        39.382935576023861        49.884763784317812        2157.9725413673295        195.16317247813845     
  0.93125000000000002        10.275979209292476        40.841152723133973        52.329765350913412        2177.6796747201133        191.05493601495908     
  0.93375000000000008        10.528271221748906        42.335626265474879        54.745618472789161        2197.8059505701849        187.14870015837528     
  0.93625000000000003        10.781948316654434        43.868452124559688        57.129636944459435        2218.3385416549636        183.43069363389617     
  0.93875000000000008        11.037180011186338        45.441933075133683        59.479778279706316        2239.2696858196077        179.88781991013639     
  0.94125000000000003        11.294175599185129        47.058578578043914        61.794626162928949        2260.5968326859875        176.50765713574705     
  0.94375000000000009        11.553182723459772        48.721104477377452        64.073367021969418        2282.3227106623408        173.27845260437309     
  0.94625000000000004        11.814485798597975        50.432432808298032        66.315761857270275        2304.4553249666214        170.18911267114967     
  0.94875000000000009        12.078404344418090        52.195691937447073        68.522114418742348        2327.0078976808909        167.22918898430905     
  0.95125000000000004        12.345291283542760        54.014217231968118        70.693236752337043        2349.9987608227657        164.38886181351191     
  0.95375000000000010        12.615531250216961        55.891552428014492        72.830413053356239        2373.4512131215461        161.65892116162999     
  0.95625000000000004        12.889538951904163        57.831451847351005        74.935362671732008        2397.3933507312277        159.03074624716558     
  0.95874999999999999        13.167757620831587        59.837883596911219        77.010203023761221        2421.8578816477648        156.49628384794906     
  0.96125000000000005        13.450657590577832        61.915033898105676        79.057413086777643        2446.8819334767109        154.04802591228133     
  0.96375000000000000        13.738735036794619        64.067312786574405        81.079798119922543        2472.5068655656623        151.67898678957332     
  0.96625000000000005        14.032510944342150        66.299361781424892        83.080456368755506        2498.7781031381542        149.38268046025706     
  0.96875000000000000        14.332530451808543        68.616065339589312        85.062749131829108        2525.7450347335798        147.15309835166963     
  0.97125000000000006        14.639362984619389        71.022571590281871        87.030277501333330        2553.4610877196301        144.98468928087848     
  0.97375000000000000        14.953600080685664        73.524290823142053        88.986848261357807        2581.9834583160964        142.87234738973970     
  0.97625000000000006        15.275843732540551        76.126788428938411        90.936368481016231        2611.3708400224009        140.81139911838181     
  0.97875000000000001        15.606732188218061        78.836012439719340        92.882985920757392        2641.6865591523915        138.79746788563858     
  0.98125000000000007        15.946926763683010        81.658221052836524        94.830989444987921        2672.9974835751163        136.82655227831384     
  0.98375000000000001        16.297110841609971        84.599987125047747        96.784783500123027        2705.3737983166498        134.89500832195614     
  0.98625000000000007        16.657991274519610        87.668221033251712        98.748879368975992        2738.8890602800598        132.99952229033349     
  0.98875000000000002        17.030299895534498        90.870194887639784        100.72788842278504        2773.6202838691493        131.13708637608292     
  0.99125000000000008        17.414795265153835        94.213568999744950        102.72651800242764        2809.6480668090403        129.30497613456365     
  0.99375000000000002        17.812264706433467        97.706420990522531        104.74957011363006        2847.0567586233983        127.50072922614761     
  0.99625000000000008        18.223526659194942        101.35727786673294        106.80194298064990        2885.9346729362424        125.72212521072728     
  0.99875000000000003        18.649433369780564        105.17515137904209        108.88863540871697        2926.3743439882846        123.96716627933621     
   1.0012500000000000        19.090873928027257        109.16957695631712        111.01475386997959        2968.4728279091782        122.23405889029691     
   1.0037500000000001        19.548777667824808        113.35065648762958        113.18552225507078        3012.3320505515076        120.52119633665311     
   1.0062500000000001        20.024117958815690        117.72910520874302        115.40629428401408        3058.0592054813960        118.82714231230854     
   1.0087500000000000        20.517916412292635        122.31630299453511        117.68256851074500        3105.7672047226433        117.15061552605580     
   1.0112500000000000        21.031247491481377        127.12435045863882        120.02000566032113        3155.5751799460763        115.49047533262981     
   1.0137500000000002        21.565243515961704        132.16613027140218        122.42444805233214        3207.6090322794498        113.84570835224169     
   1.0162500000000001        22.121100119825549        137.45537402212423        124.90194118083285        3262.0020386253882        112.21541617208396     
   1.0187500000000000        22.700082188695429        143.00673511372534        127.45875728640996        3318.8955164263934        110.59880409998355     
   1.0212500000000000        23.303530263330767        148.83586828160662        130.10142061089820        3378.4395436105333        108.99517084088500     
   1.0237499999999999        23.932867507852286        154.95951621511671        132.83673443257265        3440.7937439993361        107.40389913178755     
   1.0262500000000001        24.589607265082897        161.39560387722867        135.67180957288730        3506.1281359428799        105.82444716948427     
   1.0287500000000001        25.275361157514254        168.16334083492899        138.61409373482795        3574.6240305022975        104.25634054858359     
   1.0312500000000000        25.991847767618900        175.28333099081055        141.67140085543133        3646.4749660814441        102.69916455238251     
   1.0337499999999999        26.740901746736348        182.77768683146473        144.85193841782234        3721.8876228959416        101.15255634400300     
   1.0362500000000001        27.524482522454221        190.67013991716254        148.16432506763854        3801.0825296693401        99.616195886501515     
   1.0387500000000001        28.344681280370047        198.98612438916604        151.61758657956682        3884.2942015227741        98.089793819931089     
   1.0412500000000000        29.203721460262297        207.75277446037882        155.22108934189782        3971.7696824216205        96.573072684220421     
   1.0437500000000000        30.103942892099987        216.99869657522981        158.98433099343734        4063.7631451228094        95.065729142008351     
   1.0462500000000001        31.047389450299072        226.75025241072714        162.91527190231358        4160.5158898766003        93.568675544792583     
   1.0487500000000001        32.031855070906069        237.00013052604564        167.00829158492445        4262.1926657155018        92.097331585542435     
   1.0512500000000000        33.059163526677047        247.77740217287834        171.27163230936503        4369.0685790598764        90.651655505466607     
   1.0537500000000000        34.133966558924634        259.13271545518421        175.72291867696208        4481.5294886186657        89.224748427630146     
   1.0562500000000001        35.260523987757978        271.11443976691362        180.37850488253474        4599.9788133715419        87.812709194297113     
   1.0587500000000001        36.442937295742546        283.77126757153235        185.25402214989441        4724.8356560065804        86.413193097582379     
   1.0612500000000000        37.685339940124962        297.15371241053560        190.36496684443296        4856.5412305827640        85.024729571699382     
   1.0637500000000000        38.992009120912464        311.31501520845052        195.72700165817480        4995.5622736061341        83.646345345220141     
   1.0662500000000001        40.367429681094166        326.31165410264163        201.35604670239587        5142.3914422365870        82.277343438407101     
   1.0687500000000001        41.816320092225631        342.20347070555920        207.26815705447348        5297.5435354939837        80.917162135189372     
   1.0712500000000000        43.343615606429580        359.05327179144615        213.47910825378733        5461.5447597894454        79.565269220984646     
   1.0737500000000000        44.954387426276561        376.92555956510461        220.00351123594689        5634.9096818868447        78.221060126328013     
   1.0762500000000002        46.653652686851963        395.88370909694379        226.85311342596020        5818.0960199838446        76.883730981530505     
   1.0787500000000001        48.445989184517003        415.98432493279773        234.03365996520881        6011.4194321590749        75.552090643082920     
   1.0812500000000000        50.334797484631245        437.26646258624697        241.53919027195514        6214.8962759880569        74.224258526101821     
   1.0837500000000000        52.320926058343609        459.73152756440959        249.34176498234592        6427.9571313671640        72.897162332234558     
   1.0862500000000002        54.400147565938418        483.30632926316105        257.37306835736240        6648.9294585347307        71.565690753360215     
   1.0887500000000001        56.558571873412859        507.77589075710489        265.49164669155357        6874.1108442941731        70.221254156918832     
   1.0912500000000001        58.764402637247578        532.66276206940211        273.42517365989744        7096.1283571176027        68.849323582566839     
   1.0937500000000000        60.953366071163899        557.01424843246787        280.67061956992660        7301.0921137485057        67.425198523826424     
   1.0962499999999999        63.003459836510046        579.03687296157909        286.32607808372171        7463.8025685118082        65.906649442868343     
   1.0987500000000001        64.693015220017898        595.50049997942494        288.82365059473142        7540.1695300628653        64.220876884296160     
   1.1012500000000001        65.636357798267468        600.86253679793356        285.55284212286097        7456.6814597363018        62.240743480127882     
   1.1037500000000000        65.201301384481809        586.27446554378639        272.47479780485793        7100.2734322171109        59.739921942516709     
   1.1062500000000000        62.453468597375576        539.36806140578176        244.19059906075267        6322.8111049835388        56.303454863200798     
   1.1087500000000001        56.278984286045201        447.45462578283889        195.73596875037674        4997.6794075903963        51.147344367533506     
   1.1112500000000001        46.021346708118095        308.96378436476283        128.24148528886974        3185.4069772078747        42.797920316472386     
   1.1137500000000000        32.922193055829702        153.54228837309282        58.042297340552210        1367.6253745537665        29.111546724331777     
   1.1162500000000000        21.251875449404402        42.909133094589201        13.624447269506549        290.13010765326464        11.408143799204195     
   1.1187500000000001        15.321765033848619        4.5661557841035112       0.95879963794200274        19.469853586036976        1.2243665418696414     
   1.1212500000000001        14.071878226068792       0.11144897102044610        1.1276527682345841E-002   2.6501039726991462       0.18829455991434429     
   1.1237500000000000        14.001064376390195        6.5990761241081514E-004   3.8843627886211442E-005   2.5005259099678159       0.17859541440141727     
   1.1262500000000000        14.000006915690300        2.7857354232533655E-006   1.4076629134427088E-007   2.5000022048253281       0.17857149784856247     
   1.1287500000000001        14.000000033579758        1.1707840648761176E-008   5.5089097679212655E-010   2.5000000092655155       0.17857142880493790     
   1.1312500000000001        14.000000000149281        4.9180981994208944E-011   2.2420485181150867E-012   2.5000000000389182       0.17857142857230437     
   1.1337500000000000        14.000000000000627        2.0636336136106967E-013   9.2586649838471740E-015   2.5000000000001625       0.17857142857143221     
   1.1362500000000000        13.999999999999998        8.5346667888918410E-016   2.8000673719916445E-017   2.5000000000000009       0.17857142857142869     
   1.1387500000000002        13.999999999999998        2.1679053406879261E-018   0.0000000000000000        2.5000000000000004       0.17857142857142863     
   1.1412500000000001        13.999999999999998        0.0000000000000000        0.0000000000000000        2.5000000000000004       0.17857142857142863     
   1.1437500000000000        13.999999999999998        0.0000000000000000        0.0000000000000000        2.5000000000000004       0.17857142857142863     
   1.1462500000000000        13.999999999999998        0.0000000000000000        0.0000000000000000        2.5000000000000004       0.17857142857142863     
   1.1487500000000002        13.999999999999998        0.0000000000000000        0.0000000000000000        2.5000000000000004       0.17857142857142863     
   1.1512500000000001        13.999999999999998        0.0000000000000000        0.0000000000000000        2.5000000000000004       0.17857142857142863     
   1.1537500000000001        13.999999999999998        0.0000000000000000        0.0000000000000000        2.5000000000000004       0.17857142857142863     
   1.1562500000000000        13.999999999999998        0.0000000000000000        0.0000000000000000        2.5000000000000004       0.17857142857142863     
   1.1587499999999999        13.999999999999998        0.0000000000000000        0.0000000000000000        2.5000000000000004       0.17857142857142863     
   1.1612500000000001        13.999999999999998        0.0000000000000000        0.0000000000000000        2.5000000000000004       0.17857142857142863     
   1.1637500000000001        13.999999999999998        0.0000000000000000        0.0000000000000000        2.5000000000000004       0.17857142857142863     
   1.1662500000000000        13.999999999999998        0.0000000000000000        0.0000000000000000        2.5000000000000004       0.17857142857142863     
   1.1687500000000000        13.999999999999998        0.0000000000000000        0.0000000000000000        2.5000000000000004       0.17857142857142863     
   1.1712500000000001        13.999999999999998        0.0000000000000000        0.0000000000000000        2.5000000000000004       0.17857142857142863     
   1.1737500000000001        13.999999999999998        0.0000000000000000        0.0000000000000000        2.5000000000000004       0.17857142857142863     
   1.1762500000000000        13.999999999999998        0.0000000000000000        0.0000000000000000        2.5000000000000004       0.17857142857142863     
   1.1787500000000000        13.999999999999998        0.0000000000000000        0.0000000000000000        2.5000000000000004       0.17857142857142863     
   1.1812500000000001        13.999999999999998        0.0000000000000000        0.0000000000000000        2.5000000000000004       0.17857142857142863     
   1.1837500000000001        13.999999999999998        0.0000000000000000        0.0000000000000000        2.5000000000000004       0.17857142857142863     
   1.1862500000000000        13.999999999999998        0.0000000000000000        0.0000000000000000        2.5000000000000004       0.17857142857142863     
   1.1887500000000000        13.999999999999998        0.0000000000000000        0.0000000000000000        2.5000000000000004       0.17857142857142863     
   1.1912500000000001        13.999999999999998        0.0000000000000000        0.0000000000000000        2.5000000000000004       0.17857142857142863     
   1.1937500000000001        13.999999999999998        0.0000000000000000        0.0000000000000000        2.5000000000000004       0.17857142857142863     
   1.1962500000000000        13.999999999999998        0.0000000000000000        0.0000000000000000        2.5000000000000004       0.17857142857142863     
   1.1987500000000000        13.999999999999998        0.0000000000000000        0.0000000000000000        2.5000000000000004       0.17857142857142863     
   1.2012500000000002        13.999999999999998        0.0000000000000000        0.0000000000000000        2.5000000000000004       0.17857142857142863     
   1.2037500000000001        13.999999999999998        0.0000000000000000        0.0000000000000000        2.5000000000000004       0.17857142857142863     
   1.2062500000000000        13.999999999999998        0.0000000000000000        0.0000000000000000        2.5000000000000004       0.17857142857142863     
   1.2087500000000000        13.999999999999998        0.0000000000000000        0.0000000000000000        2.5000000000000004       0.17857142857142863     
   1.2112500000000002        13.999999999999998        0.0000000000000000        0.0000000000000000        2.5000000000000004       0.17857142857142863     
   1.2137500000000001        13.999999999999998        0.0000000000000000        0.0000000000000000        2.5000000000000004       0.17857142857142863     
   1.2162500000000001        13.999999999999998        0.0000000000000000        0.0000000000000000        2.5000000000000004       0.17857142857142863     
   1.2187500000000000        13.999999999999998        0.0000000000000000        0.0000000000000000        2.5000000000000004       0.17857142857142863     
   1.2212499999999999        13.999999999999998        0.0000000000000000        0.0000000000000000        2.5000000000000004       0.17857142857142863     
   1.2237500000000001        13.999999999999998        0.0000000000000000        0.0000000000000000        2.5000000000000004       0.17857142857142863     
   1.2262500000000001        13.999999999999998        0.0000000000000000        0.0000000000000000        2.5000000000000004       0.17857142857142863     
   1.2287500000000000        13.999999999999998        0.0000000000000000        0.0000000000000000        2.5000000000000004       0.17857142857142863     
   1.2312500000000000        13.999999999999998        0.0000000000000000        0.0000000000000000        2.5000000000000004       0.17857142857142863     
   1.2337500000000001        13.999999999999998        0.0000000000000000        0.0000000000000000        2.5000000000000004       0.17857142857142863     
   1.2362500000000001        13.999999999999998        0.0000000000000000        0.0000000000000000        2.5000000000000004       0.17857142857142863     
   1.2387500000000000        13.999999999999998        0.0000000000000000        0.0000000000000000        2.5000000000000004       0.17857142857142863     
   1.2412500000000000        13.999999999999998        0.0000000000000000        0.0000000000000000        2.5000000000000004       0.17857142857142863     
   1.2437500000000001        13.999999999999998        0.0000000000000000        0.0000000000000000        2.5000000000000004       0.17857142857142863     
   1.2462500000000001        13.999999999999998        0.0000000000000000        0.0000000000000000        2.5000000000000004       0.17857142857142863     
   1.2487500000000000        13.999999999999998        0.0000000000000000        0.0000000000000000        2.5000000000000004       0.17857142857142863     
   1.2512500000000000        13.999999999999998        0.0000000000000000        0.0000000000000000        2.5000000000000004       0.17857142857142863     
   1.2537500000000001        13.999999999999998        0.0000000000000000        0.0000000000000000        2.5000000000000004       0.17857142857142863     
   1.2562500000000001        13.999999999999998        0.0000000000000000        0.0000000000000000        2.5000000000000004       0.17857142857142863     
   1.2587500000000000        13.999999999999998        0.0000000000000000        0.0000000000000000        2.5000000000000004       0.17857142857142863     
   1.2612500000000000        13.999999999999998        0.0000000000000000        0.0000000000000000        2.5000000000000004       0.17857142857142863     
   1.2637500000000002        13.999999999999998        0.0000000000000000        0.0000000000000000        2.5000000000000004       0.17857142857142863     
   1.2662500000000001        13.999999999999998        0.0000000000000000        0.0000000000000000        2.5000000000000004       0.17857142857142863     
   1.2687500000000000        13.999999999999998        0.0000000000000000        0.0000000000000000        2.5000000000000004       0.17857142857142863     
   1.2712500000000000        13.999999999999998        0.0000000000000000        0.0000000000000000        2.5000000000000004       0.17857142857142863     
   1.2737500000000002        13.999999999999998        0.0000000000000000        0.0000000000000000        2.5000000000000004       0.17857142857142863     
   1.2762500000000001        13.999999999999998        0.0000000000000000        0.0000000000000000        2.5000000000000004       0.17857142857142863     
   1.2787500000000001        13.999999999999998        0.0000000000000000        0.0000000000000000        2.5000000000000004       0.17857142857142863     
   1.2812500000000000        13.999999999999998        0.0000000000000000        0.0000000000000000        2.5000000000000004       0.17857142857142863     
   1.2837499999999999        13.999999999999998        0.0000000000000000        0.0000000000000000        2.5000000000000004       0.17857142857142863     
   1.2862500000000001        13.999999999999998        0.0000000000000000        0.0000000000000000        2.5000000000000004       0.17857142857142863     
   1.2887500000000001        13.999999999999998        0.0000000000000000        0.0000000000000000        2.5000000000000004       0.17857142857142863     
   1.2912500000000000        13.999999999999998        0.0000000000000000        0.0000000000000000        2.5000000000000004       0.17857142857142863     
   1.2937500000000000        13.999999999999998        0.0000000000000000        0.0000000000000000        2.5000000000000004       0.17857142857142863     
   1.2962500000000001        13.999999999999998        0.0000000000000000        0.0000000000000000        2.5000000000000004       0.17857142857142863     
   1.2987500000000001        13.999999999999998        0.0000000000000000        0.0000000000000000        2.5000000000000004       0.17857142857142863     
   1.3012500000000000        13.999999999999998        0.0000000000000000        0.0000000000000000        2.5000000000000004       0.17857142857142863     
   1.3037500000000000        13.999999999999998        0.0000000000000000        0.0000000000000000        2.5000000000000004       0.17857142857142863     
   1.3062500000000001        13.999999999999998        0.0000000000000000        0.0000000000000000        2.5000000000000004       0.17857142857142863     
   1.3087500000000001        13.999999999999998        0.0000000000000000        0.0000000000000000        2.5000000000000004       0.17857142857142863     
   1.3112500000000000        13.999999999999998        0.0000000000000000        0.0000000000000000        2.5000000000000004       0.17857142857142863     
   1.3137500000000000        13.999999999999998        0.0000000000000000        0.0000000000000000        2.5000000000000004       0.17857142857142863     
   1.3162500000000001        13.999999999999998        0.0000000000000000        0.0000000000000000        2.5000000000000004       0.17857142857142863     
   1.3187500000000001        13.999999999999998        0.0000000000000000        0.0000000000000000        2.5000000000000004       0.17857142857142863     
   1.3212500000000000        13.999999999999998        0.0000000000000000        0.0000000000000000        2.5000000000000004       0.17857142857142863     
   1.3237500000000000        13.999999999999998        0.0000000000000000        0.0000000000000000        2.5000000000000004       0.17857142857142863     
   1.3262500000000002        13.999999999999998        0.0000000000000000        0.0000000000000000        2.5000000000000004       0.17857142857142863     
   1.3287500000000001        13.999999999999998        0.0000000000000000        0.0000000000000000        2.5000000000000004       0.17857142857142863     
   1.3312500000000000        13.999999999999998        0.0000000000000000        0.0000000000000000        2.5000000000000004       0.17857142857142863     
   1.3337500000000000        13.999999999999998        0.0000000000000000        0.0000000000000000        2.5000000000000004       0.17857142857142863     
   1.3362500000000002        13.999999999999998        0.0000000000000000        0.0000000000000000        2.5000000000000004       0.17857142857142863     
   1.3387500000000001        13.999999999999998        0.0000000000000000        0.0000000000000000        2.5000000000000004       0.17857142857142863     
   1.3412500000000001        13.999999999999998        0.0000000000000000        0.0000000000000000        2.5000000000000004       0.17857142857142863     
   1.3437500000000000        13.999999999999998        0.0000000000000000        0.0000000000000000        2.5000000000000004       0.17857142857142863     
   1.3462499999999999        13.999999999999998        0.0000000000000000        0.0000000000000000        2.5000000000000004       0.17857142857142863     
   1.3487500000000001        13.999999999999998        0.0000000000000000        0.0000000000000000        2.5000000000000004       0.17857142857142863     
   1.3512500000000001        13.999999999999998        0.0000000000000000        0.0000000000000000        2.5000000000000004       0.17857142857142863     
   1.3537500000000000        13.999999999999998        0.0000000000000000        0.0000000000000000        2.5000000000000004       0.17857142857142863     
   1.3562500000000000        13.999999999999998        0.0000000000000000        0.0000000000000000        2.5000000000000004       0.17857142857142863     
   1.3587500000000001        13.999999999999998        0.0000000000000000        0.0000000000000000        2.5000000000000004       0.17857142857142863     
   1.3612500000000001        13.999999999999998        0.0000000000000000        0.0000000000000000        2.5000000000000004       0.17857142857142863     
   1.3637500000000000        13.999999999999998        0.0000000000000000        0.0000000000000000        2.5000000000000004       0.17857142857142863     
   1.3662500000000000        13.999999999999998        0.0000000000000000        0.0000000000000000        2.5000000000000004       0.17857142857142863     
   1.3687500000000001        13.999999999999998        0.0000000000000000        0.0000000000000000        2.5000000000000004       0.17857142857142863     
   1.3712500000000001        13.999999999999998        0.0000000000000000        0.0000000000000000        2.5000000000000004       0.17857142857142863     
   1.3737500000000000        13.999999999999998        0.0000000000000000        0.0000000000000000        2.5000000000000004       0.17857142857142863     
   1.3762500000000000        13.999999999999998        0.0000000000000000        0.0000000000000000        2.5000000000000004       0.17857142857142863     
   1.3787500000000001        13.999999999999998        0.0000000000000000        0.0000000000000000        2.5000000000000004       0.17857142857142863     
   1.3812500000000001        13.999999999999998        0.0000000000000000        0.0000000000000000        2.5000000000000004       0.17857142857142863     
   1.3837500000000000        13.999999999999998        0.0000000000000000        0.0000000000000000        2.5000000000000004       0.17857142857142863     
   1.3862500000000000        13.999999999999998        0.0000000000000000        0.0000000000000000        2.5000000000000004       0.17857142857142863     
   1.3887500000000002        13.999999999999998        0.0000000000000000        0.0000000000000000        2.5000000000000004       0.17857142857142863     
   1.3912500000000001        13.999999999999998        0.0000000000000000        0.0000000000000000        2.5000000000000004       0.17857142857142863     
   1.3937500000000000        13.999999999999998        0.0000000000000000        0.0000000000000000        2.5000000000000004       0.17857142857142863     
   1.3962500000000000        13.999999999999998        0.0000000000000000        0.0000000000000000        2.5000000000000004       0.17857142857142863     
   1.3987500000000002        13.999999999999998        0.0000000000000000        0.0000000000000000        2.5000000000000004       0.17857142857142863     
   1.4012500000000001        13.999999999999998        0.0000000000000000        0.0000000000000000        2.5000000000000004       0.17857142857142863     
   1.4037500000000001        13.999999999999998        0.0000000000000000        0.0000000000000000        2.5000000000000004       0.17857142857142863     
   1.4062500000000000        13.999999999999998        0.0000000000000000        0.0000000000000000        2.5000000000000004       0.17857142857142863     
   1.4087499999999999        13.999999999999998        0.0000000000000000        0.0000000000000000        2.5000000000000004       0.17857142857142863     
   1.4112500000000001        13.999999999999998        0.0000000000000000        0.0000000000000000        2.5000000000000004       0.17857142857142863     
   1.4137500000000001        13.999999999999998        0.0000000000000000        0.0000000000000000        2.5000000000000004       0.17857142857142863     
   1.4162500000000000        13.999999999999998        0.0000000000000000        0.0000000000000000        2.5000000000000004       0.17857142857142863     
   1.4187500000000000        13.999999999999998        0.0000000000000000        0.0000000000000000        2.5000000000000004       0.17857142857142863     
   1.4212500000000001        13.999999999999998        0.0000000000000000        0.0000000000000000        2.5000000000000004       0.17857142857142863     
   1.4237500000000001        13.999999999999998        0.0000000000000000        0.0000000000000000        2.5000000000000004       0.17857142857142863     
   1.4262500000000000        13.999999999999998        0.0000000000000000        0.0000000000000000        2.5000000000000004       0.17857142857142863     
   1.4287500000000000        13.999999999999998        0.0000000000000000        0.0000000000000000        2.5000000000000004       0.17857142857142863     
   1.4312500000000001        13.999999999999998        0.0000000000000000        0.0000000000000000        2.5000000000000004       0.17857142857142863     
   1.4337500000000001        13.999999999999998        0.0000000000000000        0.0000000000000000        2.5000000000000004       0.17857142857142863     
   1.4362500000000000        13.999999999999998        0.0000000000000000        0.0000000000000000        2.5000000000000004       0.17857142857142863     
   1.4387500000000000        13.999999999999998        0.0000000000000000        0.0000000000000000        2.5000000000000004       0.17857142857142863     
   1.4412500000000001        13.999999999999998        0.0000000000000000        0.0000000000000000        2.5000000000000004       0.17857142857142863     
   1.4437500000000001        13.999999999999998        0.0000000000000000        0.0000000000000000        2.5000000000000004       0.17857142857142863     
   1.4462500000000000        13.999999999999998        0.0000000000000000        0.0000000000000000        2.5000000000000004       0.17857142857142863     
   1.4487500000000000        13.999999999999998        0.0000000000000000        0.0000000000000000        2.5000000000000004       0.17857142857142863     
   1.4512500000000002        13.999999999999998        0.0000000000000000        0.0000000000000000        2.5000000000000004       0.17857142857142863     
   1.4537500000000001        13.999999999999998        0.0000000000000000        0.0000000000000000        2.5000000000000004       0.17857142857142863     
   1.4562500000000000        13.999999999999998        0.0000000000000000        0.0000000000000000        2.5000000000000004       0.17857142857142863     
   1.4587500000000000        13.999999999999998        0.0000000000000000        0.0000000000000000        2.5000000000000004       0.17857142857142863     
   1.4612500000000002        13.999999999999998        0.0000000000000000        0.0000000000000000        2.5000000000000004       0.17857142857142863     
   1.4637500000000001        13.999999999999998        0.0000000000000000        0.0000000000000000        2.5000000000000004       0.17857142857142863     
   1.4662500000000001        13.999999999999998        0.0000000000000000        0.0000000000000000        2.5000000000000004       0.17857142857142863     
   1.4687500000000000        13.999999999999998        0.0000000000000000        0.0000000000000000        2.5000000000000004       0.17857142857142863     
   1.4712499999999999        13.999999999999998        0.0000000000000000        0.0000000000000000        2.5000000000000004       0.17857142857142863     
   1.4737500000000001        13.999999999999998        0.0000000000000000        0.0000000000000000        2.5000000000000004       0.17857142857142863     
   1.4762500000000001        13.999999999999998        0.0000000000000000        0.0000000000000000        2.5000000000000004       0.17857142857142863     
   1.4787500000000000        13.999999999999998        0.0000000000000000        0.0000000000000000        2.5000000000000004       0.17857142857142863     
   1.4812500000000000        13.999999999999998        0.0000000000000000        0.0000000000000000        2.5000000000000004       0.17857142857142863     
   1.4837500000000001        13.999999999999998        0.0000000000000000        0.0000000000000000        2.5000000000000004       0.17857142857142863     
   1.4862500000000001        13.999999999999998        0.0000000000000000        0.0000000000000000        2.5000000000000004       0.17857142857142863     
   1.4887500000000000        13.999999999999998        0.0000000000000000        0.0000000000000000        2.5000000000000004       0.17857142857142863     
   1.4912500000000000        13.999999999999998        0.0000000000000000        0.0000000000000000        2.5000000000000004       0.17857142857142863     
   1.4937500000000001        13.999999999999998        0.0000000000000000        0.0000000000000000        2.5000000000000004       0.17857142857142863     
   1.4962500000000001        13.999999999999998        0.0000000000000000        0.0000000000000000        2.5000000000000004       0.17857142857142863     
   1.4987500000000000        13.999999999999998        0.0000000000000000        0.0000000000000000        2.5000000000000004       0.17857142857142863     
