 -0.67175144212722016        1.0000000081287566     
 -0.60104076400856543        1.0000000096661901     
 -0.53033008588991071        1.0000000112862990     
 -0.45961940777125587        1.0000000129265156     
 -0.38890872965260120        1.0000000145186194     
 -0.31819805153394637        1.0000000159995726     
 -0.24748737341529164        1.0000000173437555     
 -0.17677669529663689        1.0000000185676523     
 -0.10606601717798216        1.0000000196844556     
  -3.5355339059327411E-002   1.0000000206599264     
   3.5355339059327411E-002   1.0000000214355356     
  0.10606601717798222        1.0000000219971887     
  0.17677669529663689        1.0000000223936178     
  0.24748737341529170        1.0000000226699326     
  0.31819805153394637        1.0000000228041104     
  0.38890872965260120        1.0000000227478818     
  0.45961940777125604        1.0000000225521128     
  0.53033008588991071        1.0000000224407135     
  0.60104076400856554        1.0000000227263537     
  0.67175144212722016        1.0000000236114266     
  0.74246212024587510        1.0000000250325367     
  0.81317279836452994        1.0000000266816165     
  0.88388347648318477        1.0000000281972039     
  0.95459415460183961        1.0000000293824320     
   1.0253048327204941        1.0000000302888108     
   1.0960155108391489        1.0000000311203923     
   1.1667261889578038        1.0000000320611848     
   1.2374368670764586        1.0000000331761574     
   1.3081475451951134        1.0000000344372730     
   1.3788582233137678        1.0000000357986747     
   1.4495689014324227        1.0000000372289954     
   1.5202795795510775        1.0000000386918224     
   1.5909902576697323        1.0000000401323279     
   1.6617009357883872        1.0000000415036634     
   1.7324116139070416        1.0000000427999740     
   1.8031222920256964        1.0000000440570809     
   1.8738329701443512        1.0000000453345066     
   1.9445436482630061        1.0000000467076964     
   2.0152543263816609        1.0000000482603519     
   2.0859650045003155        1.0000000500505162     
   2.1566756826189706        1.0000000520655017     
   2.2273863607376252        1.0000000542132002     
   2.2980970388562798        1.0000000563609506     
   2.3688077169749349        1.0000000583793374     
   2.4395183950935890        1.0000000601580497     
   2.5102290732122445        1.0000000616111155     
   2.5809397513308987        1.0000000626979166     
   2.6516504294495542        1.0000000634446220     
   2.7223611075682084        1.0000000639285862     
   2.7930717856868630        1.0000000642304927     
   2.8637824638055180        1.0000000644013551     
   2.9344931419241727        1.0000000644653071     
   3.0052038200428277        1.0000000644315199     
   3.0759144981614823        1.0000000642892586     
   3.1466251762801369        1.0000000640026510     
   3.2173358543987920        1.0000000635367550     
   3.2880465325174466        1.0000000629016870     
   3.3587572106361017        1.0000000621656313     
   3.4294678887547563        1.0000000614221294     
   3.5001785668734104        1.0000000607501853     
   3.5708892449920659        1.0000000601955623     
   3.6415999231107201        1.0000000597534651     
   3.7123106012293752        1.0000000593328906     
   3.7830212793480298        1.0000000587363516     
   3.8537319574666844        1.0000000577040160     
   3.9244426355853395        1.0000000560120170     
   3.9951533137039941        1.0000000535627527     
   4.0658639918226491        1.0000000504239095     
   4.1365746699413037        1.0000000468189354     
   4.2072853480599584        1.0000000430761913     
   4.2779960261786130        1.0000000395229534     
   4.3487067042972676        1.0000000363331198     
   4.4194173824159231        1.0000000334069110     
   4.4901280605345777        1.0000000303783680     
   4.5608387386532323        1.0000000267691025     
   4.6315494167718869        1.0000000222131000     
   4.7022600948905415        1.0000000166392957     
   4.7729707730091970        1.0000000103327489     
   4.8436814511278516        1.0000000038555368     
   4.9143921292465054       0.99999999783646454     
   4.9851028073651600       0.99999999269633844     
   5.0558134854838155       0.99999998847314608     
   5.1265241636024701       0.99999998485870067     
   5.1972348417211247       0.99999998141979518     
   5.2679455198397793       0.99999997790328543     
   5.3386561979584330       0.99999997438345611     
   5.4093668760770894       0.99999997115959516     
   5.4800775541957440       0.99999996866772856     
   5.5507882323143978       0.99999996734118968     
   5.6214989104330524       0.99999996735800623     
   5.6922095885517070       0.99999996885498610     
   5.7629202666703634       0.99999997218546033     
   5.8336309447890171       0.99999997741970270     
   5.9043416229076717       0.99999998443120763     
   5.9750523010263263       0.99999999355136882     
   6.0457629791449818        1.0000000043737789     
   6.1164736572636365        1.0000000149411274     
   6.1871843353822911        1.0000000246094389     
   6.2578950135009457        1.0000000356638579     
   6.3286056916196003        1.0000000500194126     
   6.3993163697382558        1.0000000670693623     
   6.4700270478569104        1.0000000855783944     
   6.5407377259755650        1.0000001048156546     
   6.6114484040942196        1.0000001239238698     
   6.6821590822128742        1.0000001420114550     
   6.7528697603315297        1.0000001584119991     
   6.8235804384501844        1.0000001725405392     
   6.8942911165688390        1.0000001840511445     
   6.9650017946874936        1.0000001928016886     
   7.0357124728061482        1.0000001984254263     
   7.1064231509248037        1.0000002000111015     
   7.1771338290434583        1.0000001960285683     
   7.2478445071621129        1.0000001849063207     
   7.3185551852807675        1.0000001659095352     
   7.3892658633994213        1.0000001391287778     
   7.4599765415180777        1.0000001051657050     
   7.5306872196367323        1.0000000658643275     
   7.6013978977553860        1.0000000248715550     
   7.6721085758740406       0.99999998583787653     
   7.7428192539926952       0.99999995000189090     
   7.8135299321113516       0.99999991728281368     
   7.8842406102300053       0.99999988919330740     
   7.9549512883486599       0.99999986805502983     
   8.0256619664673146       0.99999985420608661     
   8.0963726445859692       0.99999984637491446     
   8.1670833227046256       0.99999984346798387     
   8.2377940008232802       0.99999984489014881     
   8.3085046789419348       0.99999985070107744     
   8.3792153570605876       0.99999986054238077     
   8.4499260351792422       0.99999987107616284     
   8.5206367132978986       0.99999987748384911     
   8.5913473914165532       0.99999987828638881     
   8.6620580695352078       0.99999987517913491     
   8.7327687476538625       0.99999987000787893     
   8.8034794257725171       0.99999986640766270     
   8.8741901038911717       0.99999986956158893     
   8.9449007820098263       0.99999987859533002     
   9.0156114601284809       0.99999988492274539     
   9.0863221382471355       0.99999988280820840     
   9.1570328163657901       0.99999987537663748     
   9.2277434944844465       0.99999986730856461     
   9.2984541726031011       0.99999985746918851     
   9.3691648507217558       0.99999984018887822     
   9.4398755288404104       0.99999980867046534     
   9.5105862069590650       0.99999975420666787     
   9.5812968850777196       0.99999966164258858     
   9.6520075631963742       0.99999950399643112     
   9.7227182413150288       0.99999923777936661     
   9.7934289194336834       0.99999879625571242     
   9.8641395975523380       0.99999807519121331     
   9.9348502756709944       0.99999690918365314     
   10.005560953789649       0.99999503927599165     
   10.076271631908304       0.99999206817226072     
   10.146982310026958       0.99998739474760800     
   10.217692988145611       0.99998011943107801     
   10.288403666264267       0.99996891049194747     
   10.359114344382922       0.99995181922299425     
   10.429825022501577       0.99992603131374103     
   10.500535700620231       0.99988753117997309     
   10.571246378738886       0.99983065427388262     
   10.641957056857542       0.99974751361991654     
   10.712667734976195       0.99962726986967931     
   10.783378413094850       0.99945521112347369     
   10.854089091213506       0.99921161049057639     
   10.924799769332159       0.99887033600401764     
   10.995510447450815       0.99839734494135446     
   11.066221125569468       0.99774904567788036     
   11.136931803688125       0.99687023849385670     
   11.207642481806779       0.99569199294740396     
   11.278353159925434       0.99412991350687352     
   11.349063838044088       0.99208236890782309     
   11.419774516162743       0.98942882874163551     
   11.490485194281398       0.98602927915177130     
   11.561195872400054       0.98172504621227452     
   11.631906550518707       0.97634052938736549     
   11.702617228637363       0.96968614262379171     
   11.773327906756016       0.96156398444804736     
   11.844038584874673       0.95177594679839439     
   11.914749262993327       0.94013305370383049     
   11.985459941111980       0.92646744466919240     
   12.056170619230636       0.91064705814071523     
   12.126881297349289       0.89258981370820556     
   12.197591975467946       0.87227652310053461     
   12.268302653586602       0.84976306210270525     
   12.339013331705255       0.82519050859627785     
   12.409724009823911       0.79879145394116313     
   12.480434687942564       0.77088958139120334     
   12.551145366061219       0.74189176532168277     
   12.621856044179875       0.71227578364131716     
   12.692566722298528       0.68257421932918083     
   12.763277400417184       0.65335326341487576     
   12.833988078535841       0.62518792343381169     
   12.904698756654494       0.59863805258915959     
   12.975409434773148       0.57422818453772295     
   13.046120112891803       0.55243151789412237     
   13.116830791010457       0.53365770130652745     
   13.187541469129114       0.51824541049565098     
   13.258252147247767       0.50646011806889912     
   13.328962825366423       0.49849614029588890     
   13.399673503485076       0.49448153523457439     
   13.470384181603732       0.49448091181658205     
   13.541094859722387       0.49849445988528246     
   13.611805537841041       0.50645733540690141     
   13.682516215959696       0.51824121830551351     
   13.753226894078351       0.53365182169289516     
   13.823937572197005       0.55242372833675302     
   13.894648250315662       0.57421880015368920     
   13.965358928434314       0.59862833154901274     
   14.036069606552971       0.62517919783580178     
   14.106780284671624       0.65334533429611974     
   14.177490962790280       0.68256557209673474     
   14.248201640908935       0.71226577905703770     
   14.318912319027588       0.74188148164908629     
   14.389622997146244       0.77087997119560936     
   14.460333675264897       0.79878199718359499     
   14.531044353383553       0.82518072227275852     
   14.601755031502210       0.84975414264810323     
   14.672465709620862       0.87226992264816250     
   14.743176387739519       0.89258520777602368     
   14.813887065858172       0.91064280503237904     
   14.884597743976826       0.92646252803452600     
   14.955308422095483       0.94012806696479401     
   15.026019100214135       0.95177199314780625     
   15.096729778332792       0.96156120550297552     
   15.167440456451445       0.96968412150888172     
   15.238151134570101       0.97633915374554292     
   15.308861812688756       0.98172405063008328     
   15.379572490807410       0.98602811745464980     
   15.450283168926065       0.98942761643296318     
   15.520993847044720       0.99208151223229801     
   15.591704525163374       0.99412923251393048     
   15.662415203282031       0.99569115339933545     
   15.733125881400683       0.99686941704058041     
   15.803836559519340       0.99774851123967156     
   15.874547237637993       0.99839693246263761     
   15.945257915756649       0.99886987958261664     
   16.015968593875304       0.99921116967532730     
   16.086679271993958       0.99945482279889053     
   16.157389950112613       0.99962691003544779     
   16.228100628231267       0.99974717518692446     
   16.298811306349922       0.99983034870842902     
   16.369521984468577       0.99988728138678495     
   16.440232662587231       0.99992585183613569     
   16.510943340705886       0.99995170909726683     
   16.581654018824540       0.99996886345416425     
   16.652364696943195       0.99998012614792020     
   16.723075375061853       0.99998744334639689     
   16.793786053180504       0.99999214778661938     
   16.864496731299159       0.99999513967875242     
   16.935207409417814       0.99999701789556406     
   17.005918087536468       0.99999817819967529     
   17.076628765655126       0.99999888435761031     
   17.147339443773777       0.99999931059589853     
   17.218050121892436       0.99999956399745327     
   17.288760800011087       0.99999970684650186     
   17.359471478129745       0.99999977993968936     
   17.430182156248399       0.99999981223878753     
   17.500892834367054       0.99999982063208726     
   17.571603512485709       0.99999981306837349     
   17.642314190604360       0.99999979378714232     
   17.713024868723018       0.99999976651991496     
   17.783735546841672       0.99999973696770672     
   17.854446224960327       0.99999971234581775     
   17.925156903078982       0.99999969730553662     
   17.995867581197636       0.99999969146035306     
   18.066578259316291       0.99999969066658601     
   18.137288937434946       0.99999969034323444     
   18.207999615553600       0.99999968864027089     
   18.278710293672255       0.99999968637012282     
   18.349420971790909       0.99999968430346853     
   18.420131649909564       0.99999968233985381     
   18.490842328028222       0.99999968069346212     
   18.561553006146873       0.99999967997328565     
   18.632263684265528       0.99999968083910218     
   18.702974362384182       0.99999968475930678     
   18.773685040502837       0.99999969442335479     
   18.844395718621495       0.99999971260430720     
   18.915106396740146       0.99999974037715800     
   18.985817074858804       0.99999977638848980     
   19.056527752977455       0.99999981798506565     
   19.127238431096114       0.99999986284039633     
   19.197949109214768       0.99999990925533344     
   19.268659787333423       0.99999995536904884     
   19.339370465452077       0.99999999881146961     
   19.410081143570732        1.0000000375303040     
   19.480791821689387        1.0000000708540273     
   19.551502499808041        1.0000000992517999     
   19.622213177926696        1.0000001230551736     
   19.692923856045351        1.0000001419752718     
   19.763634534164005        1.0000001558489864     
   19.834345212282660        1.0000001651647044     
   19.905055890401314        1.0000001705308936     
   19.975766568519969        1.0000001722624987     
   20.046477246638624        1.0000001711573314     
   20.117187924757278        1.0000001687833688     
   20.187898602875933        1.0000001659398650     
   20.258609280994591        1.0000001620755914     
   20.329319959113242        1.0000001570991377     
   20.400030637231900        1.0000001518061654     
   20.470741315350551        1.0000001459090164     
   20.541451993469206        1.0000001379250287     
   20.612162671587864        1.0000001274317061     
   20.682873349706515        1.0000001157236709     
   20.753584027825173        1.0000001041737425     
   20.824294705943824        1.0000000929437856     
   20.895005384062483        1.0000000815065526     
   20.965716062181137        1.0000000703158496     
   21.036426740299792        1.0000000613503552     
   21.107137418418446        1.0000000560826965     
   21.177848096537101        1.0000000532974231     
   21.248558774655756        1.0000000501261996     
   21.319269452774410        1.0000000452172060     
   21.389980130893065        1.0000000397856517     
   21.460690809011719        1.0000000352546823     
   21.531401487130374        1.0000000309637520     
   21.602112165249029        1.0000000251733652     
   21.672822843367683        1.0000000178009287     
   21.743533521486338        1.0000000109979637     
   21.814244199604993        1.0000000069048050     
   21.884954877723647        1.0000000056376102     
   21.955665555842305        1.0000000057453660     
   22.026376233960960        1.0000000059425849     
   22.097086912079618        1.0000000058359200     
   22.167797590198269        1.0000000053561033     
   22.238508268316924        1.0000000042233785     
   22.309218946435578        1.0000000021180608     
   22.379929624554233       0.99999999901775216     
   22.450640302672891       0.99999999517912253     
   22.521350980791542       0.99999999091373437     
   22.592061658910197       0.99999998647299393     
   22.662772337028851       0.99999998205755980     
   22.733483015147510       0.99999997781983763     
   22.804193693266164       0.99999997384211115     
   22.874904371384815       0.99999997014431685     
   22.945615049503470       0.99999996671822577     
   23.016325727622128       0.99999996354612253     
   23.087036405740783       0.99999996059900975     
   23.157747083859437       0.99999995785202311     
   23.228457761978088       0.99999995532437913     
   23.299168440096743       0.99999995308037726     
   23.369879118215401       0.99999995116611284     
   23.440589796334056       0.99999994956619165     
   23.511300474452710       0.99999994824766036     
   23.582011152571361       0.99999994722786489     
   23.652721830690020       0.99999994655906532     
   23.723432508808674       0.99999994624843469     
   23.794143186927329       0.99999994623885802     
   23.864853865045987       0.99999994647717594     
   23.935564543164638       0.99999994695597771     
   24.006275221283293       0.99999994767273426     
   24.076985899401947       0.99999994858767816     
   24.147696577520605       0.99999994964680439     
   24.218407255639260       0.99999995083075355     
   24.289117933757911       0.99999995217125703     
   24.359828611876566       0.99999995372847905     
   24.430539289995220       0.99999995554110566     
   24.501249968113878       0.99999995756947335     
   24.571960646232533       0.99999995968558708     
   24.642671324351184       0.99999996173917816     
   24.713382002469839       0.99999996363929733     
   24.784092680588497       0.99999996536986735     
   24.854803358707152       0.99999996693873539     
   24.925514036825806       0.99999996832723204     
   24.996224714944457       0.99999996949499903     
   25.066935393063112       0.99999997043793387     
   25.137646071181770       0.99999997123915030     
   25.208356749300425       0.99999997203316793     
   25.279067427419079       0.99999997287517206     
   25.349778105537730       0.99999997363209803     
   25.420488783656388       0.99999997402221030     
   25.491199461775043       0.99999997379106842     
   25.561910139893698       0.99999997289734854     
   25.632620818012356       0.99999997159278531     
   25.703331496131007       0.99999997036269594     
   25.774042174249661       0.99999996976698713     
   25.844752852368316       0.99999997025063059     
   25.915463530486974       0.99999997199133117     
   25.986174208605629       0.99999997484589032     
   26.056884886724280       0.99999997842504362     
   26.127595564842935       0.99999998225236941     
   26.198306242961589       0.99999998590961092     
   26.269016921080247       0.99999998911064736     
   26.339727599198902       0.99999999172362219     
   26.410438277317557       0.99999999376805893     
   26.481148955436208       0.99999999537483952     
   26.551859633554866       0.99999999670644069     
   26.622570311673520       0.99999999788133320     
   26.693280989792175       0.99999999895002545     
   26.763991667910833       0.99999999991749500     
   26.834702346029481        1.0000000007678826     
   26.905413024148139        1.0000000014746013     
   26.976123702266793        1.0000000020184683     
   27.046834380385448        1.0000000024168485     
   27.117545058504106        1.0000000027330238     
   27.188255736622757        1.0000000030508367     
   27.258966414741412        1.0000000034413759     
   27.329677092860067        1.0000000039574692     
   27.400387770978725        1.0000000046508972     
   27.471098449097379        1.0000000055723079     
   27.541809127216030        1.0000000067420600     
