   5.0000000000000003E-002  0.99990344337200732     
  0.15000000000000002       0.99990321346393340     
  0.25000000000000006       0.99990376451948837     
  0.35000000000000003       0.99990507765945280     
  0.45000000000000001       0.99990712490588274     
  0.55000000000000004       0.99990987071486104     
  0.65000000000000002       0.99991327256769624     
  0.75000000000000000       0.99991728055320994     
  0.84999999999999998       0.99992183661115785     
  0.94999999999999996       0.99992687378756173     
   1.0500000000000000       0.99993231522373183     
   1.1500000000000001       0.99993807308192195     
   1.2500000000000000       0.99994404831821038     
   1.3500000000000001       0.99995013156810386     
   1.4500000000000000       0.99995620444869049     
   1.5500000000000000       0.99996214113287019     
   1.6500000000000001       0.99996781102047894     
   1.7500000000000000       0.99997308264861873     
   1.8500000000000001       0.99997782780922617     
   1.9500000000000000       0.99998192552879295     
   2.0500000000000003       0.99998526683996758     
   2.1500000000000004       0.99998776039849635     
   2.2500000000000004       0.99998933741779639     
   2.3500000000000005       0.99998995536540203     
   2.4500000000000002       0.99998960174257068     
   2.5500000000000003       0.99998829817346757     
   2.6500000000000004       0.99998610276265953     
   2.7500000000000004       0.99998310972369220     
   2.8500000000000005       0.99997944779947956     
   2.9500000000000002       0.99997527799713160     
   3.0500000000000003       0.99997078837996356     
   3.1500000000000004       0.99996618456424469     
   3.2500000000000004       0.99996167780927014     
   3.3500000000000005       0.99995747228346388     
   3.4500000000000002       0.99995375021448163     
   3.5500000000000003       0.99995065502898639     
   3.6500000000000004       0.99994827782255402     
   3.7500000000000004       0.99994665282682260     
   3.8500000000000005       0.99994576174224314     
   3.9500000000000002       0.99994554451366024     
   4.0500000000000007       0.99994591697135538     
   4.1500000000000004       0.99994679317023005     
   4.2500000000000000       0.99994810209147755     
   4.3500000000000005       0.99994978895866415     
   4.4500000000000002       0.99995180326089061     
   4.5500000000000007       0.99995408385010331     
   4.6500000000000004       0.99995654945449142     
   4.7500000000000009       0.99995909927212256     
   4.8500000000000005       0.99996162759605567     
   4.9500000000000002       0.99996405141989986     
   5.0500000000000007       0.99996633693139092     
   5.1500000000000004       0.99996850331181875     
   5.2500000000000009       0.99997059594051729     
   5.3500000000000005       0.99997264367469008     
   5.4500000000000002       0.99997461957329326     
   5.5500000000000007       0.99997641537807724     
   5.6500000000000004       0.99997784089101183     
   5.7500000000000009       0.99997866371998012     
   5.8500000000000005       0.99997869314263099     
   5.9500000000000002       0.99997789689557759     
   6.0500000000000007       0.99997653666560971     
   6.1500000000000004       0.99997529652960715     
   6.2500000000000009       0.99997534496227602     
   6.3500000000000005       0.99997824194077012     
   6.4500000000000002       0.99998561596975521     
   6.5500000000000007       0.99999860933955820     
   6.6500000000000004        1.0000171922548269     
   6.7500000000000009        1.0000394901083294     
   6.8500000000000005        1.0000611809909559     
   6.9500000000000002        1.0000748097740346     
   7.0500000000000007        1.0000685832426011     
   7.1500000000000004        1.0000240016067368     
   7.2500000000000009       0.99991183039018428     
   7.3500000000000005       0.99968646732235966     
   7.4500000000000002       0.99927937620712182     
   7.5500000000000007       0.99859316723303571     
   7.6500000000000004       0.99749730920842228     
   7.7500000000000009       0.99582483071465411     
   7.8500000000000005       0.99336998638304175     
   7.9500000000000002       0.98988296529026254     
   8.0499999999999989       0.98506248834681476     
   8.1500000000000004       0.97854812395665969     
   8.2500000000000000       0.96991752922175489     
   8.3499999999999996       0.95869443539553290     
   8.4499999999999993       0.94437202623716565     
   8.5499999999999989       0.92645425092479516     
   8.6500000000000004       0.90451570412467253     
   8.7500000000000000       0.87827708324153786     
   8.8499999999999996       0.84768696571301483     
   8.9499999999999993       0.81299492699320619     
   9.0499999999999989       0.77479878001229541     
   9.1500000000000004       0.73405179631773687     
   9.2500000000000000       0.69202468284684449     
   9.3499999999999996       0.65022801370185945     
   9.4499999999999993       0.61030699593730009     
   9.5500000000000007       0.57392680538678076     
   9.6500000000000004       0.54266125540357724     
   9.7500000000000000       0.51789587375641721     
   9.8499999999999996       0.50074638705073304     
   9.9499999999999993       0.49199736913525977     
   10.050000000000001       0.49205404050687435     
   10.150000000000000       0.50091366838821860     
   10.250000000000000       0.51816918427127900     
   10.350000000000000       0.54303511807055571     
   10.449999999999999       0.57439185720343211     
   10.550000000000001       0.61084540143804844     
   10.650000000000000       0.65080781303578572     
   10.750000000000000       0.69260034859137209     
   10.850000000000000       0.73457328693933710     
   10.949999999999999       0.77522585953354439     
   11.050000000000001       0.81330839000934485     
   11.150000000000000       0.84789098984550693     
   11.250000000000000       0.87839214772474183     
   11.350000000000000       0.90456491054359656     
   11.449999999999999       0.92645442839778758     
   11.550000000000001       0.94433119725315340     
   11.650000000000000       0.95861442491489668     
   11.750000000000000       0.96979810190311844     
   11.850000000000000       0.97838980154245803     
   11.949999999999999       0.98486839240178514     
   12.050000000000001       0.98966103543174855     
   12.150000000000000       0.99313497440396936     
   12.250000000000000       0.99559785436243153     
   12.350000000000000       0.99730162249659515     
   12.449999999999999       0.99844764980584322     
   12.550000000000001       0.99919262422415089     
   12.650000000000000       0.99965528744356935     
   12.750000000000000       0.99992369949216253     
   12.850000000000000        1.0000622625347590     
   12.949999999999999        1.0001177113757791     
   13.050000000000001        1.0001236590222469     
   13.150000000000000        1.0001037710694953     
   13.250000000000000        1.0000739597534847     
   13.350000000000000        1.0000440448959771     
   13.449999999999999        1.0000191947525712     
   13.550000000000001        1.0000012675348011     
   13.650000000000000       0.99999002935246262     
   13.750000000000000       0.99998416718459748     
   13.850000000000000       0.99998203218537007     
   13.949999999999999       0.99998210062887194     
   14.050000000000001       0.99998319108233957     
   14.150000000000000       0.99998450678068185     
   14.250000000000000       0.99998557787513909     
   14.350000000000000       0.99998616578842792     
   14.449999999999999       0.99998617115938404     
   14.550000000000001       0.99998556609002609     
   14.650000000000000       0.99998435542548658     
   14.750000000000000       0.99998256211268965     
   14.850000000000000       0.99998022761955152     
   14.949999999999999       0.99997741827982900     
   15.050000000000001       0.99997423049824363     
   15.150000000000000       0.99997079064858729     
   15.250000000000000       0.99996724835143336     
   15.350000000000000       0.99996376411408683     
   15.449999999999999       0.99996049380418639     
   15.550000000000001       0.99995757307223521     
   15.650000000000000       0.99995510471096494     
   15.750000000000000       0.99995315115675598     
   15.850000000000000       0.99995173311687413     
   15.949999999999999       0.99995083399257312     
   16.050000000000001       0.99995040869600149     
   16.149999999999999       0.99995039480537362     
   16.250000000000000       0.99995072383053429     
   16.350000000000001       0.99995133068258468     
   16.449999999999999       0.99995216014161248     
   16.550000000000001       0.99995316993203343     
   16.649999999999999       0.99995433071085116     
   16.750000000000000       0.99995562375678926     
   16.850000000000001       0.99995703736049046     
   16.949999999999999       0.99995856280627671     
   17.050000000000001       0.99996019051554863     
   17.149999999999999       0.99996190663365792     
   17.250000000000000       0.99996369018054188     
   17.350000000000001       0.99996551076474771     
   17.449999999999999       0.99996732680062073     
   17.550000000000001       0.99996908429999931     
   17.649999999999999       0.99997071654049385     
   17.750000000000000       0.99997214496482612     
   17.850000000000001       0.99997328151470832     
   17.949999999999999       0.99997403247608796     
   18.050000000000001       0.99997430381888175     
   18.149999999999999       0.99997400774989820     
   18.250000000000000       0.99997306984478795     
   18.350000000000001       0.99997143599653138     
   18.449999999999999       0.99996907848954442     
   18.550000000000001       0.99996600050321294     
   18.649999999999999       0.99996223836121345     
   18.750000000000000       0.99995786118638874     
   18.850000000000001       0.99995296811241652     
   18.949999999999999       0.99994768339241469     
   19.050000000000001       0.99994214975671536     
   19.150000000000002       0.99993652063832539     
   19.250000000000000       0.99993095219005723     
   19.350000000000001       0.99992559584551066     
   19.449999999999999       0.99992059178748449     
   19.550000000000001       0.99991606369242425     
   19.650000000000002       0.99991211525448209     
   19.750000000000000       0.99990882861473618     
   19.850000000000001       0.99990626427300278     
   19.949999999999999       0.99990446210130068     
