   3.7500000000000001E-004  0.81283977151169695        5.2340343527321838E-004  0.12276669228724346        1.9722412949788277        2.4149533574306661     
   1.1250000000000001E-003  0.81662729101057252        1.3495293128872549E-003  0.12000361051745217        1.9713288283252537        2.4031898672096190     
   1.8750000000000004E-003  0.82065815270789810        1.7161127199302069E-003  0.11751425077987517        1.9702452594429298        2.3905565605473447     
   2.6250000000000002E-003  0.82258278258551232        1.6733004327555202E-003  0.11616006058991513        1.9693460636708615        2.3841280173561814     
   3.3750000000000000E-003  0.82291986770233494        1.4107256921826357E-003  0.11503997469372601        1.9686503293278697        2.3825018668416700     
   4.1250000000000002E-003  0.82366928017798768        1.2248555132338991E-003  0.11389971422941177        1.9681263492229863        2.3798996404743349     
   4.8750000000000000E-003  0.82485082651097219        1.3474706011482570E-003  0.11306376877775642        1.9677953956887888        2.3762422321915748     
   5.6249999999999998E-003  0.82570746974476827        1.7510184410943791E-003  0.11271852418056333        1.9678669364835990        2.3739295901693489     
   6.3749999999999996E-003  0.82639070422559213        2.1814027977839364E-003  0.11273206547816061        1.9687585116299953        2.3730500012642213     
   7.1249999999999994E-003  0.82746509476435848        2.4155839350115805E-003  0.11282770068917244        1.9706591006207890        2.3722612173108879     
   7.8750000000000001E-003  0.82882812426297447        2.5780220291318711E-003  0.11288234711098523        1.9726989376558810        2.3708267833180092     
   8.6250000000000007E-003  0.82944770668778545        3.2433427177821291E-003  0.11313358195199082        1.9726062551282093        2.3689069223697636     
   9.3749999999999997E-003  0.82834737521434354        5.0082418299782112E-003  0.11396851343852719        1.9681803898112968        2.3665494767688782     
   1.0125000000000000E-002  0.82603296250552227        7.5032934826907271E-003  0.11520764990065151        1.9608981576146154        2.3641066453018440     
   1.0874999999999999E-002  0.82538486115416554        8.5639563710995636E-003  0.11539158306987675        1.9591626178738206        2.3638089516474063     
   1.1625000000000000E-002  0.83034197680932142        4.9849369918579878E-003  0.11221764712668456        1.9755943933547617        2.3701036258106831     
   1.2375000000000001E-002  0.84209888797085397       -4.3654070843917063E-003  0.10476546370365278        2.0148247713047391        2.3848701772935619     
   1.3125000000000000E-002  0.85611612100132806       -1.5710733819077512E-002   9.5756466852419050E-002   2.0623082524780010        2.4024882527155009     
   1.3875000000000000E-002  0.86546761922161330       -2.2925464636149258E-002   8.9865946118549311E-002   2.0944584561900181        2.4142892824219366     
   1.4624999999999999E-002  0.86779816322727588       -2.3875544550355201E-002   8.8802613261412422E-002   2.1028718358979237        2.4176125917315705     
   1.5375000000000000E-002  0.86645659721909962       -2.1664089853553808E-002   9.0172618179109765E-002   2.0988577363232075        2.4166181564204359     
   1.6125000000000000E-002  0.86557998670118885       -2.0028803862895721E-002   9.1081196617905133E-002   2.0962873044449299        2.4160257556896183     
   1.6875000000000001E-002  0.86657612579446686       -2.0136037926047061E-002   9.0596681135539314E-002   2.0996332864620073        2.4171720640795309     
   1.7625000000000002E-002  0.86857765349160132       -2.1110475649197387E-002   8.9243661056000914E-002   2.1058679752359670        2.4189278536989960     
   1.8374999999999999E-002  0.87030184455227277       -2.1774775684605022E-002   8.7689826311455082E-002   2.1109164786746359        2.4201101815739410     
   1.9125000000000000E-002  0.87112193553555328       -2.1642393622708263E-002   8.6174802563262126E-002   2.1132099990140603        2.4206470911449105     
   1.9875000000000000E-002  0.87121427828864628       -2.0914738953109364E-002   8.4670900009302372E-002   2.1134216748301156        2.4208236921160453     
   2.0625000000000001E-002  0.87118272015544851       -2.0041963091040449E-002   8.3204885203803328E-002   2.1128219380957662        2.4204084717406671     
   2.1375000000000002E-002  0.87143203629075328       -1.9372051808636052E-002   8.1953904485193574E-002   2.1123295970388196        2.4193058166395036     
   2.2124999999999999E-002  0.87189369662956817       -1.9049608887909936E-002   8.1193852924533252E-002   2.1124870101031226        2.4182975337995600     
   2.2875000000000000E-002  0.87240602300873482       -1.9077492387226828E-002   8.1188283787503882E-002   2.1136760427169006        2.4182428876164921     
   2.3625000000000000E-002  0.87292168208602339       -1.9398182230713580E-002   8.1891752140544866E-002   2.1161566265346954        2.4195753908667479     
   2.4375000000000001E-002  0.87344013530177089       -1.9940319271221071E-002   8.2689708434386264E-002   2.1199525776886818        2.4223878731856439     
   2.5125000000000001E-002  0.87422858754186961       -2.0651647187588679E-002   8.2722795768354646E-002   2.1247842632916325        2.4257117630517713     
   2.5874999999999999E-002  0.87580297607550373       -2.1494821656585384E-002   8.1624725421351532E-002   2.1301471133559593        2.4275775384134297     
   2.6624999999999999E-002  0.87818507668661061       -2.2375523763594567E-002   7.9851328833177110E-002   2.1354551554710373        2.4272101724631630     
   2.7375000000000000E-002  0.88061578314675970       -2.3090630138915741E-002   7.8271025659542456E-002   2.1401384502339038        2.4259811290861566     
   2.8125000000000001E-002  0.88225949738138076       -2.3393750330610717E-002   7.7438029595763708E-002   2.1437082329068886        2.4255897810666869     
   2.8875000000000001E-002  0.88277613806151112       -2.3130159803383094E-002   7.7270039833146426E-002   2.1458355787588652        2.4266070537454949     
   2.9624999999999999E-002  0.88239358028939707       -2.2323005728701471E-002   7.7344797638065690E-002   2.1464245085058753        2.4283408478100674     
   3.0374999999999999E-002  0.88163026436420477       -2.1143472391840227E-002   7.7349189421963893E-002   2.1456469069989041        2.4295902400438938     
   3.1125000000000000E-002  0.88090752446018550       -1.9817616813614922E-002   7.7229307785568968E-002   2.1439347031830600        2.4296834503270297     
   3.1875000000000001E-002  0.88045755029441120       -1.8566947405357064E-002   7.7071383544906835E-002   2.1419512857239216        2.4287170591563370     
   3.2625000000000001E-002  0.88036984121967898       -1.7595937696909671E-002   7.6929170831019272E-002   2.1405146678542555        2.4273635695385627     
   3.3375000000000002E-002  0.88066830152771169       -1.7081628182181827E-002   7.6777321409760291E-002   2.1404017460407774        2.4264406141797217     
   3.4125000000000003E-002  0.88138368263849332       -1.7114576406712885E-002   7.6562295762735183E-002   2.1420231365256956        2.4263345049545593     
   3.4875000000000003E-002  0.88242699793280921       -1.7596030367615603E-002   7.6298928897682167E-002   2.1451101306252793        2.4269838872569438     
   3.5625000000000004E-002  0.88347927202329013       -1.8192628150381640E-002   7.6208945287829080E-002   2.1486853796890477        2.4281397914698148     
   3.6374999999999998E-002  0.88411063507220711       -1.8437302774797111E-002   7.6629344242362757E-002   2.1514618750078958        2.4295022140579534     
   3.7124999999999998E-002  0.88405186431107130       -1.7937496605091242E-002   7.7607590493721207E-002   2.1524697912337230        2.4307186737376152     
   3.7874999999999999E-002  0.88337885343348954       -1.6546706408345012E-002   7.8713073459647107E-002   2.1514997884922309        2.4313893911592648     
   3.8625000000000000E-002  0.88239024979753977       -1.4384713983125255E-002   7.9385546299536036E-002   2.1490992218316864        2.4313629411318405     
   3.9375000000000000E-002  0.88137294861017756       -1.1738637161118866E-002   7.9397510262332410E-002   2.1462068421161136        2.4309260409172806     
   4.0125000000000001E-002  0.88054995971818073       -8.9617438879528357E-003   7.8934684107588332E-002   2.1437187175351542        2.4304528546102522     
   4.0875000000000002E-002  0.88013033305877919       -6.4197610730037215E-003   7.8360439951889752E-002   2.1422090510505454        2.4299779635763765     
   4.1625000000000002E-002  0.88021057792465096       -4.4419827811270855E-003   7.7989872899324811E-002   2.1418394878329283        2.4293881934602988     
   4.2375000000000003E-002  0.88057493256781161       -3.2334311748253323E-003   7.7971506356420056E-002   2.1423829484710875        2.4290096107843619     
   4.3125000000000004E-002  0.88075467496068049       -2.7826146910604832E-003   7.8200572167543878E-002   2.1433131408456352        2.4295495263901605     
   4.3874999999999997E-002  0.88048117119057601       -2.8689335387124528E-003   7.8373074208368601E-002   2.1439742412444094        2.4310360962525888     
   4.4624999999999998E-002  0.88000285339566531       -3.2200122204417382E-003   7.8324599846609749E-002   2.1438339427394117        2.4321994016522712     
   4.5374999999999999E-002  0.87970516818628242       -3.6953577956845268E-003   7.8332051823068821E-002   2.1427159661053148        2.4317473635916236     
   4.6124999999999999E-002  0.87957394446400372       -4.3011006996278422E-003   7.8898496870131882E-002   2.1408506512240550        2.4299281702392745     
   4.6875000000000000E-002  0.87937158000808879       -5.0239563029077644E-003   8.0173030641588108E-002   2.1387017466353901        2.4279072957859733     
   4.7625000000000001E-002  0.87905251381724880       -5.6908473993528344E-003   8.1682480344724195E-002   2.1367018905585686        2.4263493083664236     
   4.8375000000000001E-002  0.87877314763207670       -6.0204542318601012E-003   8.2699640099013330E-002   2.1350779668150217        2.4251605753180070     
   4.9125000000000002E-002  0.87867497178499265       -5.8062657850596958E-003   8.2830375183429131E-002   2.1338398511881476        2.4240095997866935     
   4.9875000000000003E-002  0.87870816296098175       -5.0460880820493680E-003   8.2245250810535395E-002   2.1328724471440901        2.4228851580709181     
   5.0625000000000003E-002  0.87872134687422276       -3.9145939569057951E-003   8.1452944809370070E-002   2.1320419469752738        2.4219942996924329     
   5.1375000000000004E-002  0.87864060115200482       -2.6292003495098477E-003   8.0907387735992403E-002   2.1312686009786370        2.4213991349936279     
   5.2124999999999998E-002  0.87848145698181579       -1.3312327573380557E-003   8.0774316041405225E-002   2.1305562328122361        2.4210433840060097     
   5.2874999999999998E-002  0.87829043055253508       -5.7531244415789605E-005   8.0973274363713765E-002   2.1299795231490064        2.4208926963120758     
   5.3624999999999999E-002  0.87811750665628996        1.2131383127543137E-003   8.1366655571118857E-002   2.1296387741294813        2.4209381882931567     
   5.4375000000000000E-002  0.87800807320341112        2.5051799539086324E-003   8.1877811262258043E-002   2.1296033407096941        2.4211418012674506     
   5.5125000000000000E-002  0.87797538813017928        3.8289579463115404E-003   8.2457317836751157E-002   2.1298721390091462        2.4214707187472317     
   5.5875000000000001E-002  0.87799244610215443        5.1904988302359234E-003   8.3003484279199236E-002   2.1303742842275799        2.4219291034350796     
   5.6625000000000002E-002  0.87804631333584249        6.5928585405793496E-003   8.3369588998367078E-002   2.1310128263568946        2.4224578072060581     
   5.7375000000000002E-002  0.87815704019596375        8.0145179877230948E-003   8.3434701535219841E-002   2.1317142130208158        2.4229311276253105     
   5.8125000000000003E-002  0.87832956719012878        9.3819866251151941E-003   8.3150001032653201E-002   2.1324398065456922        2.4232975211022771     
   5.8875000000000004E-002  0.87858298846008065        1.0573424747860473E-002   8.2586830841747921E-002   2.1331546655378291        2.4234585547404106     
   5.9624999999999997E-002  0.87897242758769534        1.1471623368548067E-002   8.1944182292199269E-002   2.1337848121664251        2.4231593288323112     
   6.0374999999999998E-002  0.87941909146070807        1.2026700726332194E-002   8.1391184798385890E-002   2.1341947448125831        2.4224469397855231     
   6.1124999999999999E-002  0.87961047782347357        1.2271448489776687E-002   8.0897402253570838E-002   2.1342262194240549        2.4220045392313390     
   6.1874999999999999E-002  0.87927586829324933        1.2289850771073127E-002   8.0329439779879747E-002   2.1337933811751753        2.4224912510955394     
   6.2625000000000000E-002  0.87852572638055482        1.2185742781439987E-002   7.9717177845436901E-002   2.1329541023177847        2.4236658859078282     
   6.3375000000000001E-002  0.87773792601741163        1.2079072055915685E-002   7.9314621806774260E-002   2.1318658860409245        2.4246408572296230     
   6.4125000000000001E-002  0.87715752729404473        1.2115797338431848E-002   7.9386944740662907E-002   2.1306497936766955        2.4248479931710403     
   6.4875000000000002E-002  0.87675217611374090        1.2454982800151428E-002   8.0013021618905278E-002   2.1292866156583274        2.4243420028753029     
   6.5625000000000003E-002  0.87635398116701757        1.3209798572002350E-002   8.1071793922035756E-002   2.1276519839048604        2.4234527153506091     
   6.6375000000000003E-002  0.87582356738448219        1.4366446759985708E-002   8.2347819123015253E-002   2.1256699005377175        2.4224979137988001     
   6.7125000000000004E-002  0.87515413108009121        1.5747839383137188E-002   8.3621951616741436E-002   2.1234568340943376        2.4216534978067732     
   6.7875000000000005E-002  0.87449518181932362        1.7074075600833061E-002   8.4693344426856179E-002   2.1213191692423137        2.4208838768040333     
   6.8625000000000005E-002  0.87403064509483963        1.8091901663710143E-002   8.5423127491639383E-002   2.1195857722118547        2.4200800467575738     
   6.9375000000000006E-002  0.87375746262846410        1.8689516799709031E-002   8.5813165731326302E-002   2.1183947484567947        2.4194138873495650     
   7.0125000000000007E-002  0.87342377741750976        1.8935532728563225E-002   8.5993793020819748E-002   2.1175945116948824        2.4193936629785453     
   7.0875000000000007E-002  0.87277367314829657        1.9025273804065511E-002   8.6076130244407051E-002   2.1168409337281204        2.4203170477199643     
   7.1625000000000008E-002  0.87187027980750487        1.9156174469481806E-002   8.6003868307298198E-002   2.1158389543737579        2.4216752439647879     
   7.2374999999999995E-002  0.87112213763507529        1.9405099745855435E-002   8.5560827133526848E-002   2.1145640779941406        2.4223309218716604     
   7.3124999999999996E-002  0.87092044187356654        1.9693845473460644E-002   8.4558383943264509E-002   2.1133028945058721        2.4215476020264282     
   7.3874999999999996E-002  0.87127667097579975        1.9872467766100122E-002   8.3079008149031824E-002   2.1124863730093946        2.4197810971406923     
   7.4624999999999997E-002  0.87184054301930169        1.9872619268836881E-002   8.1579297805439585E-002   2.1124348045833670        2.4183224695762218     
   7.5374999999999998E-002  0.87223151763752027        1.9819683004442736E-002   8.0723868948503155E-002   2.1131712211607030        2.4181774610476459     
   7.6124999999999998E-002  0.87234700971347845        1.9983242228936899E-002   8.1037489504846794E-002   2.1144001083267439        2.4192290174665665     
   7.6874999999999999E-002  0.87234321175751917        2.0566287794682999E-002   8.2584102262362874E-002   2.1156452192097817        2.4204850425434983     
   7.7625000000000000E-002  0.87236883050026770        2.1515264529170131E-002   8.4850075758294244E-002   2.1164616123190685        2.4210744286264978     
   7.8375000000000000E-002  0.87236438003729233        2.2539085787713548E-002   8.6957207428562319E-002   2.1166182000098601        2.4209987662469561     
   7.9125000000000001E-002  0.87216225187146690        2.3319369016077521E-002   8.8152043247044357E-002   2.1161714142572587        2.4208852936616614     
   7.9875000000000002E-002  0.87174547535950730        2.3722753273458415E-002   8.8239037623241576E-002   2.1153983824015801        2.4211307461555349     
   8.0625000000000002E-002  0.87124901242999298        2.3858705091215869E-002   8.7615989190678645E-002   2.1146277568130185        2.4216906478873224     
   8.1375000000000003E-002  0.87082311827651893        2.3982686893993896E-002   8.6911365700901771E-002   2.1140758400025277        2.4223157531882298     
   8.2125000000000004E-002  0.87057421573869742        2.4340275456932459E-002   8.6535727245413849E-002   2.1137850773035542        2.4227043689757801     
   8.2875000000000004E-002  0.87050703245791083        2.5047732217667130E-002   8.6518266508559330E-002   2.1136807894144622        2.4227500734019904     
   8.3625000000000005E-002  0.87060847335847691        2.6070867041644262E-002   8.6709727978928119E-002   2.1136841021829342        2.4224158298442853     
   8.4375000000000006E-002  0.87091861362914869        2.7287418613451360E-002   8.7026112344099280E-002   2.1137957007146584        2.4216042297735205     
   8.5125000000000006E-002  0.87127642291480756        2.8547089291191957E-002   8.7483791991766729E-002   2.1141108136104485        2.4208747306845200     
   8.5875000000000007E-002  0.87128352039261925        2.9681210599746051E-002   8.8129342089396559E-002   2.1147906640236402        2.4215171776408790     
   8.6625000000000008E-002  0.87100617873133190        3.0504604396426348E-002   8.8957723547968937E-002   2.1160090717949163        2.4235559195689800     
   8.7375000000000008E-002  0.87140117932027894        3.0845894030185117E-002   8.9778561464406215E-002   2.1178575439250578        2.4244708491918079     
   8.8124999999999995E-002  0.87323602021885538        3.0590167464903062E-002   9.0189545419753062E-002   2.1202371521951742        2.4220758495806542     
   8.8874999999999996E-002  0.87587364450372862        2.9754458822463310E-002   8.9865579589502531E-002   2.1228222918950346        2.4178222002036494     
   8.9624999999999996E-002  0.87804803131307541        2.8577571111542556E-002   8.8892776313339389E-002   2.1251288270895805        2.4146333538247680     
   9.0374999999999997E-002  0.87928893120182672        2.7460592044073945E-002   8.7663167306697681E-002   2.1266679021880259        2.4131649009732969     
   9.1124999999999998E-002  0.87981272526135279        2.6728997165448076E-002   8.6480275107811089E-002   2.1271461238255469        2.4124336927591896     
   9.1874999999999998E-002  0.87980652132264392        2.6456681160805982E-002   8.5408764464162762E-002   2.1265933821573277        2.4119507392179473     
   9.2624999999999999E-002  0.87943794718189694        2.6510398997104879E-002   8.4405860303380417E-002   2.1253124163936219        2.4116111163138658     
   9.3375000000000000E-002  0.87903358565639123        2.6712679406786274E-002   8.3431382635434106E-002   2.1236916726963617        2.4109732323733084     
   9.4125000000000000E-002  0.87892062341666632        2.6964996904618763E-002   8.2495385819243677E-002   2.1220429524757001        2.4094983708826208     
   9.4875000000000001E-002  0.87925233609783737        2.7273163476217582E-002   8.1704885641893349E-002   2.1205679892786016        2.4069868055351411     
   9.5625000000000002E-002  0.87991970082736959        2.7688056968740889E-002   8.1239736815154728E-002   2.1194141228680001        2.4038877800963485     
   9.6375000000000002E-002  0.88052435114154304        2.8223743692084545E-002   8.1223626059184234E-002   2.1187218653919340        2.4014364954035692     
   9.7125000000000003E-002  0.88066660275863806        2.8839295718477015E-002   8.1593988077311524E-002   2.1186025284030556        2.4008523404875932     
   9.7875000000000004E-002  0.88033637830479150        2.9484611136269368E-002   8.2113797455534210E-002   2.1190584119207685        2.4021897838026711     
   9.8625000000000004E-002  0.87991979854279556        3.0129667749842416E-002   8.2540971269318419E-002   2.1199319702514297        2.4042472401697612     
   9.9375000000000005E-002  0.87986078123100853        3.0752889589257561E-002   8.2767819662686301E-002   2.1209621667565637        2.4055303091808979     
  0.10012500000000001       0.88031645360128419        3.1337098449970652E-002   8.2790506364394459E-002   2.1219248571775200        2.4053555017495438     
  0.10087500000000001       0.88110229044857857        3.1893541289585908E-002   8.2591227132112047E-002   2.1227449809555452        2.4041440789410822     
  0.10162500000000001       0.88192594409193825        3.2476754449670832E-002   8.2125092471990818E-002   2.1234979408915509        2.4027824883994753     
  0.10237500000000001       0.88257173554059998        3.3155357180783177E-002   8.1445046963186329E-002   2.1243117232168345        2.4019928721191337     
  0.10312500000000001       0.88285894104009643        3.3961204864552168E-002   8.0804845184126617E-002   2.1252665714331416        2.4023265655009971     
  0.10387500000000000       0.88268803883767344        3.4875584257896629E-002   8.0560274768236989E-002   2.1263682741092618        2.4040237949109389     
  0.10462500000000000       0.88222938950309393        3.5853545781845193E-002   8.0900001621594900E-002   2.1275783178307979        2.4065629178226740     
  0.10537500000000000       0.88184625927280402        3.6833750946014834E-002   8.1682169806872887E-002   2.1288356277426175        2.4089044927095218     
  0.10612500000000000       0.88175048555806868        3.7733686933142038E-002   8.2549795041511720E-002   2.1300384912408341        2.4103949660458901     
  0.10687500000000000       0.88185166469568599        3.8488612491280334E-002   8.3210173204540994E-002   2.1310330841065990        2.4111394862746822     
  0.10762500000000000       0.88192884540454530        3.9126379223261357E-002   8.3640304705539292E-002   2.1316653190545898        2.4115678734793264     
  0.10837500000000000       0.88183765596137054        3.9778619478790779E-002   8.4051735447982376E-002   2.1318855591022334        2.4119889826164838     
  0.10912500000000000       0.88155332528908203        4.0583002487723958E-002   8.4621983003114132E-002   2.1318142442756907        2.4125807654836651     
  0.10987500000000000       0.88114810691266798        4.1567961935408460E-002   8.5268086168762483E-002   2.1316851002878718        2.4134182863045814     
  0.11062500000000000       0.88076819614613044        4.2637686351223253E-002   8.5726899845751242E-002   2.1316893534655903        2.4143529944034907     
  0.11137500000000000       0.88052624873071461        4.3670170483250635E-002   8.5863452157075359E-002   2.1318446206680570        2.4151185335517020     
  0.11212500000000000       0.88036654035040529        4.4634530237007253E-002   8.5893931807642723E-002   2.1319983899473312        2.4156719280238450     
  0.11287500000000000       0.88008635997908458        4.5617812745087784E-002   8.6292893470279783E-002   2.1319597885629116        2.4162935520390483     
  0.11362500000000000       0.87955538212459483        4.6735821314797088E-002   8.7421366866478875E-002   2.1316452471505261        2.4171974809984529     
  0.11437500000000000       0.87890840948775539        4.8010380727128557E-002   8.9178300912540892E-002   2.1311281520290120        2.4181047926222861     
  0.11512500000000001       0.87843060314015542        4.9320994565047724E-002   9.0979045420061411E-002   2.1305766933702541        2.4184958158030216     
  0.11587500000000001       0.87826887871376280        5.0473296781158361E-002   9.2099207331862415E-002   2.1301482668195493        2.4182445990161074     
  0.11662500000000001       0.87836507847060807        5.1342561285322094E-002   9.2158792032367751E-002   2.1299208364660833        2.4176571356386090     
  0.11737500000000001       0.87859777504915693        5.1981834184267627E-002   9.1414357742237412E-002   2.1298796259583419        2.4170175570951673     
  0.11812500000000001       0.87883340904996732        5.2587502925333471E-002   9.0601241300887619E-002   2.1299389129601791        2.4164936945877247     
  0.11887500000000001       0.87890907484918235        5.3345199963314618E-002   9.0422080245449288E-002   2.1299959355035307        2.4163201872169777     
  0.11962500000000000       0.87874496585640371        5.4302758257926589E-002   9.1037542913118052E-002   2.1300038009843441        2.4166400034472315     
  0.12037500000000000       0.87847134672994509        5.5376925178763720E-002   9.1965177252468555E-002   2.1300256443657863        2.4172289951189900     
  0.12112500000000000       0.87832781202773869        5.6460467461073111E-002   9.2539483903600409E-002   2.1302331486500297        2.4177118268264386     
  0.12187500000000000       0.87842799621141165        5.7513673070595711E-002   9.2483359554899100E-002   2.1308169700272703        2.4180305245233695     
  0.12262500000000000       0.87871494948829632        5.8568129244238175E-002   9.1966014649103089E-002   2.1318318323779843        2.4183808699183520     
  0.12337500000000000       0.87910811168374814        5.9667917913650281E-002   9.1220307986746407E-002   2.1331044076311527        2.4187545674148363     
  0.12412500000000000       0.87955952356768774        6.0812084096190065E-002   9.0334638538163037E-002   2.1343108290358037        2.4189035971312589     
  0.12487500000000000       0.88001868731781019        6.1945154090138649E-002   8.9413198501520935E-002   2.1351564032464427        2.4186234833638198     
  0.12562500000000001       0.88045099922249703        6.3000326551247626E-002   8.8662709636515610E-002   2.1354829673025790        2.4178117291556505     
  0.12637500000000002       0.88081259481882390        6.3936913099017917E-002   8.8117501625349509E-002   2.1352132947075075        2.4165016204822969     
  0.12712500000000002       0.88094709562097129        6.4707848031252416E-002   8.7468178145477402E-002   2.1342370298938564        2.4150351998901023     
  0.12787500000000002       0.88062789944716102        6.5198825998531384E-002   8.6423950055482340E-002   2.1324032802613857        2.4139014294519514     
  0.12862500000000002       0.87979802833155785        6.5254057062640036E-002   8.5118585461384927E-002   2.1296303399517145        2.4131594125184255     
  0.12937500000000002       0.87868077878634021        6.4802999294264266E-002   8.3928863484298497E-002   2.1260067029369414        2.4122625876731179     
  0.13012500000000002       0.87757248739550964        6.3962049623874778E-002   8.3011438431392665E-002   2.1218044305539125        2.4106810589721213     
  0.13087500000000002       0.87660589991704629        6.3010790954259085E-002   8.2208996321578257E-002   2.1174191831405844        2.4084936467001601     
  0.13162500000000002       0.87576129967461613        6.2269303928603498E-002   8.1308165063902899E-002   2.1132743993485805        2.4062335145797955     
  0.13237500000000002       0.87499862658529248        6.1954719523554871E-002   8.0221118798119731E-002   2.1097213669411201        2.4044044667926974     
  0.13312500000000002       0.87431366934863286        6.2082929921824841E-002   7.9000180065842751E-002   2.1069770729091579        2.4032608257541908     
  0.13387500000000002       0.87373500024715900        6.2468565153353667E-002   7.7800696549941678E-002   2.1051146501208460        2.4028082743920756     
  0.13462500000000002       0.87331803908976302        6.2831116390775890E-002   7.6769607764170800E-002   2.1040719715408196        2.4028331425246487     
  0.13537500000000002       0.87311610390331529        6.2944608483002318E-002   7.5923806348488512E-002   2.1036637163000518        2.4029951392597764     
  0.13612500000000002       0.87313957801374387        6.2743709032698131E-002   7.5178452295656659E-002   2.1036236412524252        2.4029752344664725     
  0.13687500000000002       0.87332985392521900        6.2333998287733519E-002   7.4499543895199180E-002   2.1036918304923358        2.4026313492506950     
  0.13762500000000003       0.87355230830765462        6.1918107924378775E-002   7.4016072592802351E-002   2.1037137233575560        2.4021270504662575     
  0.13837500000000003       0.87362145993160434        6.1700311628504256E-002   7.3976170096442723E-002   2.1036817942975814        2.4019223517712867     
  0.13912500000000003       0.87346180465897505        6.1835872567678002E-002   7.4551156459394308E-002   2.1036749205309899        2.4022854610110929     
  0.13987500000000003       0.87325924271293143        6.2428928837115746E-002   7.5630823127102953E-002   2.1037398190709613        2.4027609540214789     
  0.14062500000000003       0.87319126687883708        6.3515546006275250E-002   7.6744563300245150E-002   2.1038196165692087        2.4028378655626117     
  0.14137500000000003       0.87308760487141934        6.5009515086883338E-002   7.7185692889904178E-002   2.1038049222523423        2.4029350670681020     
  0.14212500000000003       0.87282830064786154        6.6687323401850934E-002   7.6459029375771592E-002   2.1036895460754446        2.4034430270190237     
  0.14287500000000003       0.87302921381475063        6.8282260443549347E-002   7.4841781840205249E-002   2.1036878537127732        2.4029088321616592     
  0.14362500000000003       0.87449000861982507        6.9600078893876954E-002   7.3346286081319545E-002   2.1041162188278495        2.3994220537832174     
  0.14437500000000000       0.87627540796138770        7.0501833953030515E-002   7.2850789425580431E-002   2.1050720590332599        2.3956025585776550     
  0.14512500000000000       0.87541194856083715        7.0864909450020191E-002   7.3266861032603298E-002   2.1062332294622133        2.3992121185365622     
  0.14587500000000000       0.87028665083037027        7.0723249148340217E-002   7.3702723876369447E-002   2.1070251961711102        2.4141823760553351     
  0.14662500000000001       0.86310196595455868        7.0322774584226491E-002   7.3395275324545137E-002   2.1070790260981029        2.4343514775806829     
  0.14737500000000001       0.85701346846995274        6.9882486266645380E-002   7.2305441048827565E-002   2.1065880015940892        2.4511734441164434     
  0.14812500000000001       0.85293008517658597        6.9497257404646295E-002   7.0939526170638839E-002   2.1061774467251317        2.4625653010405339     
  0.14887500000000001       0.85076596755561051        6.9369642617515687E-002   6.9951568190661395E-002   2.1064392031730064        2.4692281809307093     
  0.14962500000000001       0.85149150885290359        6.9893377570029253E-002   6.9893377584864413E-002   2.1075732912061369        2.4684170991768939     
  0.15037500000000001       0.85612582529720616        7.1333264712629102E-002   7.0955776378371804E-002   2.1093531431642218        2.4569296838679016     
  0.15112500000000001       0.86372236228816601        7.3489541573762807E-002   7.2754557569262648E-002   2.1113389407158043        2.4372974715018634     
  0.15187500000000001       0.87162886317913524        7.5775769366880574E-002   7.4497970351817031E-002   2.1131253948495132        2.4169093121299006     
  0.15262500000000001       0.87752315589038588        7.7615880075311255E-002   7.5474644821544160E-002   2.1144711180954991        2.4019797642055205     
  0.15337500000000001       0.88055926690784403        7.8757587981785671E-002   7.5396810632925193E-002   2.1152603977213262        2.3945128299062395     
  0.15412500000000001       0.88096423247417643        7.9305872721162671E-002   7.4437005658468516E-002   2.1154044673004191        2.3936159850768335     
  0.15487500000000001       0.87952009575029066        7.9576653745943055E-002   7.3161700300472754E-002   2.1148668835181494        2.3970163070278807     
  0.15562500000000001       0.87746168024032900        7.9904039984620784E-002   7.2367795806787177E-002   2.1137974474528094        2.4014439877638463     
  0.15637500000000001       0.87595612293726988        8.0459935760217982E-002   7.2679733487607145E-002   2.1125527922368406        2.4040500118677155     
  0.15712500000000001       0.87518845907730958        8.1170013869911073E-002   7.4119316157747653E-002   2.1115050488877123        2.4047419435595678     
  0.15787500000000002       0.87433288107949569        8.1823437883463315E-002   7.6085101858103868E-002   2.1108187309076079        2.4060396320082273     
  0.15862500000000002       0.87271947590043664        8.2311367872342889E-002   7.7802475449037595E-002   2.1104294026321186        2.4098003982184202     
  0.15937500000000002       0.87069365681601396        8.2751815945982174E-002   7.8817292040413239E-002   2.1102323793898661        2.4150085153518321     
  0.16012500000000002       0.86913995786466225        8.3381651954947927E-002   7.9144670929358868E-002   2.1102532635314426        2.4192307675903755     
  0.16087500000000002       0.86854834122983926        8.4369776429408308E-002   7.9103957937956132E-002   2.1106062840020328        2.4211735316118403     
  0.16162500000000002       0.86874799952799420        8.5723632977182940E-002   7.9074823603031544E-002   2.1113318984373572        2.4213048611605039     
  0.16237500000000002       0.86926896473155146        8.7288247106973416E-002   7.9299501384332408E-002   2.1123623703045515        2.4208419167266393     
  0.16312500000000002       0.86976898804640790        8.8777977994126164E-002   7.9765588827034967E-002   2.1136830712820167        2.4207515718595265     
  0.16387500000000002       0.87022676800623910        8.9852910046686954E-002   8.0243247010924737E-002   2.1154548843717738        2.4213418894300380     
  0.16462500000000002       0.87084539684946638        9.0272967104390256E-002   8.0486790902389332E-002   2.1178377441908496        2.4222891915973093     
  0.16537500000000002       0.87177634265480486        9.0065436356326481E-002   8.0436172716145879E-002   2.1206248096119702        2.4229397608864303     
  0.16612500000000002       0.87288290834511861        8.9542248434301891E-002   8.0240836745681221E-002   2.1231501776120667        2.4228557096490766     
  0.16687500000000002       0.87381217044206627        8.9104268885552534E-002   8.0112309416334682E-002   2.1247485238264354        2.4221830810396594     
  0.16762500000000002       0.87438049922009664        8.8990417471768613E-002   8.0163429438070338E-002   2.1253872725353293        2.4213532383337801     
  0.16837500000000002       0.87478092376035788        8.9173988923679781E-002   8.0310150585198470E-002   2.1257552413024769        2.4206330615961988     
  0.16912500000000003       0.87534333692581834        8.9475448086636905E-002   8.0267554647359879E-002   2.1266245730955027        2.4200462852775941     
  0.16987500000000003       0.87618546856168100        8.9786186325890388E-002   7.9803174978842845E-002   2.1281140006933037        2.4194413835196045     
  0.17062500000000003       0.87708769858739755        9.0176487320526438E-002   7.9102532239651052E-002   2.1295915306891198        2.4186735422085315     
  0.17137500000000003       0.87765584676249220        9.0771533324507839E-002   7.8650447288170597E-002   2.1302819376362421        2.4178769210422972     
  0.17212500000000003       0.87769565149997020        9.1572309319690556E-002   7.8606320178943423E-002   2.1299628446909473        2.4173138649892318     
  0.17287500000000003       0.87744345981863026        9.2446880675510643E-002   7.8554691129255616E-002   2.1291031561421558        2.4169269095605710     
  0.17362500000000003       0.87732696001873745        9.3246718187350613E-002   7.8002523914694644E-002   2.1283899176047663        2.4163932883632597     
  0.17437500000000003       0.87753521705883863        9.3876397384750093E-002   7.6957600945645424E-002   2.1281628170161677        2.4155919428963117     
  0.17512500000000003       0.87792250566595842        9.4304866356039907E-002   7.5921786918188378E-002   2.1282629743326762        2.4146950484012648     
  0.17587500000000000       0.87827158115834902        9.4583093740307309E-002   7.5347117829030932E-002   2.1283115929061411        2.4138167275346363     
  0.17662500000000000       0.87848436645228667        9.4829497833890511E-002   7.5210867876271861E-002   2.1280717174641088        2.4129443476146610     
  0.17737500000000000       0.87853874220615813        9.5150323909275025E-002   7.5199628022000892E-002   2.1275879378972604        2.4122065365865302     
  0.17812500000000001       0.87846002040725768        9.5574336958582043E-002   7.5178589503073059E-002   2.1270500343394958        2.4117591752845704     
  0.17887500000000001       0.87831870558321790        9.6075516491296475E-002   7.5322963049094374E-002   2.1265619761406591        2.4115136571412243     
  0.17962500000000001       0.87813277901797138        9.6659752501953855E-002   7.5765206054833487E-002   2.1260651684531657        2.4113401071771619     
  0.18037500000000001       0.87785354154455986        9.7396880736012867E-002   7.6301869831458660E-002   2.1254749519200784        2.4112859204056911     
  0.18112500000000001       0.87748941819614779        9.8313215571946902E-002   7.6618020812894372E-002   2.1248641215115867        2.4114384262568671     
  0.18187500000000001       0.87716169025931523        9.9281681969583868E-002   7.6601796053332116E-002   2.1244776755949477        2.4117723191074933     
  0.18262500000000001       0.87700810531002937       0.10008318493685646        7.6346657376550581E-002   2.1245454055270345        2.4121916078452164     
  0.18337500000000001       0.87704816971006583       0.10056990453923714        7.6090124452909913E-002   2.1250820867230544        2.4126557419962649     
  0.18412500000000001       0.87722356598108042       0.10079535216062976        7.6036383819435893E-002   2.1258420064393722        2.4130175038052406     
  0.18487500000000001       0.87745328254499688       0.10102791365989058        7.6100132665718190E-002   2.1264521455291590        2.4130470614693320     
  0.18562500000000001       0.87762351132313265       0.10159552166424088        7.6066850483279325E-002   2.1267451094414245        2.4128434701313384     
  0.18637500000000001       0.87776652389762833       0.10262973346934831        7.5945587280118243E-002   2.1271322755782647        2.4127680313086706     
  0.18712500000000001       0.87817313138645992       0.10387579521824226        7.5905387431154603E-002   2.1285851947649430        2.4131473831010903     
  0.18787500000000001       0.87910996508502559       0.10478258319585554        7.6021402582614833E-002   2.1319772229593923        2.4143118727961967     
  0.18862500000000001       0.88053530153190440       0.10494674156469749        7.6288029161983295E-002   2.1371699234678738        2.4162701283208441     
  0.18937500000000002       0.88211563427573414       0.10453494646759345        7.6679569991360136E-002   2.1427124789019811        2.4182609293517476     
  0.19012500000000002       0.88338046343292764       0.10414710400866443        7.7059655663551690E-002   2.1466973132549372        2.4193392008010028     
  0.19087500000000002       0.88397713363277564       0.10421805713563670        7.7233567379609347E-002   2.1481673533927417        2.4193497951347238     
  0.19162500000000002       0.88397026796059253       0.10468943200725329        7.7139610556223107E-002   2.1477148841863176        2.4188029122326249     
  0.19237500000000002       0.88376352158726057       0.10528126010916185        7.6856151496984521E-002   2.1467592620968459        2.4182333142222578     
  0.19312500000000002       0.88373083592839508       0.10588630331233173        7.6479681975679378E-002   2.1464584075744124        2.4179370752321026     
  0.19387500000000002       0.88403749323961955       0.10660111514366026        7.6162817771820851E-002   2.1472942830496566        2.4179814119905254     
  0.19462500000000002       0.88461372256152138       0.10754378558822289        7.6132296298348862E-002   2.1492066434042698        2.4184492998670128     
  0.19537500000000002       0.88520362118257978       0.10883061299659667        7.6574953392181760E-002   2.1516782187587324        2.4194163325121143     
  0.19612500000000002       0.88556820609953901       0.11062982590402796        7.7549054570485873E-002   2.1538901134330328        2.4205751639699371     
  0.19687500000000002       0.88572021507396481       0.11297182475649983        7.8864026109594698E-002   2.1553231525465915        2.4213148214236848     
  0.19762500000000002       0.88590622020123366       0.11545287863123091        8.0113113802628144E-002   2.1563938032977998        2.4215299538893822     
  0.19837500000000002       0.88645252140687636       0.11737139140320547        8.1074994126586628E-002   2.1582236188112187        2.4217266950010363     
  0.19912500000000002       0.88749744527193819       0.11828120473353451        8.1872701156886218E-002   2.1614748144690523        2.4223353385127773     
  0.19987500000000002       0.88881017257091233       0.11836161004065093        8.2470275536727256E-002   2.1655416909222955        2.4232784862839951     
  0.20062500000000003       0.89000703082913368       0.11819623527589754        8.2486458403857377E-002   2.1691049589318028        2.4240640628055741     
  0.20137500000000003       0.89080179671346960       0.11815688214367998        8.1827582831739548E-002   2.1713768929866499        2.4245375361591925     
  0.20212500000000003       0.89107806979524851       0.11811550413584267        8.1093802026269549E-002   2.1725890007846500        2.4252315660012402     
  0.20287500000000003       0.89097773060107666       0.11780690981010106        8.1048888266590596E-002   2.1733996057617624        2.4264634674803869     
  0.20362500000000003       0.89090670800227167       0.11725071133063700        8.1699175022876741E-002   2.1741220264153984        2.4274824489319942     
  0.20437500000000003       0.89113381916062318       0.11670043173661268        8.2340606733832408E-002   2.1745504122558694        2.4273625951402660     
  0.20512500000000003       0.89140042639924810       0.11639011920609683        8.2546078405653492E-002   2.1742651584801505        2.4263446294627520     
  0.20587500000000003       0.89125913356987396       0.11653536759795259        8.2421613253431003E-002   2.1730514539265515        2.4253570929405370     
  0.20662500000000003       0.89070817105159050       0.11740093464921830        8.2194665889155707E-002   2.1712141223929420        2.4246825558065099     
  0.20737500000000003       0.89012515116813096       0.11897662670069042        8.2103200991460526E-002   2.1696654287530923        2.4242967867209697     
  0.20812500000000000       0.88993665511063758       0.12075392554170206        8.2293261062372697E-002   2.1696010479295920        2.4244464207959018     
  0.20887500000000001       0.89029944597628852       0.12218579014875633        8.2489782171467449E-002   2.1715275582693012        2.4253879983163280     
  0.20962500000000001       0.89094767895915372       0.12324958475605371        8.2177066200885718E-002   2.1743157479457347        2.4266307503421802     
  0.21037500000000001       0.89132145355839099       0.12425218977113854        8.1388206495057888E-002   2.1757883742748350        2.4271961551136703     
  0.21112500000000001       0.89106587613513577       0.12513102250827182        8.0857428535572207E-002   2.1750273478520623        2.4269504972658682     
  0.21187500000000001       0.89066740943280132       0.12529464862832781        8.0983094501175246E-002   2.1738234173176578        2.4266396474828138     
  0.21262500000000001       0.89092143145673430       0.12435972831904848        8.1332178853778789E-002   2.1744646457274621        2.4267828288590363     
  0.21337500000000001       0.89138669921034031       0.12313636601848886        8.1326361845699385E-002   2.1753503790565865        2.4267081848655976     
  0.21412500000000001       0.89022941172244541       0.12347748884865481        8.0908705275058293E-002   2.1707509902519004        2.4246681919104067     
  0.21487500000000001       0.88719566859799626       0.12546204147889359        8.0449906545966662E-002   2.1602350872475520        2.4207923396070954     
  0.21562500000000001       0.88805416588608310       0.12319728628225701        8.0597244132741136E-002   2.1625693559621224        2.4214362624143617     
  0.21637500000000001       0.90336165870010965       0.10590249547484647        8.2238602072137873E-002   2.2123694424268203        2.4380252576219155     
  0.21712500000000001       0.93520324884708061        7.0848118342580424E-002   8.5362610659618907E-002   2.3182679118613705        2.4718567569734056     
  0.21787500000000001       0.96636244608925281        3.6104127777869768E-002   8.7851823040182173E-002   2.4246903867942029        2.5042598249929697     
  0.21862500000000001       0.97822361464586205        2.3338853888296138E-002   8.7778151330568405E-002   2.4665353310822802        2.5171327059155275     
  0.21937500000000001       0.97364403383713904        2.9964727800206099E-002   8.6152539299486158E-002   2.4511052541994243        2.5130668766013273     
  0.22012500000000002       0.96710017700829343        3.9081508032740908E-002   8.5373861690621514E-002   2.4283733042551914        2.5062711957253865     
  0.22087500000000002       0.96586039626210751        4.2200618525862502E-002   8.5775191380302263E-002   2.4233931285209551        2.5041532895187077     
  0.22162500000000002       0.96816202744195801        4.1499538969566249E-002   8.6539018048325395E-002   2.4299965823277732        2.5049934325970495     
  0.22237500000000002       0.96970055489794116        4.1764079699561821E-002   8.7664617178255855E-002   2.4342065772460479        2.5052523565581590     
  0.22312500000000002       0.96865596034972468        4.4874688432010978E-002   8.8972655441660095E-002   2.4303151708263693        2.5036645391033878     
  0.22387500000000002       0.96666141381489379        4.9307486895140092E-002   8.9756870763278790E-002   2.4235139347866417        2.5014853073825125     
  0.22462500000000002       0.96549110202162525        5.2639541884230638E-002   8.9460335959388737E-002   2.4205192734347056        2.5012552540573378     
  0.22537500000000002       0.96527843655396262        5.4159102181202942E-002   9.0552288233195818E-002   2.4208117478045277        2.5019154734944435     
  0.22612500000000002       0.96491232234326374        5.5150382738168011E-002   9.4498219117797599E-002   2.4197765629284400        2.5013393497035867     
  0.22687500000000002       0.96367224557508446        5.7485048534550776E-002   9.7092742558098730E-002   2.4171758491635793        2.5014418780838743     
  0.22762500000000002       0.96221690291738815        6.1342664206942843E-002   9.3727696939649760E-002   2.4151511881248231        2.5032099555656684     
  0.22837500000000002       0.96202067066142305        6.4932285755328278E-002   8.7982643576841144E-002   2.4140996066811589        2.5029451862336423     
  0.22912500000000002       0.96239552481285329        6.6592065071099577E-002   8.5908876065066545E-002   2.4126363905924748        2.5005292356674311     
  0.22987500000000002       0.96239526222378213        6.6809628576350102E-002   8.7595862490358944E-002   2.4109601375091310        2.4986144866163706     
  0.23062500000000002       0.96207643011399779        6.7229137808825529E-002   9.0170623022323426E-002   2.4096621318753169        2.4978135582296490     
  0.23137500000000003       0.96177447483487410        6.8389597760599802E-002   9.1649489850850169E-002   2.4089881318472557        2.4976644161395272     
  0.23212500000000003       0.96178152416600970        7.0161600676283270E-002   9.2712594880259458E-002   2.4095009928039346        2.4979407544279928     
  0.23287500000000003       0.96205635779527898        7.2362829442628590E-002   9.3760753404302732E-002   2.4111868262318930        2.4987065001796669     
  0.23362500000000003       0.96230187630711717        7.4543490409682139E-002   9.4560698440639690E-002   2.4128466889960944        2.4995414965368274     
  0.23437500000000003       0.96230949333310212        7.6322239819090892E-002   9.4989397958452709E-002   2.4134122930619428        2.4999207631422449     
  0.23512500000000003       0.96226570558193569        7.7786430220905867E-002   9.5268901578051179E-002   2.4134050292199110        2.4998760488555640     
  0.23587500000000003       0.96258893776083143        7.9225538224027392E-002   9.5377247587005734E-002   2.4143465488494193        2.4998843803765265     
  0.23662500000000003       0.96319299761476540        8.0434104448789095E-002   9.5320396486283168E-002   2.4160711407890947        2.5000141379361427     
  0.23737500000000003       0.96353817472098724        8.1090834810008672E-002   9.4924376940984878E-002   2.4165706688631845        2.4996234142338363     
  0.23812500000000003       0.96323070365104679        8.1286578383407235E-002   9.3990261871263220E-002   2.4150390382425599        2.4989065068712342     
  0.23887500000000003       0.96241182193154029        8.0940788599642779E-002   9.3088072457747945E-002   2.4124389303790235        2.4984453847127370     
  0.23962500000000000       0.96153621873858686        8.0077782140895545E-002   9.2671685737153425E-002   2.4102533082668609        2.4985569832291459     
  0.24037500000000001       0.96073918433324568        7.9074103923066963E-002   9.2354104699127443E-002   2.4083146516949152        2.4987235441707383     
  0.24112500000000001       0.96014305825485724        7.8203070317560422E-002   9.2344407020530095E-002   2.4060948938604017        2.4980333272866684     
  0.24187500000000001       0.95935674878600563        7.7395078107865209E-002   9.2182662420484146E-002   2.4021518076220185        2.4960486333488596     
  0.24262500000000001       0.95671415144555794        7.5384796309651086E-002   9.0356156534998719E-002   2.3916293039148067        2.4922726374540174     
  0.24337500000000001       0.94962165654490893        6.9745292560898453E-002   8.4510223773222870E-002   2.3657645926205637        2.4846136452027037     
  0.24412500000000001       0.93670171973636684        5.9481252963858096E-002   7.3400980498430884E-002   2.3196669982963605        2.4713337306786407     
  0.24487500000000001       0.92004735483045574        4.6971044278414142E-002   5.9007221341757586E-002   2.2610335864642930        2.4541588626783302     
  0.24562500000000001       0.90377309737021161        3.6060581980251222E-002   4.5068459333565909E-002   2.2047548062328945        2.4374610051336010     
  0.24637500000000001       0.89061818396785608        2.8598549959499869E-002   3.4010181363334988E-002   2.1602722498564120        2.4243427205918584     
  0.24712500000000001       0.88104779080827111        2.3906377240433846E-002   2.5897943056638249E-002   2.1282080604084728        2.4147419880280494     
  0.24787500000000001       0.87448171447832479        2.0651972817376150E-002   1.9846122162203276E-002   2.1058107205369168        2.4075307962762160     
  0.24862500000000001       0.87045959110310545        1.8135559149578519E-002   1.5216565676543902E-002   2.0912283306628643        2.4020717661967548     
  0.24937500000000001       0.86852565209371879        1.6285903799455062E-002   1.2081547169445234E-002   2.0836027846589502        2.3987386668804649     
  0.25012499999999999       0.86809653223459404        1.5198153161265979E-002   1.0677348759119312E-002   2.0817436571284191        2.3978265955282327     
  0.25087500000000001       0.86880094530086693        1.4883212899213865E-002   1.0785771093383257E-002   2.0838043226480605        2.3982592369078577     
  0.25162499999999999       0.87013648301925517        1.5263002794450996E-002   1.1753350618207497E-002   2.0876587424801087        2.3989862975719709     
  0.25237500000000002       0.87146840737914522        1.6254756386156605E-002   1.2657260533642073E-002   2.0914592705213679        2.3996460942838627     
  0.25312499999999999       0.87233754552511367        1.7854626684596621E-002   1.2954005427463762E-002   2.0939919826581255        2.4001180403925613     
  0.25387500000000002       0.87258836158251396        2.0088242604432423E-002   1.2651093084712328E-002   2.0948783436576681        2.4003934681190922     
  0.25462499999999999       0.87239511276596093        2.2866783843153340E-002   1.2100624065316257E-002   2.0944969442723740        2.4004184640224504     
  0.25537500000000002       0.87210940658928404        2.5912448603047696E-002   1.1757343926100805E-002   2.0936868169160205        2.4001834947322394     
  0.25612499999999999       0.87198032045856266        2.8844772379858802E-002   1.1947442639049462E-002   2.0932770345735641        2.3999602393934132     
  0.25687499999999996       0.87203002076328540        3.1349625521593386E-002   1.2714943286564291E-002   2.0937367603338313        2.4002390983988384     
  0.25762499999999999       0.87219110117048160        3.3279682685968433E-002   1.3768129662577833E-002   2.0950912511712931        2.4012486048985178     
  0.25837499999999997       0.87250993134753108        3.4573332516982129E-002   1.4661869298456493E-002   2.0972653261346208        2.4027888661733607     
  0.25912499999999999       0.87324177334921649        3.5039987170316672E-002   1.4949220079804411E-002   2.1006739965123096        2.4046525121114528     
  0.25987499999999997       0.87489899983621111        3.4170718163918604E-002   1.4321512422259788E-002   2.1066299525939662        2.4069583317186534     
  0.26062500000000000       0.87808629136157546        3.1247676511825910E-002   1.2770876242608741E-002   2.1169677636764184        2.4101491198704017     
  0.26137499999999997       0.88300945815056675        2.5870349063139515E-002   1.0546765492426259E-002   2.1326307296254168        2.4146839540912484     
  0.26212500000000000       0.88905931385546866        1.8571226854319840E-002   7.9865674825033324E-003   2.1520834190742422        2.4203712277779830     
  0.26287499999999997       0.89497201828961770        1.0856313012762261E-002   5.4964014918609787E-003   2.1713190959063726        2.4260382763928119     
  0.26362500000000000       0.89953569590749660        4.3995992499423452E-003   3.5000673796135471E-003   2.1860968965201257        2.4302307712616398     
  0.26437499999999997       0.90218199481424755        9.8141539704285597E-005   2.1478296694288652E-003   2.1944178662732634        2.4323421625279140     
  0.26512500000000000       0.90299208643380791       -2.1244942762848199E-003   1.2608478582975091E-003   2.1968588041569417        2.4328623226301449     
  0.26587499999999997       0.90239380488767518       -2.8344784161472548E-003   5.7489672797590577E-004   2.1951535201172026        2.4325841705231781     
  0.26662500000000000       0.90090613481770876       -2.6256196030165551E-003  -5.9804174898311002E-005   2.1909741244108205        2.4319629000960794     
  0.26737499999999997       0.89904007184288404       -1.9632589529383331E-003  -7.6337558365429411E-004   2.1856930920868280        2.4311381581728524     
  0.26812500000000000       0.89726020279797780       -1.1668032669110409E-003  -1.6036137086179025E-003   2.1804681216883384        2.4301377941573175     
  0.26887499999999998       0.89589577713465940       -4.4308182608329271E-004  -2.4556862877914655E-003   2.1761619228196243        2.4290308127638731     
  0.26962500000000000       0.89508382158622080        7.4334686539175767E-005  -2.9974586439725903E-003   2.1732404280611100        2.4279685920086749     
  0.27037499999999998       0.89480772176641321        3.0645386022640063E-004  -3.0825344903512852E-003   2.1717832795328036        2.4270889317285582     
  0.27112500000000000       0.89495236271068557        2.1067599144030977E-004  -2.9930422540553189E-003   2.1715967366852169        2.4264886014785936     
  0.27187499999999998       0.89532627687590038       -1.8265538107683742E-004  -2.8603624484589843E-003   2.1723781135729823        2.4263484518960512     
  0.27262500000000001       0.89567083499410260       -7.8695595516326173E-004  -2.4392357691638122E-003   2.1737939874276289        2.4269968780023943     
  0.27337499999999998       0.89591668275145975       -1.6222069521171934E-003  -2.4488408048558372E-003   2.1755154339455376        2.4282510421328278     
  0.27412500000000001       0.89608297477916576       -2.6336546082021649E-003  -3.5101225149558688E-003   2.1774471174758903        2.4299494953130618     
  0.27487499999999998       0.89609634355319900       -3.3436662612034429E-003  -3.7244803080145020E-003   2.1797704717950763        2.4325023856516159     
  0.27562500000000001       0.89687827513784235       -3.4767087225626393E-003  -1.5298186098841524E-003   2.1825639433583643        2.4335029183892591     
  0.27637499999999998       0.89852498636866918       -3.6538672719967002E-003   7.3663103086060798E-004   2.1857696191027398        2.4326111360865137     
  0.27712500000000001       0.90017105373207262       -4.4879653090498222E-003   4.6296186586151168E-004   2.1892503267826884        2.4320255698890620     
  0.27787499999999998       0.90121754265788412       -5.5979817434956124E-003  -8.7168651637097526E-004   2.1926004932421450        2.4329116797572969     
  0.27862500000000001       0.90148053372285264       -6.3124778858141915E-003  -5.0829461179209036E-004   2.1951748093416024        2.4350526526647895     
  0.27937499999999998       0.90140521825388087       -6.6067399447257112E-003   1.3723054757668819E-003   2.1966184168366896        2.4368542760819025     
  0.28012500000000001       0.90135386762946146       -6.8441888454470225E-003   3.0431346948327012E-003   2.1971015108474625        2.4375225623441934     
  0.28087499999999999       0.90129764264115120       -7.2155026519480220E-003   3.9325196512757735E-003   2.1970636695399386        2.4376256010769191     
  0.28162500000000001       0.90117630210938193       -7.6818709854409115E-003   4.2966366918886613E-003   2.1969857810069975        2.4378612619058906     
  0.28237499999999999       0.90102861072607698       -8.0602303865639578E-003   4.3261912992958243E-003   2.1972366061437745        2.4385354053908577     
  0.28312500000000002       0.90095002199202079       -8.1191645845135711E-003   4.2071800136988940E-003   2.1979261781519988        2.4395135326799906     
  0.28387499999999999       0.90105234716943794       -7.7389491112044382E-003   4.1619653191011102E-003   2.1989278019699432        2.4403520646774566     
  0.28462500000000002       0.90138324282221927       -6.9389239023040245E-003   4.2943674992666839E-003   2.2000305063040173        2.4406861188140603     
  0.28537499999999999       0.90184471594485682       -5.7719111945696705E-003   4.5485667750110852E-003   2.2010488572692837        2.4405741667824907     
  0.28612500000000002       0.90227253210936953       -4.2727848550268982E-003   4.8564104627147903E-003   2.2018661425547972        2.4403302522409658     
  0.28687499999999999       0.90256153453956267       -2.5373974317199543E-003   5.1936169108842533E-003   2.2024011260919694        2.4401467736498939     
  0.28762500000000002       0.90265352698262435       -8.1530438771135021E-004   5.4511170477145165E-003   2.2026032427865663        2.4401238671502048     
  0.28837499999999999       0.90255274408520081        5.4684716376154311E-004   5.4286972418638359E-003   2.2025174804042011        2.4403016918849256     
  0.28912499999999997       0.90232295221109848        1.2551725684658171E-003   5.0420840277649887E-003   2.2023672169739053        2.4407583241267172     
  0.28987499999999999       0.90201300983767174        1.1600896719924326E-003   4.5072284481451376E-003   2.2025751613365898        2.4418308054629057     
  0.29062499999999997       0.90179464192410008        2.9631152820246587E-004   4.1984104289483088E-003   2.2036579842219739        2.4436252556832678     
  0.29137500000000000       0.90211292661347897       -1.1250801203658563E-003   4.4174613273606908E-003   2.2059196593106369        2.4452682995177466     
  0.29212499999999997       0.90318679570313887       -2.8033740192497016E-003   5.3973434666555620E-003   2.2091446302625335        2.4459216666559236     
  0.29287500000000000       0.90452238774133420       -4.4394684684260551E-003   7.0947025806366894E-003   2.2125396185420119        2.4460432709295619     
  0.29362499999999997       0.90536275381602416       -5.7615236820019707E-003   8.8035896396002483E-003   2.2150632808313468        2.4465355314133972     
  0.29437500000000000       0.90532235048990406       -6.4958833272582110E-003   9.6332496746056265E-003   2.2159706569132562        2.4476321597995532     
  0.29512499999999997       0.90461797352511297       -6.3779713470067077E-003   9.3450362020529448E-003   2.2151940235488228        2.4486836827668461     
  0.29587500000000000       0.90395655311731615       -5.3328616822620051E-003   8.3159463497811895E-003   2.2132448666961526        2.4483376742814231     
  0.29662499999999997       0.90374228881807450       -3.6695540081243833E-003   7.0823982708982684E-003   2.2108542023457662        2.4462936262889037     
  0.29737500000000000       0.90348693308248729       -1.9421538648151482E-003   6.3691580433227288E-003   2.2086664195914132        2.4445753463469369     
  0.29812499999999997       0.90324658368977018       -6.4831018873132953E-004   4.3551811935252788E-003   2.2070007600235320        2.4433970385608039     
  0.29887500000000000       0.89822323653561964        4.6265932414858436E-005  -1.2207642824848739E-003   2.2059957744744287        2.4559539922706737     
  0.29962499999999997       0.88785297448857348        1.2912994892815721E-004  -8.1461378930740257E-003   2.2055043168785811        2.4840452192578288     
