   3.7500000000000001E-004  0.82291388527344833        2.4898453405271557E-004  0.12131585602219416        1.9803711795190941        2.3956684241119772     
   1.1250000000000001E-003  0.82287784867314240        7.2215829045615900E-004  0.12069621388571017        1.9802554067635061        2.3957425638228691     
   1.8750000000000004E-003  0.82300999237231465        1.1605391226737036E-003  0.11962396068341614        1.9799138621172734        2.3951342391529802     
   2.6250000000000002E-003  0.82328527696240295        1.6273216705610851E-003  0.11829621951528302        1.9791056414135213        2.3935872708161559     
   3.3750000000000000E-003  0.82376190100789737        2.2376207140355152E-003  0.11683804222816575        1.9775147188034752        2.3905279323538298     
   4.1250000000000002E-003  0.82428663036067018        3.1058937703092974E-003  0.11539678919625054        1.9748930594267251        2.3860749331576088     
   4.8750000000000000E-003  0.82459101030899351        4.2641562251904894E-003  0.11417772861536549        1.9712938903638710        2.3810325117490612     
   5.6249999999999998E-003  0.82467215619521217        5.5681172088485184E-003  0.11335502516394219        1.9673795339474698        2.3761808055055553     
   6.3749999999999996E-003  0.82489878444513909        6.6111648229852035E-003  0.11285980749338825        1.9647336992706843        2.3723961032121674     
   7.1249999999999994E-003  0.82601897800465451        6.6975889108894324E-003  0.11223925696513398        1.9659799879724043        2.3708018408328142     
   7.8750000000000001E-003  0.82904014269931636        4.9719842540425357E-003  0.11073706353379219        1.9743172246661611        2.3725106835596859     
   8.6250000000000007E-003  0.83475596047405021        7.9567653084216899E-004  0.10763367621615139        1.9920934056325197        2.3781248193077467     
   9.3749999999999997E-003  0.84303728822391966       -5.7073005738665925E-003  0.10274820772228063        2.0187230391740232        2.3871332196416342     
   1.0125000000000000E-002  0.85246420385793187       -1.3331015626623923E-002   9.6784475985651125E-002   2.0495193337130466        2.3976618347039720     
   1.0874999999999999E-002  0.86086170963033370       -2.0180572175118410E-002   9.1117800383285874E-002   2.0772712158084952        2.4071374961545651     
   1.1625000000000000E-002  0.86649648713255512       -2.4688340529387426E-002   8.7025325630135431E-002   2.0960892681393153        2.4135901942866900     
   1.2375000000000001E-002  0.86893381827467620       -2.6421371755252741E-002   8.4986165450309598E-002   2.1043570847452022        2.4165239138827030     
   1.3125000000000000E-002  0.86892803428995768       -2.6030779185412019E-002   8.4628897131090036E-002   2.1044931482245710        2.4167502486625292     
   1.3875000000000000E-002  0.86769967624815270       -2.4601547257051843E-002   8.5188867422182041E-002   2.1005452705316316        2.4155992448011907     
   1.4624999999999999E-002  0.86629032578858944       -2.3055357938917640E-002   8.5970975984456438E-002   2.0959899589857769        2.4142221197734117     
   1.5375000000000000E-002  0.86530257443571390       -2.1913160568865921E-002   8.6553560968433030E-002   2.0928398426212764        2.4132986464182138     
   1.6125000000000000E-002  0.86493616896289294       -2.1332837146674069E-002   8.6779934825831545E-002   2.0917614721736197        2.4130625008621935     
   1.6875000000000001E-002  0.86513622533147694       -2.1246011762193612E-002   8.6667090784876583E-002   2.0925690057443673        2.4134546945448028     
   1.7625000000000002E-002  0.86573819945463681       -2.1488438825347941E-002   8.6312409705672416E-002   2.0947049315739115        2.4142814326422672     
   1.8374999999999999E-002  0.86656771805683641       -2.1888914525708323E-002   8.5826699514909427E-002   2.0975720038261323        2.4153280600070146     
   1.9125000000000000E-002  0.86749104862843107       -2.2314693580682353E-002   8.5297326118216332E-002   2.1007043219839119        2.4164212758716563     
   1.9875000000000000E-002  0.86842707447573741       -2.2683168834534712E-002   8.4776320019124579E-002   2.1038121165377182        2.4174487218271792     
   2.0625000000000001E-002  0.86933676778729985       -2.2953434827312547E-002   8.4284797639031378E-002   2.1067509014519121        2.4183516948073271     
   2.1375000000000002E-002  0.87020527308386519       -2.3110807868982779E-002   8.3824326593922124E-002   2.1094642364900640        2.4191074664369148     
   2.2124999999999999E-002  0.87102690640461689       -2.3153392125203818E-002   8.3388073635223187E-002   2.1119345156364231        2.4197130743913586     
   2.2875000000000000E-002  0.87179732086519890       -2.3084417372557009E-002   8.2968199454953095E-002   2.1141560965367834        2.4201754382758409     
   2.3625000000000000E-002  0.87251222004157669       -2.2909768261870099E-002   8.2559245552053642E-002   2.1161287544822724        2.4205070750161917     
   2.4375000000000001E-002  0.87316950163927054       -2.2638152695758071E-002   8.2159010082501940E-002   2.1178616602230451        2.4207246191701315     
   2.5125000000000001E-002  0.87377138748853844       -2.2281456344288110E-002   8.1768552542400605E-002   2.1193780781166276        2.4208483106739038     
   2.5874999999999999E-002  0.87432429817768331       -2.1853986205323379E-002   8.1392097822237608E-002   2.1207151074492492        2.4209021014455714     
   2.6624999999999999E-002  0.87483621976775661       -2.1370536049834538E-002   8.1036811788756533E-002   2.1219174649265353        2.4209139299643945     
   2.7375000000000000E-002  0.87531291625724128       -2.0843957919611626E-002   8.0712063470890258E-002   2.1230274711018771        2.4209149057776109     
   2.8125000000000001E-002  0.87575487695373599       -2.0283109924364641E-002   8.0427965221090442E-002   2.1240746482542976        2.4209360733060095     
   2.8875000000000001E-002  0.87615631986570031       -1.9691859846264877E-002   8.0193380751772819E-002   2.1250681529891957        2.4210027594681001     
   2.9624999999999999E-002  0.87650647314187369       -1.9069489197695515E-002   8.0013967407823752E-002   2.1259943169580491        2.4211284338186601     
   3.0374999999999999E-002  0.87679249546274796       -1.8412489925363637E-002   7.9890966797308963E-002   2.1268202834592569        2.4213109033423725     
   3.1125000000000000E-002  0.87700306100108960       -1.7717427245881170E-002   7.9821141829786946E-002   2.1275032385248807        2.4215329161914640     
   3.1875000000000001E-002  0.87713178669977565       -1.6984244289037224E-002   7.9797642365372290E-002   2.1280033093962820        2.4217672689402612     
   3.2625000000000001E-002  0.87717988620466048       -1.6219191736784454E-002   7.9811320231805122E-002   2.1282969980955784        2.4219846087684398     
   3.3375000000000002E-002  0.87715760477468097       -1.5436517824805946E-002   7.9851754904453676E-002   2.1283875470460600        2.4221611575558843     
   3.4125000000000003E-002  0.87708406730811417       -1.4658144760075223E-002   7.9907573253687941E-002   2.1283090096597643        2.4222837641729833     
   3.4875000000000003E-002  0.87698521858469358       -1.3910924532674743E-002   7.9966563515675007E-002   2.1281220546530477        2.4223508742001978     
   3.5625000000000004E-002  0.87688978789495342       -1.3221603130523209E-002   8.0016229230549019E-002   2.1279015479841803        2.4223695595498129     
   3.6374999999999998E-002  0.87682362789441415       -1.2610252224530480E-002   8.0045713662224655E-002   2.1277181838767305        2.4223500928569721     
   3.7124999999999998E-002  0.87680343333646638       -1.2083584700540665E-002   8.0049025767334164E-002   2.1276184944227086        2.4223002032402610     
   3.7874999999999999E-002  0.87683144804295832       -1.1630030953439542E-002   8.0028194043020834E-002   2.1276087402902530        2.4222209860837234     
   3.8625000000000000E-002  0.87689296332992994       -1.1218442910586209E-002   7.9994068120960826E-002   2.1276480011390264        2.4221058007886853     
   3.9375000000000000E-002  0.87695788673294972       -1.0801771362771924E-002   7.9964662427181449E-002   2.1276536007245150        2.4219422088515605     
   4.0125000000000001E-002  0.87698690003331425       -1.0325452742919367E-002   7.9961349933081349E-002   2.1275189489122912        2.4217155713934400     
   4.0875000000000002E-002  0.87694101358486087       -9.7383615177894841E-003   8.0005017873923584E-002   2.1271393900495656        2.4214123633604485     
   4.1625000000000002E-002  0.87679190482046532       -9.0031813785039667E-003   8.0111588056563474E-002   2.1264392235046428        2.4210227429487152     
   4.2375000000000003E-002  0.87652968908329298       -8.1033725721148878E-003   8.0285071031067523E-002   2.1253928194848983        2.4205438374650368     
   4.3125000000000004E-002  0.87616619703497189       -7.0458386627879933E-003   8.0510213004344244E-002   2.1240359304322469        2.4199844707858129     
   4.3874999999999997E-002  0.87573469596377351       -5.8604184097199820E-003   8.0752519942441897E-002   2.1224677254991526        2.4193685418326720     
   4.4624999999999998E-002  0.87528819281114523       -4.5979071696263746E-003   8.0971226555654141E-002   2.1208466239102188        2.4187339880302838     
   4.5374999999999999E-002  0.87489613975025438       -3.3272310633629910E-003   8.1139100257352409E-002   2.1193817004618860        2.4181303361498396     
   4.6124999999999999E-002  0.87463699768048253       -2.1308240779245721E-003   8.1254557649829723E-002   2.1183177509944877        2.4176210822824058     
   4.6875000000000000E-002  0.87458593102432802       -1.0963154006581927E-003   8.1337526762654572E-002   2.1179093396080670        2.4172883811104988     
   4.7625000000000001E-002  0.87480056777131199       -3.0286568396583843E-004   8.1414504075411467E-002   2.1183796806047641        2.4172265432045421     
   4.8375000000000001E-002  0.87530806344971357        1.9783389584911217E-004   8.1505416098748548E-002   2.1198653516032877        2.4175152471623278     
   4.9125000000000002E-002  0.87609401357349581        4.0252954498730929E-004   8.1619185772222658E-002   2.1223571448597696        2.4181824008254345     
   4.9875000000000003E-002  0.87709467740835834        3.7192399575315221E-004   8.1755681818568265E-002   2.1256584276846637        2.4191778850218610     
   5.0625000000000003E-002  0.87819760433105909        2.3129681924122938E-004   8.1908398167260463E-002   2.1293872678297743        2.4203749585312280     
   5.1375000000000004E-002  0.87925752830149839        1.4994923015274883E-004   8.2065374366808524E-002   2.1330392268061682        2.4215993216495617     
   5.2124999999999998E-002  0.88012784002786515        3.0202675648480096E-004   8.2209853270204997E-002   2.1361024176338397        2.4226740622578182     
   5.2874999999999998E-002  0.88069801774841538        8.2126617835618721E-004   8.2322605207917274E-002   2.1381880769867418        2.4234642616379292     
   5.3624999999999999E-002  0.88092224485024540        1.7665792942909569E-003   8.2386015701986809E-002   2.1391279945943431        2.4239071771739611     
   5.4375000000000000E-002  0.88082830280717239        3.1104993138964783E-003   8.2388397649062847E-002   2.1390046990403517        2.4240207711538870     
   5.5125000000000000E-002  0.88050551809782707        4.7517267194352019E-003   8.2326833285437384E-002   2.1381114545807542        2.4238915372193959     
   5.5875000000000001E-002  0.88007894323624902        6.5436576001149495E-003   8.2207805845398912E-002   2.1368658910755998        2.4236485624862261     
   5.6625000000000002E-002  0.87967959434179899        8.3277490414828230E-003   8.2045845001356837E-002   2.1357096717318793        2.4234325158210805     
   5.7375000000000002E-002  0.87941827872006928        9.9631831121340143E-003   8.1860893743319812E-002   2.1350191378572814        2.4233663656653408     
   5.8125000000000003E-002  0.87936678185839590        1.1348568667812909E-002   8.1675098956028869E-002   2.1350397705654576        2.4235320423193794     
   5.8875000000000004E-002  0.87954772719298879        1.2434190978656008E-002   8.1509612517003630E-002   2.1358496278619929        2.4239558964422954     
   5.9624999999999997E-002  0.87993372452153662        1.3224139796210781E-002   8.1381924928490404E-002   2.1373547374900310        2.4246053383923756     
   6.0374999999999998E-002  0.88045605583741660        1.3768072209848794E-002   8.1304175122925010E-002   2.1393180499867173        2.4253981118385153     
   6.1124999999999999E-002  0.88102171124240169        1.4143980567600275E-002   8.1282662610758324E-002   2.1414183021865734        2.4262230884433120     
   6.1874999999999999E-002  0.88153505360389461        1.4436153192678717E-002   8.1318416257640205E-002   2.1433260492064132        2.4269677892290091     
   6.2625000000000000E-002  0.88191830518886682        1.4714809027093524E-002   8.1408380041095851E-002   2.1447764078934735        2.4275449351445904     
   6.3375000000000001E-002  0.88212523855088509        1.5023623692650537E-002   8.1546735567338338E-002   2.1456179307816203        2.4279100855943789     
   6.4125000000000001E-002  0.88214515392653192        1.5378090773774599E-002   8.1726081574170953E-002   2.1458261305556761        2.4280656492430328     
   6.4875000000000002E-002  0.88199794297943845        1.5773093478274283E-002   8.1938394846620452E-002   2.1454837982314530        2.4280517911803212     
   6.5625000000000003E-002  0.88172379836751069        1.6194764896585737E-002   8.2175786085281338E-002   2.1447410342834212        2.4279292010737432     
   6.6375000000000003E-002  0.88137177394455202        1.6631190112351243E-002   8.2431045237397291E-002   2.1437712399639954        2.4277605363577641     
   6.7125000000000004E-002  0.88099025338858095        1.7078402734711513E-002   8.2697958600767993E-002   2.1427356600069962        2.4275963493687920     
   6.7875000000000005E-002  0.88062063082579534        1.7540944468740834E-002   8.2971392508407599E-002   2.1417621847029720        2.4274683809364781     
   6.8625000000000005E-002  0.88029408252568953        1.8028506307533970E-002   8.3247176633477388E-002   2.1409378607745579        2.4273899522354707     
   6.9375000000000006E-002  0.88003060636139940        1.8551119743580279E-002   8.3521850781499679E-002   2.1403109866213432        2.4273610487475907     
   7.0125000000000007E-002  0.87983947624153613        1.9115089710192480E-002   8.3792323256136836E-002   2.1398979306177175        2.4273749073545412     
   7.0875000000000007E-002  0.87972053436195163        1.9720888958139480E-002   8.4055489467864425E-002   2.1396909468483649        2.4274234316790051     
   7.1625000000000008E-002  0.87966599105280707        2.0363166841792894E-002   8.4307878477413209E-002   2.1396650502744472        2.4275001130912814     
   7.2374999999999995E-002  0.87966252571202874        2.1032285996765314E-002   8.4545409132560978E-002   2.1397835198500430        2.4276005194907788     
   7.3124999999999996E-002  0.87969352158641589        2.1716529147447206E-002   8.4763360206641020E-002   2.1400023963191894        2.4277212247615405     
   7.3874999999999996E-002  0.87974126216028681        2.2404227600081365E-002   8.4956640609498341E-002   2.1402744726493501        2.4278582231132280     
   7.4624999999999997E-002  0.87978886990329785        2.3085359004579843E-002   8.5120381999241074E-002   2.1405530190500923        2.4280057165488098     
   7.5374999999999998E-002  0.87982174003354174        2.3752462116932056E-002   8.5250781077880991E-002   2.1407951491469932        2.4281558653203308     
   7.6124999999999998E-002  0.87982832322369586        2.4400926046028577E-002   8.5346020530679911E-002   2.1409645132627224        2.4282995680005155     
   7.6874999999999999E-002  0.87980030487871264        2.5028817652690119E-002   8.5407032910553848E-002   2.1410329581877341        2.4284277563849832     
   7.7625000000000000E-002  0.87973233718536514        2.5636436292239467E-002   8.5437855014261987E-002   2.1409809018019677        2.4285325163602915     
   7.8375000000000000E-002  0.87962144359165106        2.6225757246553547E-002   8.5445361223408511E-002   2.1407963948768698        2.4286076958014435     
   7.9125000000000001E-002  0.87946614920043487        2.6799870032380362E-002   8.5438273986041063E-002   2.1404731423218322        2.4286491707528413     
   7.9875000000000002E-002  0.87926538944185428        2.7362456318762624E-002   8.5425575947280744E-002   2.1400080672237172        2.4286552728599591     
   8.0625000000000002E-002  0.87901730670183631        2.7917297074684648E-002   8.5414765354808755E-002   2.1393992225197920        2.4286279417697409     
   8.1375000000000003E-002  0.87871814478351573        2.8467766052747107E-002   8.5410600956083937E-002   2.1386448675373506        2.4285748848669533     
   8.2125000000000004E-002  0.87836162335829349        2.9016276655069576E-002   8.5414829963210412E-002   2.1377442474542621        2.4285122536327779     
   8.2875000000000004E-002  0.87793941027342592        2.9563705950032222E-002   8.5426853944150408E-002   2.1367000674417262        2.4284661326444006     
   8.3625000000000005E-002  0.87744345817755431        3.0108894905600758E-002   8.5444682820372542E-002   2.1355219981750704        2.4284700402180688     
   8.4375000000000006E-002  0.87687071848453635        3.0648374064809407E-002   8.5465320600512706E-002   2.1342300342640126        2.4285557556683171     
   8.5125000000000006E-002  0.87622969825997021        3.1176458087284961E-002   8.5484104740142064E-002   2.1328563725164091        2.4287374320286390     
   8.5875000000000007E-002  0.87554647889852555        3.1685786698415742E-002   8.5493310264418962E-002   2.1314447757987649        2.4289942931785093     
   8.6625000000000008E-002  0.87486629869797694        3.2168293334215316E-002   8.5481070156208094E-002   2.1300470671029750        2.4292621533325489     
   8.7375000000000008E-002  0.87424754920360859        3.2616500029729614E-002   8.5431776294812384E-002   2.1287172263542216        2.4294429961115180     
   8.8124999999999995E-002  0.87374877414449181        3.3024970756058286E-002   8.5328419509311165E-002   2.1275042624739413        2.4294324757232011     
   8.8874999999999996E-002  0.87341389536063518        3.3391662686825953E-002   8.5156254513048160E-002   2.1264454185586881        2.4291528206041342     
   8.9624999999999996E-002  0.87326277660904117        3.3718792552679962E-002   8.4906452627243584E-002   2.1255612780242727        2.4285732411913390     
   9.0374999999999997E-002  0.87329161842327574        3.4012789876804096E-002   8.4578409215027087E-002   2.1248539756783558        2.4277066837135250     
   9.1124999999999998E-002  0.87348238805619505        3.4283082838030290E-002   8.4179959279474775E-002   2.1243090045639286        2.4265857213602224     
   9.1874999999999998E-002  0.87381590399986753        3.4539863982467889E-002   8.3725507059025039E-002   2.1239001525933574        2.4252321155672640     
   9.2624999999999999E-002  0.87428145140680569        3.4791430021775080E-002   8.3232691254854274E-002   2.1235961620491395        2.4236382686378852     
   9.3375000000000000E-002  0.87487732166377175        3.5041945092185112E-002   8.2718593989396544E-002   2.1233671374180250        2.4217737003576145     
   9.4125000000000000E-002  0.87560104917068782        3.5290427655298801E-002   8.2196611110395335E-002   2.1231888113466164        2.4196174201256420     
   9.4875000000000001E-002  0.87643410278909106        3.5531457285759085E-002   8.1674944359353380E-002   2.1230435603973317        2.4172013252823317     
   9.5625000000000002E-002  0.87733037640846545        3.5757637943416583E-002   8.1157227630950318E-002   2.1229182901147050        2.4146387036427934     
   9.6375000000000002E-002  0.87821728640449237        3.5963303721730823E-002   8.0645052363246247E-002   2.1228005342681717        2.4121153954996082     
   9.7125000000000003E-002  0.87901156587551044        3.6148403432268918E-002   8.0141397665510011E-002   2.1226748784487603        2.4098411736389727     
   9.7875000000000004E-002  0.87964271227360991        3.6321172840899175E-002   7.9653563216307038E-002   2.1225217859763044        2.4079839337367814     
   9.8625000000000004E-002  0.88007199050367491        3.6498387698660970E-002   7.9194358735357184E-002   2.1223199887203821        2.4066212529495927     
   9.9375000000000005E-002  0.88029783726781452        3.6702793196798526E-002   7.8781010866557491E-002   2.1220520598460562        2.4057331923734222     
  0.10012500000000001       0.88034713625663130        3.6958430065450215E-002   7.8432173336951905E-002   2.1217112051921143        2.4052347961433003     
  0.10087500000000001       0.88025955739835104        3.7285441540574227E-002   7.8164181418892711E-002   2.1213064353467281        2.4050251989758404     
  0.10162500000000001       0.88007388905096573        3.7696078721099049E-002   7.7987984507849009E-002   2.1208636127540288        2.4050262831359435     
  0.10237500000000001       0.87982127579846725        3.8193008345959192E-002   7.7907750230603812E-002   2.1204213407918346        2.4051964570488455     
  0.10312500000000001       0.87952477640194293        3.8770072360979187E-002   7.7921109898941313E-002   2.1200226504728721        2.4055222865582655     
  0.10387500000000000       0.87920169020567407        3.9414833973192981E-002   7.8020188537471141E-002   2.1197050816805625        2.4060006577724682     
  0.10462500000000000       0.87886554713534237        4.0111842178464648E-002   7.8192628241576578E-002   2.1194923802830266        2.4066236616911478     
  0.10537500000000000       0.87852677232609333        4.0845589271958770E-002   7.8422552488213670E-002   2.1193904296951294        2.4073719102103235     
  0.10612500000000000       0.87819272939424675        4.1602516251779006E-002   7.8691898526746407E-002   2.1193884923827273        2.4082155862761034     
  0.10687500000000000       0.87786823202679898        4.2371943964593442E-002   7.8982275705692107E-002   2.1194649933940708        2.4091193837722193     
  0.10762500000000000       0.87755701335215919        4.3146232042382479E-002   7.9276966686429917E-002   2.1195956688927344        2.4100475468860765     
  0.10837500000000000       0.87726378492002088        4.3920619976515161E-002   7.9562546698638575E-002   2.1197614292752895        2.4109670208215923     
  0.10912500000000000       0.87699597756291048        4.4693085174719704E-002   7.9829858185692673E-002   2.1199537843032084        2.4118487520328689     
  0.10987500000000000       0.87676431529977661        4.5464306638155462E-002   8.0074337225498560E-002   2.1201767619751495        2.4126682480230435     
  0.11062500000000000       0.87658192557565673        4.6237620687884652E-002   8.0295745377993236E-002   2.1204454085726590        2.4134063236935499     
  0.11137500000000000       0.87646228939437731        4.7018798817518956E-002   8.0497351574660134E-002   2.1207818011852679        2.4140502793071472     
  0.11212500000000000       0.87641662871012360        4.7815558867771557E-002   8.0684697113995341E-002   2.1212098775438450        2.4145953515537362     
  0.11287500000000000       0.87645138591234262        4.8636840873711971E-002   8.0864244374046115E-002   2.1217503371050812        2.4150460282720658     
  0.11362500000000000       0.87656648297540740        4.9491936526715602E-002   8.1042287068886332E-002   2.1224165593581334        2.4154163587071862     
  0.11437500000000000       0.87675497895328591        5.0389536998992630E-002   8.1224361201403528E-002   2.1232120889054231        2.4157281472710812     
  0.11512500000000001       0.87700435036792523        5.1336721909296022E-002   8.1415063907598548E-002   2.1241298452829955        2.4160066045385564     
  0.11587500000000001       0.87729898124225847        5.2337928935794871E-002   8.1617880840260448E-002   2.1251528691707562        2.4162744305783086     
  0.11662500000000001       0.87762297489511409        5.3394032465967189E-002   8.1834655551604088E-002   2.1262561601471539        2.4165463099005953     
  0.11737500000000001       0.87796239070633963        5.4501756301944058E-002   8.2064727342810187E-002   2.1274090544560020        2.4168256409393774     
  0.11812500000000001       0.87830638389949445        5.5653658011871332E-002   8.2304178630099811E-002   2.1285776648366213        2.4171043171459514     
  0.11887500000000001       0.87864719912274791        5.6838802809089012E-002   8.2545717712703942E-002   2.1297271229541734        2.4173653170510749     
  0.11962500000000000       0.87897934168315528        5.8044036864426038E-002   8.2779388805275939E-002   2.1308236235154250        2.4175871800554303     
  0.12037500000000000       0.87929846556865554        5.9255586914898933E-002   8.2993859511068857E-002   2.1318364326905028        2.4177491061893108     
  0.12112500000000000       0.87960052992561999        6.0460648777204959E-002   8.3177819252712809E-002   2.1327399903102968        2.4178353836232169     
  0.12187500000000000       0.87988154685357156        6.1648686411301494E-002   8.3321137449575186E-002   2.1335160100954438        2.4178382127979390     
  0.12262500000000000       0.88013788330337539        6.2812275929054445E-002   8.3415711458712738E-002   2.1341551939164995        2.4177586246707090     
  0.12337500000000000       0.88036682418040380        6.3947428010647234E-002   8.3456067511168158E-002   2.1346580003582640        2.4176056728443154     
  0.12412500000000000       0.88056705699095073        6.5053393173134494E-002   8.3439704143164178E-002   2.1350339556399041        2.4173942625507250     
  0.12487500000000000       0.88073878164201913        6.6132023092620812E-002   8.3367058573311031E-002   2.1352992412324738        2.4171421417898711     
  0.12562500000000001       0.88088320667703468        6.7186852400275721E-002   8.3241017177935847E-002   2.1354726186658550        2.4168667734016669     
  0.12637500000000002       0.88100136343923552        6.8222160748302535E-002   8.3066078441807217E-002   2.1355700811827592        2.4165826798633105     
  0.12712500000000002       0.88109246767614979        6.9242300302601076E-002   8.2847410623912876E-002   2.1355989996709006        2.4162994458389955     
  0.12787500000000002       0.88115233168432272        7.0251443271056535E-002   8.2590035257981628E-002   2.1355530345754099        2.4160204003397725     
  0.12862500000000002       0.88117249390834307        7.1253617976945793E-002   8.2298263050331388E-002   2.1354096229436674        2.4157422018945218     
  0.12937500000000002       0.88114077957989823        7.2252611325211491E-002   8.1975355485448154E-002   2.1351320145753601        2.4154556568328545     
  0.13012500000000002       0.88104376401712159        7.3251243453908224E-002   8.1623296112659227E-002   2.1346770698733373        2.4151479203974122     
  0.13087500000000002       0.88087091006794116        7.4249809587579541E-002   8.1242699984510669E-002   2.1340081270736211        2.4148059470877978     
  0.13162500000000002       0.88061928015115387        7.5244085891111770E-002   8.0833193630134109E-002   2.1331097407545974        2.4144205098932354     
  0.13237500000000002       0.88029725958741190        7.6223900198320413E-002   8.0394619390042416E-002   2.1319992068895801        2.4139891706579513     
  0.13312500000000002       0.87992593417496523        7.7173395857923391E-002   7.9928948797602720E-002   2.1307298380642350        2.4135160911643432     
  0.13387500000000002       0.87953750190525337        7.8073501307588417E-002   7.9442286386849248E-002   2.1293835119756173        2.4130075469829095     
  0.13462500000000002       0.87917114385234874        7.8906013945573741E-002   7.8946212159495405E-002   2.1280542439770791        2.4124640567305100     
  0.13537500000000002       0.87886782846647771        7.9657736651397221E-002   7.8457817466820540E-002   2.1268283846722351        2.4118716536679239     
  0.13612500000000002       0.87866597157726001        8.0322868311543366E-002   7.7998103784202522E-002   2.1257684854593846        2.4111952844202036     
  0.13687500000000002       0.87859904468214756        8.0902604397869962E-002   7.7589051074469603E-002   2.1249060818484518        2.4103774527294650     
  0.13762500000000003       0.87869424001979790        8.1402331894575186E-002   7.7250343364316520E-002   2.1242444263574924        2.4093456405064391     
  0.13837500000000003       0.87896983675118112        8.1828123979759443E-002   7.6996896230446726E-002   2.1237677502844896        2.4080307662281792     
  0.13912500000000003       0.87943025411594478        8.2184801586709405E-002   7.6838077092069218E-002   2.1234514555595059        2.4063926563042379     
  0.13987500000000003       0.88006145489237098        8.2477421147597957E-002   7.6779529173764752E-002   2.1232688590052522        2.4044398190526906     
  0.14062500000000003       0.88083005453648067        8.2716611411859445E-002   7.6828392643667281E-002   2.1231935349862661        2.4022330702380406     
  0.14137500000000003       0.88168277737943668        8.2925859210590883E-002   7.7000953868715805E-002   2.1231993078865004        2.3998848575828546     
  0.14212500000000003       0.88253577359732183        8.3146712242672199E-002   7.7328698463182216E-002   2.1232606237304155        2.3975867140004854     
  0.14287500000000003       0.88324716391648672        8.3437389483441815E-002   7.7857200322585016E-002   2.1233544739507031        2.3956849511656606     
  0.14362500000000003       0.88357080006591227        8.3861035087523308E-002   7.8633412387858509E-002   2.1234628380570117        2.3948099663113203     
  0.14437500000000000       0.88306840283349486        8.4459905994104328E-002   7.9678784995826993E-002   2.1235733387884825        2.3961219960958942     
  0.14512500000000000       0.88093016624571541        8.5212769013786369E-002   8.0947919234601512E-002   2.1236760690465264        2.4018199148678385     
  0.14587500000000000       0.87574618169432972        8.5985456525075193E-002   8.2283993784137477E-002   2.1237567923423937        2.4158482565098534     
  0.14662500000000001       0.86562644979695946        8.6522106874312998E-002   8.3416974020658841E-002   2.1237918531511419        2.4438353211720045     
  0.14737500000000001       0.84940454512985242        8.6561401781249714E-002   8.4086252856085036E-002   2.1237555410494973        2.4901948747480187     
  0.14812500000000001       0.82901708357904558        8.6101604418562044E-002   8.4311161337044804E-002   2.1236461539570599        2.5510785198287387     
  0.14887500000000001       0.81116288485511290        8.5627539516720808E-002   8.4627726964978500E-002   2.1235137621739595        2.6068496956128766     
  0.14962500000000001       0.80511744949513309        8.5952499222878662E-002   8.5952499223319059E-002   2.1234517811099733        2.6260462868110559     
  0.15037500000000001       0.81622870565961936        8.7572699921736358E-002   8.8964480857453551E-002   2.1235350429773145        2.5899467816673800     
  0.15112500000000001       0.84020217383203899        9.0048584107238039E-002   9.3479551472315459E-002   2.1237518768528867        2.5157352312405674     
  0.15187500000000001       0.86503671377104419        9.2172371288446076E-002   9.8537945901055135E-002   2.1240105178664122        2.4432345311642627     
  0.15262500000000001       0.88033654626080138        9.2924051723980411E-002  0.10325589925551411        2.1242279374097661        2.4005229890953732     
  0.15337500000000001       0.88455465683162959        9.2197653897163334E-002  0.10753320427524207        2.1243986345861097        2.3888376286058559     
  0.15412500000000001       0.88292241194830756        9.0528119922077724E-002  0.11184152192633146        2.1245608464995023        2.3930032740725151     
  0.15487500000000001       0.88060324228766684        8.8343424516481264E-002  0.11650939190365683        2.1247179002062082        2.3990134959842728     
  0.15562500000000001       0.87953818559175378        8.5670253916949948E-002  0.12143360213566368        2.1248149650079382        2.4015555257876615     
  0.15637500000000001       0.87976713925259076        8.2347697324868976E-002  0.12631614965477328        2.1247701370515104        2.4004624893625333     
  0.15712500000000001       0.88087758147278916        7.8246585891509249E-002  0.13084827494958481        2.1244984447060524        2.3968198785774106     
  0.15787500000000002       0.88201425035089742        7.3313669960186845E-002  0.13465191802360027        2.1239132039949595        2.3929182581632484     
  0.15862500000000002       0.88189590743093382        6.7579835676896668E-002  0.13727392417241940        2.1229327602311177        2.3921865843727104     
  0.15937500000000002       0.87958340037811755        6.1193646630206086E-002  0.13836446930984928        2.1215028575359072        2.3971477433013888     
  0.16012500000000002       0.87518977781249707        5.4416190952975729E-002  0.13784120873482208        2.1196156765961423        2.4075567667038449     
  0.16087500000000002       0.86975884845654505        4.7555174757219473E-002  0.13586716687566303        2.1173111307809185        2.4206698127824420     
  0.16162500000000002       0.86465862466296972        4.0901082346446752E-002  0.13271116730528559        2.1146639907036819        2.4327659987401109     
  0.16237500000000002       0.86108593329751904        3.4705984990435632E-002  0.12862237531972118        2.1117689823497807        2.4404803065718834     
  0.16312500000000002       0.85963568060847750        2.9183125721465076E-002  0.12376572221096833        2.1087306600949800        2.4421109871429212     
  0.16387500000000002       0.86006244378601648        2.4512606963869678E-002  0.11822588536249920        2.1056566934019250        2.4384061995093105     
  0.16462500000000002       0.86170304344831783        2.0858798480254973E-002  0.11206894644186716        2.1026554906376895        2.4313659721626872     
  0.16537500000000002       0.86406405334137926        1.8375128464002265E-002  0.10541456427422084        2.0998307693852007        2.4225115800220856     
  0.16612500000000002       0.86674138155048919        1.7174763154126589E-002   9.8454306512909026E-002   2.0972725427061842        2.4130734353254155     
  0.16687500000000002       0.86921080298595144        1.7298700521590826E-002   9.1419926214976077E-002   2.0950559559243986        2.4045677200028286     
  0.16762500000000002       0.87096724650146951        1.8702685568391587E-002   8.4554484354068773E-002   2.0932385561026807        2.3984064111647685     
  0.16837500000000002       0.87170058422902041        2.1259319558122210E-002   7.8083408423153089E-002   2.0918631905728327        2.3954403506879882     
  0.16912500000000003       0.87138867264276887        2.4771758367961701E-002   7.2199994134442613E-002   2.0909592238905570        2.3957346182525958     
  0.16987500000000003       0.87031090781288745        2.9000227753160857E-002   6.7039616586900302E-002   2.0905495966671839        2.3985502140674879     
  0.17062500000000003       0.86893829328511130        3.3698081949726150E-002   6.2666695868072220E-002   2.0906509599850960        2.4026307016766202     
  0.17137500000000003       0.86774693028116323        3.8644497208041750E-002   5.9075597179464472E-002   2.0912730642493962        2.4066943670232699     
  0.17212500000000003       0.86704975927806383        4.3667244171014349E-002   5.6209836779933908E-002   2.0924160360142108        2.4098898558482573     
  0.17287500000000003       0.86693024452645961        4.8650612501327475E-002   5.3995457487615868E-002   2.0940667197729521        2.4119819627492776     
  0.17362500000000003       0.86728949488838436        5.3523285670620049E-002   5.2366705119817308E-002   2.0961880650506224        2.4132144856943682     
  0.17437500000000003       0.86795462343784646        5.8234797409830355E-002   5.1265541150504815E-002   2.0987140775889901        2.4140046220748976     
  0.17512500000000003       0.86877507335940463        6.2738657040271900E-002   5.0630032929421732E-002   2.1015538542399232        2.4146793393051973     
  0.17587500000000000       0.86966460001071044        6.6987997116862569E-002   5.0389379803326959E-002   2.1046024918762751        2.4153710830316162     
  0.17662500000000000       0.87059304409083116        7.0937937758549674E-002   5.0467615798871199E-002   2.1077549661530908        2.4160566203256577     
  0.17737500000000000       0.87155816779528994        7.4548751903512872E-002   5.0789920256037846E-002   2.1109204420035317        2.4166514268359847     
  0.17812500000000001       0.87256340149758915        7.7788674806726382E-002   5.1288141874532775E-002   2.1140338720607894        2.4170841096870963     
  0.17887500000000001       0.87360903659319256        8.0637082023973239E-002   5.1904931270707132E-002   2.1170617977646500        2.4173265403381454     
  0.17962500000000001       0.87469132865045451        8.3088171398455521E-002   5.2596222189816105E-002   2.1200003827317557        2.4173930223291649     
  0.18037500000000001       0.87580240287521582        8.5154538267190605E-002   5.3331628045263924E-002   2.1228657404544231        2.4173285305719179     
  0.18112500000000001       0.87692850211440421        8.6869829261337461E-002   5.4092749854867471E-002   2.1256789037992925        2.4171957399699178     
  0.18187500000000001       0.87804805768138527        8.8289504245043657E-002   5.4870016152054113E-002   2.1284496593148647        2.4170617523699622     
  0.18262500000000001       0.87913176213611499        8.9488532113282712E-002   5.5658968892770840E-002   2.1311643020280338        2.4169844237398079     
  0.18337500000000001       0.88014550270878034        9.0555112777613689E-002   5.6456893699284236E-002   2.1337815952526533        2.4170008547313846     
  0.18412500000000001       0.88105551551448813        9.1580606899036077E-002   5.7260513177118083E-002   2.1362386856860671        2.4171216323001534     
  0.18487500000000001       0.88183426255826491        9.2647404019497143E-002   5.8065115799937388E-002   2.1384651548614322        2.4173324903782487     
  0.18562500000000001       0.88246535138110294        9.3817599753096975E-002   5.8865009357771593E-002   2.1404003504026976        2.4176020373948419     
  0.18637500000000001       0.88294618966294747        9.5125340399579053E-002   5.9654754039515340E-002   2.1420082109349794        2.4178922506974847     
  0.18712500000000001       0.88328786719797603        9.6574459604584661E-002   6.0430466104138242E-002   2.1432854428667474        2.4181683477129639     
  0.18787500000000001       0.88351271676879772        9.8141235745321284E-002   6.1190648694299236E-002   2.1442620849342040        2.4184058273286095     
  0.18862500000000001       0.88365068866287921        9.9780658847886519E-002   6.1936359476668555E-002   2.1449963910403786        2.4185939809002646     
  0.18937500000000002       0.88373576640743701       0.10143410230419073        6.2670851660157817E-002   2.1455672214329100        2.4187363287181474     
  0.19012500000000002       0.88380320138628821       0.10303673784649096        6.3398971321947051E-002   2.1460665643444283        2.4188489447871984     
  0.19087500000000002       0.88388765638329636       0.10452395664951583        6.4126512784356285E-002   2.1465931672918428        2.4189575633056433     
  0.19162500000000002       0.88402178135648757       0.10583692174385327        6.4859508210828309E-002   2.1472465626182822        2.4190939314516986     
  0.19237500000000002       0.88423451747492976       0.10692780694006640        6.5603242338308693E-002   2.1481198281180394        2.4192914158907910     
  0.19312500000000002       0.88454857732306202       0.10776515353122554        6.6360802279382430E-002   2.1492896796427532        2.4195797902992338     
  0.19387500000000002       0.88497707427864070       0.10833919736272571        6.7131217314952168E-002   2.1508040314480614        2.4199795282558156     
  0.19462500000000002       0.88552005470853423       0.10866623457350855        6.7907592790853871E-002   2.1526695537145075        2.4204966019063807     
  0.19537500000000002       0.88616239014599452       0.10879045154718715        6.8675946007979674E-002   2.1548439110328226        2.4211193468176511     
  0.19612500000000002       0.88687462151407459       0.10878153183830447        6.9415583692997010E-002   2.1572377405440366        2.4218189310531968     
  0.19687500000000002       0.88761753503076357       0.10872707266608216        7.0101656926077005E-002   2.1597289097109322        2.4225541329850211     
  0.19762500000000002       0.88834968569342498       0.10872037509827297        7.0709820482799168E-002   2.1621866436237180        2.4232795782189624     
  0.19837500000000002       0.88903557449393300       0.10884596454739084        7.1221832962266807E-002   2.1644981008782538        2.4239549425207714     
  0.19912500000000002       0.88965163241491352       0.10916632491500468        7.1630076507863308E-002   2.1665880298472229        2.4245520224660351     
  0.19987500000000002       0.89018800392260511       0.10971310320752697        7.1939153811227036E-002   2.1684248856705306        2.4250575600162612     
  0.20062500000000003       0.89064602719779695       0.11048460299536415        7.2164074828580005E-002   2.1700130308871222        2.4254716617594987     
  0.20137500000000003       0.89103326393159688       0.11144959887631499        7.2326209176742956E-002   2.1713769454456884        2.4258034198019631     
  0.20212500000000003       0.89135886572066703       0.11255621191101897        7.2448906466581864E-002   2.1725463219862808        2.4260660908393419     
  0.20287500000000003       0.89163142930932304       0.11374394553500451        7.2554097578948970E-002   2.1735490258905541        2.4262738442802170     
  0.20362500000000003       0.89185965962940106       0.11495658527375852        7.2660065296070997E-002   2.1744132797889151        2.4264409226686050     
  0.20437500000000003       0.89205428738367742       0.11615325752554846        7.2780014505683999E-002   2.1751742477043026        2.4265823766272754     
  0.20512500000000003       0.89222896260015561       0.11731484810434747        7.2921315351787641E-002   2.1758773156820737        2.4267143527017301     
  0.20587500000000003       0.89239887247225380       0.11844380847606475        7.3085681692929921E-002   2.1765734334805864        2.4268524718677602     
  0.20662500000000003       0.89257821293177220       0.11955722714217026        7.3270456651694099E-002   2.1773100994449943        2.4270093449743322     
  0.20737500000000003       0.89277990847703925       0.12067514564873602        7.3470717250374143E-002   2.1781296288223464        2.4271948735540985     
  0.20812500000000000       0.89302084768805845       0.12180741316636744        7.3681549795356738E-002   2.1790860829596013        2.4274228308049435     
  0.20887500000000001       0.89333154217656874       0.12294284779491020        7.3899732453361899E-002   2.1802774490460664        2.4277223423652954     
  0.20962500000000001       0.89376095866589333       0.12404556270925839        7.4124002870637112E-002   2.1818621454165941        2.4281439178831805     
  0.21037500000000001       0.89435942520291289       0.12506635044759720        7.4353035300427014E-002   2.1840028307909813        2.4287411774212653     
  0.21112500000000001       0.89512294475098275       0.12597949213184845        7.4580507250598393E-002   2.1866824797022089        2.4295102106659936     
  0.21187500000000001       0.89590097706370031       0.12684818163983083        7.4787803635402397E-002   2.1894001057312340        2.4302892373110443     
  0.21262500000000001       0.89631234100438506       0.12789303057506346        7.4937663385929082E-002   2.1908942553234203        2.4306674259226151     
  0.21337500000000001       0.89577012806562872       0.12948659874605076        7.4976343311359356E-002   2.1892284273729992        2.4300115849652735     
  0.21412500000000001       0.89375392437004386       0.13194662508757157        7.4855712077456921E-002   2.1826935740574021        2.4277589209620589     
  0.21487500000000001       0.89044166939669167       0.13500256819789505        7.4586208318277197E-002   2.1718771342599283        2.4240995736326223     
  0.21562500000000001       0.88765320885415833       0.13695014171807632        7.4319404874535380E-002   2.1626919155386912        2.4210086839196432     
  0.21637500000000001       0.88955260306394457       0.13396456243624333        7.4415332793732913E-002   2.1686124328867877        2.4230297900534290     
  0.21712500000000001       0.90150591876527741       0.12096629725967935        7.5356420163015969E-002   2.2073233963688370        2.4359885715458849     
  0.21787500000000001       0.92541460644293128        9.5832526433495865E-002   7.7354243873774625E-002   2.2862885020761334        2.4617003908936170     
  0.21862500000000001       0.95470665889735695        6.5045524730277221E-002   7.9899940110612189E-002   2.3852765886780865        2.4926162489659953     
  0.21937500000000001       0.97741606654020163        4.1843523523240111E-002   8.1984694498004940E-002   2.4635753582169828        2.5160639126567759     
  0.22012500000000002       0.98651136994929267        3.4480853419483148E-002   8.2982475748049817E-002   2.4953053198083017        2.5252751061000320     
  0.22087500000000002       0.98446227682692811        3.9656771144357381E-002   8.3092856668746010E-002   2.4881694192777140        2.5230666932392918     
  0.22162500000000002       0.97809375765181517        4.8641341149714482E-002   8.2919981099830842E-002   2.4659909886927034        2.5163913225489751     
  0.22237500000000002       0.97243045450802346        5.5183285041840904E-002   8.2911729724596220E-002   2.4462765774950221        2.5103863991471282     
  0.22312500000000002       0.96905428349807465        5.7575089114687346E-002   8.3188553208115246E-002   2.4344215813660139        2.5067125589047468     
  0.22387500000000002       0.96742264257997057        5.7011518132389867E-002   8.3654519995794555E-002   2.4285302198461216        2.5048343537892777     
  0.22462500000000002       0.96647798945466701        5.5540348664247438E-002   8.4165466368450362E-002   2.4250018129425648        2.5036692139882564     
  0.22537500000000002       0.96553249591015056        5.4752449206754025E-002   8.4644613919021366E-002   2.4215181605259999        2.5025108002835501     
  0.22612500000000002       0.96444298066393852        5.5322404443034004E-002   8.5078920432420491E-002   2.4176233067916226        2.5012198837353563     
  0.22687500000000002       0.96338911401263361        5.7172058003083968E-002   8.5452471278200520E-002   2.4139596201941700        2.5000006170914970     
  0.22762500000000002       0.96259534539737035        5.9841440848772416E-002   8.5774588204133945E-002   2.4112758487847565        2.4990710798288771     
  0.22837500000000002       0.96217722729092603        6.2792036403489668E-002   8.6143941352417125E-002   2.4098976482661736        2.4984923997062216     
  0.22912500000000002       0.96209270778688649        6.5619948753808499E-002   8.6652184335734378E-002   2.4097008116051839        2.4982631615784920     
  0.22987500000000002       0.96222095406378272        6.8160051326806206E-002   8.7254032703256851E-002   2.4103000993793935        2.4983138229854083     
  0.23062500000000002       0.96246024481354930        7.0419151374717159E-002   8.7838639752833056E-002   2.4112659255649262        2.4984735933558935     
  0.23137500000000003       0.96272457169467440        7.2433940705330449E-002   8.8382120090215649E-002   2.4122990392195081        2.4986556661674828     
  0.23212500000000003       0.96297262236901937        7.4222719959550931E-002   8.8946217443924572E-002   2.4132964804880737        2.4988542645893763     
  0.23287500000000003       0.96321433713264892        7.5815478793975960E-002   8.9568001158628355E-002   2.4142944534156001        2.4990764818533702     
  0.23362500000000003       0.96347371714786667        7.7256140432346979E-002   9.0226968758607320E-002   2.4153604842852268        2.4993295422413224     
  0.23437500000000003       0.96375322954679465        7.8566234192829126E-002   9.0889262483095715E-002   2.4164943642619878        2.4996089377940409     
  0.23512500000000003       0.96401065965780319        7.9720995909416698E-002   9.1518248717873951E-002   2.4175429123241776        2.4998711357369632     
  0.23587500000000003       0.96414523747251057        8.0652072849251799E-002   9.2039353328407375E-002   2.4181430822796441        2.5000140270899465     
  0.23662500000000003       0.96400537476112080        8.1264343574447062E-002   9.2325514522087107E-002   2.4177493927907761        2.4998854586242572     
  0.23737500000000003       0.96343529293682795        8.1471428745176544E-002   9.2239694868532146E-002   2.4158043150126933        2.4993313469871725     
  0.23812500000000003       0.96236246041901408        8.1260574137817745E-002   9.1723863202012285E-002   2.4120553221850329        2.4982826139196188     
  0.23887500000000003       0.96089832138454523        8.0769683034590214E-002   9.0898456810959150E-002   2.4069179493997956        2.4968551955726670     
  0.23962500000000000       0.95939351330210210        8.0324801553107228E-002   9.0116289974411401E-002   2.4016714538758297        2.4954062209499597     
  0.24037500000000001       0.95837801999520167        8.0377816590254961E-002   8.9904740538537295E-002   2.3982367083265483        2.4944741242860013     
  0.24112500000000001       0.95834555929541076        8.1315739672691414E-002   9.0758741946282750E-002   2.3983956782721476        2.4945576692315834     
  0.24187500000000001       0.95940252536123138        8.3165979616547342E-002   9.2793194884953606E-002   2.4025226602864276        2.4957517826820839     
  0.24262500000000001       0.96088679237564145        8.5285237696637123E-002   9.5346056876492016E-002   2.4081899773422428        2.4973542307574106     
  0.24337500000000001       0.96117393500907966        8.6220764090942259E-002   9.6749760500360854E-002   2.4094385810790340        2.4976770828777286     
  0.24412500000000001       0.95800003237012388        8.4044286802958404E-002   9.4638119083817307E-002   2.3979806879889969        2.4943836478090855     
  0.24487500000000001       0.94950943041001779        7.7340200182375016E-002   8.7051116360152822E-002   2.3671759257294696        2.4855316175887343     
  0.24562500000000001       0.93561587485774178        6.6394246767398940E-002   7.3885425316389919E-002   2.3171180601040615        2.4709338417584674     
  0.24637500000000001       0.91854824308126015        5.3459866172839265E-002   5.7418033442433271E-002   2.2563594011991390        2.4527934575442965     
  0.24712500000000001       0.90179817969302656        4.1532346113922737E-002   4.1125577343024286E-002   2.1975622116856437        2.4347665913650092     
  0.24787500000000001       0.88821780445266840        3.2655179522745326E-002   2.7769135427321127E-002   2.1505177611656849        2.4199958431439801     
  0.24862500000000001       0.87886660899527569        2.7228345969031040E-002   1.8384308330550450E-002   2.1184652404116413        2.4097526882153075     
  0.24937500000000001       0.87324852728037405        2.4506516583214111E-002   1.2581562569839050E-002   2.0993529093110177        2.4035750840815160     
  0.25012499999999999       0.87023497231782820        2.3447635923216706E-002   9.3837799002751219E-003   2.0891496602083031        2.4002519399040056     
  0.25087500000000001       0.86879292659304486        2.3251351629518309E-002   7.8611225835321010E-003   2.0842747449840857        2.3986475721477789     
  0.25162499999999999       0.86824078717258635        2.3494611599379822E-002   7.3678709933152411E-003   2.0823960129591175        2.3980062899818932     
  0.25237500000000002       0.86819262413177600        2.4043015519409919E-002   7.5188991102029239E-003   2.0822061878156073        2.3979018685556692     
  0.25312499999999999       0.86841510697841695        2.4908733063988071E-002   8.0850253461268208E-003   2.0829271815587118        2.3980839351022887     
  0.25387500000000002       0.86872539039076768        2.6136450058786231E-002   8.9068880632450775E-003   2.0839598487549917        2.3983655147406266     
  0.25462499999999999       0.86896501324176512        2.7728600853931126E-002   9.8494295792013083E-003   2.0847911654840070        2.3985924692603873     
  0.25537500000000002       0.86903863843403928        2.9590387274092387E-002   1.0781504390496638E-002   2.0851169472414117        2.3986808021735730     
  0.25612499999999999       0.86899135468176403        3.1475302574059547E-002   1.1562032323053898E-002   2.0850919643493144        2.3986947745773208     
  0.25687499999999996       0.86909171214192327        3.2932019682607575E-002   1.2026472538562956E-002   2.0855998451577324        2.3989328944661557     
  0.25762499999999999       0.86987080250653115        3.3287319449228706E-002   1.1982440307856491E-002   2.0883823070141725        2.3999689031162728     
  0.25837499999999997       0.87204107675188181        3.1737265792965812E-002   1.1235218750767040E-002   2.0957831777930087        2.4025625978786578     
  0.25912499999999999       0.87622209782556038        2.7623717198665552E-002   9.6639539276970228E-003   2.1098686948019427        2.4073576504300442     
  0.25987499999999997       0.88250997829545441        2.0874818943268054E-002   7.3395743897295002E-003   2.1310180021964071        2.4144096366438919     
  0.26062500000000000       0.89014978909804099        1.2363427571673000E-002   4.6106518334099031E-003   2.1567905664136768        2.4228425297665912     
  0.26137499999999997       0.89767869585742865        3.7846907469990098E-003   2.0403609946678110E-003   2.1823033893602219        2.4310403068946163     
  0.26212500000000000       0.90359737138858542       -3.0751802926040827E-003   1.6308853840276636E-004   2.2024354607224881        2.4374021914153854     
  0.26287499999999997       0.90709476303952619       -7.2006634249906221E-003  -7.8051791992275006E-004   2.2143465264332711        2.4411094638030577     
  0.26362500000000000       0.90826798496401107       -8.6649339547486513E-003  -9.1635588471777451E-004   2.2183248011596817        2.4423221379767286     
  0.26437499999999997       0.90778641944101124       -8.2740330726975043E-003  -5.8822876837167487E-004   2.2166645309960944        2.4417931201046894     
  0.26512500000000000       0.90639658358941277       -6.9798398717167542E-003  -1.5032606007183495E-004   2.2119363993198604        2.4403330200718680     
  0.26587499999999997       0.90462011398369691       -5.4948107672897085E-003   1.5672497782370871E-004   2.2059243238643376        2.4384905752133768     
  0.26662500000000000       0.90270958448207428       -4.2017965075803040E-003   2.2682683734451950E-004   2.1994733036739493        2.4365128431571863     
  0.26737499999999997       0.90074812371393165       -3.2342859859777963E-003   5.4021670628103461E-005   2.1928424844718530        2.4344615531248981     
  0.26812500000000000       0.89876880307887319       -2.5918287678828806E-003  -3.1259063621949935E-004   2.1861246044796108        2.4323505728416404     
  0.26887499999999998       0.89683020997995089       -2.2250912892077829E-003  -8.0426581379834780E-004   2.1795073799250622        2.4302306442726977     
  0.26962500000000000       0.89503654862320547       -2.0806304290760871E-003  -1.3540111328597549E-003   2.1733390236881842        2.4282087524890361     
  0.27037499999999998       0.89351787650595438       -2.1176928292363727E-003  -1.9057504737790909E-003   2.1680561519768782        2.4264221982571175     
  0.27112500000000000       0.89239355524520669       -2.3105349585521521E-003  -2.4148910887406318E-003   2.1640573390305802        2.4249963121201019     
  0.27187499999999998       0.89173778081256838       -2.6443102199866153E-003  -2.8453275942335425E-003   2.1615899142863899        2.4240101751455727     
  0.27262500000000001       0.89155815489062618       -3.1083894461157932E-003  -3.1668691136336009E-003   2.1606870776368647        2.4234830029618446     
  0.27337499999999998       0.89179105666328951       -3.6889712849480709E-003  -3.3511438062704684E-003   2.1611646205569595        2.4233823361690310     
  0.27412500000000001       0.89231235785583829       -4.3629983628493815E-003  -3.3651911145814802E-003   2.1626674775394736        2.4236473319803902     
  0.27487499999999998       0.89296005192219896       -5.0973212229632166E-003  -3.1769223898503621E-003   2.1647468490046755        2.4242144364488998     
  0.27562500000000001       0.89356701395541016       -5.8547899942431496E-003  -2.7770779478526776E-003   2.1669492520078251        2.4250288137752518     
  0.27637499999999998       0.89399676110858317       -6.6016069713509991E-003  -2.1883656581060144E-003   2.1689002687792129        2.4260414694681676     
  0.27712500000000001       0.89416895153828935       -7.3098117334006313E-003  -1.4468472326503768E-003   2.1703638698368515        2.4272066445177738     
  0.27787499999999998       0.89408106512313257       -7.9569527736416609E-003  -5.8815451195583278E-004   2.1712643104504634        2.4284472570717521     
  0.27862500000000001       0.89380193034479838       -8.5266760289705763E-003   3.3999835610758688E-004   2.1716715846449985        2.4296555813242153     
  0.27937499999999998       0.89344097773422682       -9.0078162318284801E-003   1.2679699430499006E-003   2.1717605366021093        2.4307304923825597     
  0.28012500000000001       0.89311313594710873       -9.3891854691692863E-003   2.1228744678131414E-003   2.1717551901210630        2.4316105385549527     
  0.28087499999999999       0.89290872580208469       -9.6541646961953893E-003   2.8554472257516037E-003   2.1718708703733034        2.4322912871922804     
  0.28162500000000001       0.89287670678695708       -9.7808293580133113E-003   3.4462542668855867E-003   2.1722679036380672        2.4328192966878830     
  0.28237499999999999       0.89302348771574747       -9.7471673782564654E-003   3.8955328072963736E-003   2.1730259083734573        2.4332665910661206     
  0.28312500000000002       0.89332129218372491       -9.5375515619881140E-003   4.2148527182636654E-003   2.1741394039491087        2.4337028187719025     
  0.28387499999999999       0.89371939828375624       -9.1488424383517203E-003   4.4229929900244927E-003   2.1755304777580151        2.4341786804495458     
  0.28462500000000002       0.89415653146994256       -8.5961564775507253E-003   4.5398555491424726E-003   2.1770728588934865        2.4347191311932761     
  0.28537499999999999       0.89457377333035182       -7.9172860519318815E-003   4.5796060404331993E-003   2.1786213042532596        2.4353212799460646     
  0.28612500000000002       0.89492591680732414       -7.1738730184164072E-003   4.5489919129490623E-003   2.1800411015242358        2.4359567039410641     
  0.28687499999999999       0.89518940438160122       -6.4480457907823037E-003   4.4519744615835778E-003   2.1812346789553136        2.4365797621476588     
  0.28762500000000002       0.89536586598991996       -5.8342755341700752E-003   4.2972664102171754E-003   2.1821640954593056        2.4371431364314904     
  0.28837499999999999       0.89548181493083123       -5.4269297723934257E-003   4.1039319466046210E-003   2.1828673793901694        2.4376168163755496     
  0.28912499999999997       0.89558489133312180       -5.3045648319321702E-003   3.9020132019257684E-003   2.1834636757657870        2.4380039089029846     
  0.28987499999999999       0.89573568880407017       -5.5127385660014658E-003   3.7285621399937435E-003   2.1841395484449810        2.4383474407411123     
  0.29062499999999997       0.89599377110165590       -6.0483365939294782E-003   3.6223417487054725E-003   2.1851105354556992        2.4387254345717282     
  0.29137500000000000       0.89639979694328997       -6.8497059392739548E-003   3.6215912782668583E-003   2.1865610699242355        2.4392325734405000     
  0.29212499999999997       0.89696240736984578       -7.7972219944473483E-003   3.7681827810403246E-003   2.1885796209485928        2.4399437451283514     
  0.29287500000000000       0.89766262662251273       -8.7273800889693300E-003   4.1171981031521837E-003   2.1911158308723024        2.4408546136337734     
  0.29362499999999997       0.89848092280564273       -9.4599271687353971E-003   4.7421167730732272E-003   2.1939829562190480        2.4418110450780972     
  0.29437500000000000       0.89942960846614040       -9.8326831203463388E-003   5.7156058173424892E-003   2.1969097209316195        2.4424788706944205     
  0.29512499999999997       0.90054924690212523       -9.7345667535115189E-003   7.0437762459549906E-003   2.1996203956163400        2.4424430345090933     
  0.29587500000000000       0.90183458191467314       -9.1262535314202801E-003   8.5473489673565748E-003   2.2019074541860304        2.4414907304798241     
  0.29662499999999997       0.90308921824218058       -8.0416225947794445E-003   9.7100505786556282E-003   2.2036670739318138        2.4400458165110477     
  0.29737500000000000       0.90373012867880320       -6.5700086773060598E-003   9.5496275892526759E-003   2.2048924247066140        2.4396863822135262     
  0.29812499999999997       0.90276388340449187       -4.8281733280342957E-003   6.7026913183644453E-003   2.2056466953182081        2.4431736163799371     
  0.29887500000000000       0.89962904490306639       -2.9325361933031520E-003   3.3689949293337488E-004   2.2060540202358405        2.4521764721058674     
  0.29962499999999997       0.89588886452703687       -9.7661351547462575E-004  -7.2016892614250099E-003   2.2062698295122289        2.4626272731197218     
