 -0.70657645110065759       0.93108098666304917     
 -0.70551579092887784       0.92765714246182962     
 -0.70445513075709798       0.92296266683442418     
 -0.70339447058531823       0.92104371407513530     
 -0.70233381041353837       0.91844728588065172     
 -0.70127315024175862       0.91613891556504212     
 -0.70021249006997865       0.91515316068163721     
 -0.69915182989819891       0.91394476410262948     
 -0.69809116972641905       0.91343371055353140     
 -0.69703050955463930       0.91699830159199214     
 -0.69596984938285944       0.91957440356880993     
 -0.69490918921107958       0.91032896813803710     
 -0.69384852903929972       0.89867507609018438     
 -0.69278786886751997       0.93023099366814088     
 -0.69172720869574011        1.0211751609120472     
 -0.69066654852396037        1.0812935198081126     
 -0.68960588835218051        1.0642193252367440     
 -0.68854522818040065        1.0391707389581764     
 -0.68748456800862079        1.0399163363144326     
 -0.68642390783684104        1.0446938183226093     
 -0.68536324766506118        1.0423459145514098     
 -0.68430258749328143        1.0388035127509023     
 -0.68324192732150169        1.0369484185124862     
 -0.68218126714972172        1.0357225821573508     
 -0.68112060697794197        1.0349880548912171     
 -0.68005994680616211        1.0350455927189890     
 -0.67899928663438236        1.0358511556327605     
 -0.67793862646260250        1.0372209393034360     
 -0.67687796629082264        1.0387807013426460     
 -0.67581730611904278        1.0399611219382612     
 -0.67475664594726303        1.0402897643342084     
 -0.67369598577548317        1.0396311522825843     
 -0.67263532560370343        1.0381807181873275     
 -0.67157466543192357        1.0363112951407056     
 -0.67051400526014371        1.0344143894659075     
 -0.66945334508836385        1.0328078263064202     
 -0.66839268491658410        1.0317066142743760     
 -0.66733202474480424        1.0312088240730537     
 -0.66627136457302449        1.0312575508201203     
 -0.66521070440124463        1.0316062615687476     
 -0.66415004422946478        1.0318704687855162     
 -0.66308938405768492        1.0317159796381044     
 -0.66202872388590517        1.0310958027818296     
 -0.66096806371412531        1.0303107957190383     
 -0.65990740354234556        1.0297884297134317     
 -0.65884674337056570        1.0297630723605842     
 -0.65778608319878584        1.0301224060696059     
 -0.65672542302700598        1.0305249909550143     
 -0.65566476285522624        1.0307188770187550     
 -0.65460410268344638        1.0308318885426564     
 -0.65354344251166663        1.0313567926596496     
 -0.65248278233988677        1.0327702208433867     
 -0.65142212216810691        1.0349121115729636     
 -0.65036146199632705        1.0365050609295083     
 -0.64930080182454730        1.0356508165095808     
 -0.64824014165276744        1.0317596950102339     
 -0.64717948148098770        1.0266843165067956     
 -0.64611882130920784        1.0227677632399770     
 -0.64505816113742798        1.0206130915249845     
 -0.64399750096564812        1.0195580042756989     
 -0.64293684079386837        1.0189813068233942     
 -0.64187618062208862        1.0186290281244825     
 -0.64081552045030876        1.0184772832198052     
 -0.63975486027852890        1.0186606573790249     
 -0.63869420010674904        1.0193719995093773     
 -0.63763353993496930        1.0207230231259348     
 -0.63657287976318944        1.0226028341495161     
 -0.63551221959140958        1.0243790052192452     
 -0.63445155941962983        1.0246057624894274     
 -0.63339089924784997        1.0218395976706365     
 -0.63233023907607011        1.0167948617059821     
 -0.63126957890429036        1.0125661908422541     
 -0.63020891873251050        1.0113667760782685     
 -0.62914825856073076        1.0125917782776146     
 -0.62808759838895090        1.0145029433962824     
 -0.62702693821717104        1.0161224710618924     
 -0.62596627804539118        1.0173412449967845     
 -0.62490561787361143        1.0182909568985008     
 -0.62384495770183157        1.0191792782956339     
 -0.62278429753005182        1.0205489662690361     
 -0.62172363735827196        1.0231575510892554     
 -0.62066297718649210        1.0270769938256465     
 -0.61960231701471224        1.0301038582609707     
 -0.61854165684293250        1.0274721350469258     
 -0.61748099667115264        1.0186175638172990     
 -0.61642033649937289        1.0114473752876005     
 -0.61535967632759303        1.0049953435079058     
 -0.61429901615581317       0.99039583799049224     
 -0.61323835598403331       0.97750279908806359     
 -0.61217769581225356       0.97034308913394263     
 -0.61111703564047370       0.96163810350599210     
 -0.61005637546869396       0.95579755278879208     
 -0.60899571529691410       0.95502852097937219     
 -0.60793505512513424       0.95587582114572012     
 -0.60687439495335438       0.95681357444900761     
 -0.60581373478157463       0.95746969924773129     
 -0.60475307460979488       0.95744215681512690     
 -0.60369241443801502       0.95676636752022537     
 -0.60263175426623516       0.95584914024346312     
 -0.60157109409445531       0.95515380137182559     
 -0.60051043392267556       0.95488101933107516     
 -0.59944977375089570       0.95464326087017926     
 -0.59838911357911584       0.95377537958951120     
 -0.59732845340733609       0.95232509953710842     
 -0.59626779323555623       0.95138097267224897     
 -0.59520713306377637       0.95202215296904358     
 -0.59414647289199651       0.95438475493322628     
 -0.59308581272021677       0.95785051024211176     
 -0.59202515254843702       0.96004645734841221     
 -0.59096449237665716       0.95446387098173946     
 -0.58990383220487730       0.93482436473150177     
 -0.58884317203309744       0.90676349190268946     
 -0.58778251186131769       0.88588046384787300     
 -0.58672185168953783       0.87951188355689092     
 -0.58566119151775797       0.88180518917724626     
 -0.58460053134597822       0.88490024429049829     
 -0.58353987117419837       0.88582472903607601     
 -0.58247921100241851       0.88532603683610755     
 -0.58141855083063876       0.88479741131419254     
 -0.58035789065885890       0.88474036826147684     
 -0.57929723048707915       0.88489666965664604     
 -0.57823657031529929       0.88491041971665707     
 -0.57717591014351943       0.88468196609767591     
 -0.57611524997173957       0.88431850238456189     
 -0.57505458979995983       0.88394655133774247     
 -0.57399392962817997       0.88360407124685603     
 -0.57293326945640022       0.88325239330758643     
 -0.57187260928462036       0.88283680100495165     
 -0.57081194911284050       0.88232753442823331     
 -0.56975128894106064       0.88172732366379558     
 -0.56869062876928089       0.88106073446388689     
 -0.56762996859750103       0.88036399382802610     
 -0.56656930842572129       0.87968818030550233     
 -0.56550864825394143       0.87910562234854717     
 -0.56444798808216157       0.87869402589401235     
 -0.56338732791038171       0.87850378668296480     
 -0.56232666773860196       0.87855049505402150     
 -0.56126600756682210       0.87883905781305294     
 -0.56020534739504235       0.87936773970328808     
 -0.55914468722326249       0.88009257992603995     
 -0.55808402705148263       0.88091090664766136     
 -0.55702336687970277       0.88171148588290826     
 -0.55596270670792303       0.88244679715601138     
 -0.55490204653614328       0.88314207567607828     
 -0.55384138636436342       0.88382274384842496     
 -0.55278072619258356       0.88443826907872691     
 -0.55172006602080370       0.88487123384459432     
 -0.55065940584902395       0.88502281252234150     
 -0.54959874567724409       0.88487537962459339     
 -0.54853808550546423       0.88446356948507243     
 -0.54747742533368449       0.88379821525795355     
 -0.54641676516190463       0.88284602434923154     
 -0.54535610499012477       0.88160336356370461     
 -0.54429544481834491       0.88018643133662033     
 -0.54323478464656516       0.87882746924643163     
 -0.54217412447478541       0.87776853822943990     
 -0.54111346430300555       0.87715652679339984     
 -0.54005280413122569       0.87702269030053470     
 -0.53899214395944584       0.87732636303208844     
 -0.53793148378766609       0.87799860424763887     
 -0.53687082361588623       0.87893982504385937     
 -0.53581016344410648       0.87996981110877981     
 -0.53474950327232662       0.88081607953222563     
 -0.53368884310054676       0.88122494343773172     
 -0.53262818292876690       0.88111819925282964     
 -0.53156752275698715       0.88065346429954128     
 -0.53050686258520729       0.88012710849896547     
 -0.52944620241342755       0.87976568487169526     
 -0.52838554224164769       0.87956970999146167     
 -0.52732488206986783       0.87932446572609735     
 -0.52626422189808797       0.87874625147380037     
 -0.52520356172630822       0.87770890259157086     
 -0.52414290155452836       0.87640741887741958     
 -0.52308224138274850       0.87526648193199308     
 -0.52202158121096875       0.87464090601496269     
 -0.52096092103918890       0.87459348324786235     
 -0.51990026086740904       0.87492792401894204     
 -0.51883960069562918       0.87537718639494311     
 -0.51777894052384943       0.87575803865177249     
 -0.51671828035206968       0.87600538100740466     
 -0.51565762018028982       0.87611726958948055     
 -0.51459696000850996       0.87610195988113793     
 -0.51353629983673010       0.87599212288932660     
 -0.51247563966495036       0.87591420040319845     
 -0.51141497949317050       0.87616687079273825     
 -0.51035431932139064       0.87713740495959946     
 -0.50929365914961089       0.87886054012481829     
 -0.50823299897783103       0.88077902583690681     
 -0.50717233880605117       0.88228711402058202     
 -0.50611167863427131       0.88305800019714753     
 -0.50505101846249156       0.88281542824976444     
 -0.50399035829071182       0.88146513693611672     
 -0.50292969811893196       0.87923777607143327     
 -0.50186903794715210       0.87679048219758160     
 -0.50080837777537235       0.87559819192167176     
 -0.49974771760359249       0.87749969912428449     
 -0.49868705743181263       0.88137473228287044     
 -0.49762639726003283       0.88116285579287745     
 -0.49656573708825308       0.87347284251843993     
 -0.49550507691647322       0.86491233383633648     
 -0.49444441674469336       0.86491233384097943     
 -0.49338375657291356       0.87347284252693269     
 -0.49232309640113375       0.88116285579566989     
 -0.49126243622935389       0.88137473227809537     
 -0.49020177605757403       0.87749969911810322     
 -0.48914111588579429       0.87559819191827137     
 -0.48808045571401448       0.87679048219632982     
 -0.48701979554223462       0.87923777607090858     
 -0.48595913537045476       0.88146513693564765     
 -0.48489847519867496       0.88281542824880577     
 -0.48383781502689521       0.88305800019518355     
 -0.48277715485511535       0.88228711401754134     
 -0.48171649468333549       0.88077902583308509     
 -0.48065583451155569       0.87886054012077108     
 -0.47959517433977589       0.87713740495608583     
 -0.47853451416799603       0.87616687079035360     
 -0.47747385399621617       0.87591420040208534     
 -0.47641319382443642       0.87599212288915662     
 -0.47535253365265662       0.87610195988119943     
 -0.47429187348087676       0.87611726958894576     
 -0.47323121330909690       0.87600538100573022     
 -0.47217055313731709       0.87575803864901081     
 -0.47110989296553735       0.87537718639181250     
 -0.47004923279375749       0.87492792401659680     
 -0.46898857262197763       0.87459348324746944     
 -0.46792791245019782       0.87464090601723310     
 -0.46686725227841802       0.87526648193683143     
 -0.46580659210663816       0.87640741888385487     
 -0.46474593193485830       0.87770890259815126     
 -0.46368527176307855       0.87874625147926899     
 -0.46262461159129875       0.87932446572984446     
 -0.46156395141951889       0.87956970999343587     
 -0.46050329124773903       0.87976568487212536     
 -0.45944263107595923       0.88012710849827469     
 -0.45838197090417948       0.88065346429845881     
 -0.45732131073239962       0.88111819925234647     
 -0.45626065056061982       0.88122494343871405     
 -0.45519999038884001       0.88081607953498675     
 -0.45413933021706016       0.87996981111295380     
 -0.45307867004528030       0.87893982504859858     
 -0.45201800987350055       0.87799860425198650     
 -0.45095734970172074       0.87732636303529110     
 -0.44989668952994089       0.87702269030223168     
 -0.44883602935816103       0.87715652679369893     
 -0.44777536918638122       0.87776853822890366     
 -0.44671470901460147       0.87882746924588073     
 -0.44565404884282162       0.88018643133674968     
 -0.44459338867104176       0.88160336356468838     
 -0.44353272849926195       0.88284602435069270     
 -0.44247206832748215       0.88379821525929958     
 -0.44141140815570229       0.88446356948589167     
 -0.44035074798392243       0.88487537962487894     
 -0.43929008781214268       0.88502281252246062     
 -0.43822942764036288       0.88487123384511390     
 -0.43716876746858302       0.88443826908019951     
 -0.43610810729680316       0.88382274385118054     
 -0.43504744712502336       0.88314207568010705     
 -0.43398678695324361       0.88244679716097574     
 -0.43292612678146375       0.88171148588827686     
 -0.43186546660968383       0.88091090665288818     
 -0.43080480643790409       0.88009257993071133     
 -0.42974414626612428       0.87936773970721038     
 -0.42868348609434442       0.87883905781630756     
 -0.42762282592256456       0.87855049505695915     
 -0.42656216575078482       0.87850378668610007     
 -0.42550150557900501       0.87869402589777701     
 -0.42444084540722515       0.87910562235304091     
 -0.42338018523544529       0.87968818031037554     
 -0.42231952506366549       0.88036399383265973     
 -0.42125886489188574       0.88106073446772015     
 -0.42019820472010588       0.88172732366659479     
 -0.41913754454832597       0.88232753443010536     
 -0.41807688437654622       0.88283680100619011     
 -0.41701622420476642       0.88325239330846339     
 -0.41595556403298656       0.88360407124753970     
 -0.41489490386120670       0.88394655133830646     
 -0.41383424368942689       0.88431850238507792     
 -0.41277358351764715       0.88468196609827643     
 -0.41171292334586729       0.88491041971751583     
 -0.41065226317408748       0.88489666965788039     
 -0.40959160300230774       0.88474036826303037     
 -0.40853094283052788       0.88479741131584355     
 -0.40747028265874796       0.88532603683764233     
 -0.40640962248696821       0.88582472903744214     
 -0.40534896231518841       0.88490024429169190     
 -0.40428830214340855       0.88180518917800710     
 -0.40322764197162869       0.87951188355673371     
 -0.40216698179984894       0.88588046384683528     
 -0.40110632162806914       0.90676349190205707     
 -0.40004566145628928       0.93482436473283359     
 -0.39898500128450942       0.95446387098488794     
 -0.39792434111272962       0.96004645735165206     
 -0.39686368094094987       0.95785051024406342     
 -0.39580302076916996       0.95438475493372876     
 -0.39474236059739010       0.95202215296858639     
 -0.39368170042561035       0.95138097267124044     
 -0.39262104025383054       0.95232509953562539     
 -0.39156038008205069       0.95377537958741465     
 -0.39049971991027083       0.95464326086736917     
 -0.38943905973849102       0.95488101932772662     
 -0.38837839956671127       0.95515380136845962     
 -0.38731773939493142       0.95584914024075152     
 -0.38625707922315156       0.95676636751868471     
 -0.38519641905137175       0.95744215681493161     
 -0.38413575887959200       0.95746969924860204     
 -0.38307509870781209       0.95681357445012050     
 -0.38201443853603223       0.95587582114581771     
 -0.38095377836425248       0.95502852097725099     
 -0.37989311819247268       0.95579755278387224     
 -0.37883245802069282       0.96163810349857037     
 -0.37777179784891296       0.97034308912518452     
 -0.37671113767713316       0.97750279907896265     
 -0.37565047750535341       0.99039583798394593     
 -0.37458981733357355        1.0049953435091394     
 -0.37352915716179369        1.0114473752941353     
 -0.37246849699001389        1.0186175638225659     
 -0.37140783681823408        1.0274721350492282     
 -0.37034717664645422        1.0301038582624473     
 -0.36928651647467436        1.0270769938272151     
 -0.36822585630289467        1.0231575510898430     
 -0.36716519613111481        1.0205489662679081     
 -0.36610453595933495        1.0191792782934157     
 -0.36504387578755515        1.0182909568964802     
 -0.36398321561577540        1.0173412449958734     
 -0.36292255544399554        1.0161224710622490     
 -0.36186189527221568        1.0145029433975585     
 -0.36080123510043588        1.0125917782793088     
 -0.35974057492865608        1.0113667760800826     
 -0.35867991475687622        1.0125661908442845     
 -0.35761925458509636        1.0167948617081970     
 -0.35655859441331661        1.0218395976725398     
 -0.35549793424153681        1.0246057624911185     
 -0.35443727406975695        1.0243790052218888     
 -0.35337661389797714        1.0226028341539291     
 -0.35231595372619728        1.0207230231315156     
 -0.35125529355441754        1.0193719995145718     
 -0.35019463338263768        1.0186606573823702     
 -0.34913397321085787        1.0184772832206481     
 -0.34807331303907801        1.0186290281232044     
 -0.34701265286729821        1.0189813068213003     
 -0.34595199269551835        1.0195580042744323     
 -0.34489133252373860        1.0206130915255895     
 -0.34383067235195880        1.0227677632422802     
 -0.34277001218017894        1.0266843165098036     
 -0.34170935200839914        1.0317596950132373     
 -0.34064869183661928        1.0356508165126634     
 -0.33958803166483953        1.0365050609327993     
 -0.33852737149305967        1.0349121115759403     
 -0.33746671132127987        1.0327702208452139     
 -0.33640605114950001        1.0313567926598171     
 -0.33534539097772020        1.0308318885412300     
 -0.33428473080594034        1.0307188770163820     
 -0.33322407063416060        1.0305249909527876     
 -0.33216341046238074        1.0301224060687444     
 -0.33110275029060093        1.0297630723619295     
 -0.33004209011882107        1.0297884297169677     
 -0.32898142994704127        1.0303107957236857     
 -0.32792076977526141        1.0310958027858075     
 -0.32686010960348166        1.0317159796398438     
 -0.32579944943170180        1.0318704687844376     
 -0.32473878925992200        1.0316062615652832     
 -0.32367812908814214        1.0312575508152082     
 -0.32261746891636234        1.0312088240676844     
 -0.32155680874458248        1.0317066142695062     
 -0.32049614857280273        1.0328078263029843     
 -0.31943548840102287        1.0344143894646360     
 -0.31837482822924307        1.0363112951416835     
 -0.31731416805746321        1.0381807181898375     
 -0.31625350788568340        1.0396311522854040     
 -0.31519284771390355        1.0402897643363223     
 -0.31413218754212380        1.0399611219393567     
 -0.31307152737034394        1.0387807013430568     
 -0.31201086719856413        1.0372209393037288     
 -0.31095020702678428        1.0358511556334025     
 -0.30988954685500447        1.0350455927203028     
 -0.30882888668322461        1.0349880548934471     
 -0.30776822651144486        1.0357225821606009     
 -0.30670756633966501        1.0369484185164961     
 -0.30564690616788520        1.0388035127552753     
 -0.30458624599610534        1.0423459145563143     
 -0.30352558582432554        1.0446938183280920     
 -0.30246492565254568        1.0399163363189294     
 -0.30140426548076593        1.0391707389601996     
 -0.30034360530898607        1.0642193252357173     
 -0.29928294513720627        1.0812935198017302     
 -0.29822228496542647        1.0211751609020272     
 -0.29716162479364661       0.93023099366167628     
 -0.29610096462186686       0.89867507608806363     
 -0.29504030445008700       0.91032896813684605     
 -0.29397964427830720       0.91957440356733755     
 -0.29291898410652734       0.91699830159052620     
 -0.29185832393474753       0.91343371055233313     
 -0.29079766376296767       0.91394476410162118     
 -0.28973700359118792       0.91515316068058650     
 -0.28867634341940807       0.91613891556378135     
 -0.28761568324762826       0.91844728587936775     
 -0.28655502307584840       0.92104371407444652     
 -0.28549436290406860       0.92296266683506367     
 -0.28443370273228874       0.92765714246401521     
 -0.28337304256050899       0.93108098666630701     
