   3.7500000000000001E-004  0.82041257583188465        1.1105346783838229E-003  0.11627117192945158        1.9911344356648430        2.4169480138509405     
   1.1250000000000001E-003  0.82076052418508427        3.1275525262412177E-003  0.11565613444316865        1.9908431017077430        2.4156722166634612     
   1.8750000000000004E-003  0.82192565279643115        4.6686917889992297E-003  0.11576318122635006        1.9904259813549785        2.4117272024154093     
   2.6250000000000002E-003  0.82412525841296325        5.6697081838029701E-003  0.11646711457556971        1.9898740246749727        2.4045189888494423     
   3.3750000000000000E-003  0.82686473397575133        6.1352302480986408E-003  0.11662274891581439        1.9892062007719260        2.3957474525417206     
   4.1250000000000002E-003  0.82906371828149172        6.0834994425905814E-003  0.11527301060429773        1.9886244710006205        2.3889459018714643     
   4.8750000000000000E-003  0.83017487428639569        5.6669082930158841E-003  0.11274813589197126        1.9883506808380647        2.3858527844370214     
   5.6249999999999998E-003  0.83093902297893596        5.3340568287960077E-003  0.11034654229270935        1.9880231264749648        2.3836636434487652     
   6.3749999999999996E-003  0.83175329210382121        5.6962919505192397E-003  0.10895097747857249        1.9863677822845038        2.3795668456894905     
   7.1249999999999994E-003  0.83189387921130309        7.0015172700675851E-003  0.10878976924791045        1.9825428949412389        2.3745817405404481     
   7.8750000000000001E-003  0.83148312732625207        8.4263334665712064E-003  0.10935467517585439        1.9790885823117073        2.3714911198951332     
   8.6250000000000007E-003  0.83312925827908368        7.6724532463622848E-003  0.10880824723747273        1.9841803805252414        2.3730288565561874     
   9.3749999999999997E-003  0.84040619816930462        1.8420800238477038E-003  0.10492970818957975        2.0080381085155481        2.3815692283493921     
   1.0125000000000000E-002  0.85365327554988790       -9.0309263463789133E-003   9.7419908912557640E-002   2.0516119620324256        2.3967639016585873     
   1.0874999999999999E-002  0.86695019269666429       -2.0307230121640610E-002   8.9316836433435368E-002   2.0958271070172714        2.4118898544776486     
   1.1625000000000000E-002  0.87466908525818277       -2.6628518630541186E-002   8.4570870376021512E-002   2.1214566791501985        2.4203013895043957     
   1.2375000000000001E-002  0.87625303577438052       -2.7209794020743003E-002   8.3746400333565368E-002   2.1258948183909370        2.4210705199655287     
   1.3125000000000000E-002  0.87499982660015108       -2.5103353218750749E-002   8.4482690171168814E-002   2.1206166331442056        2.4184896895162367     
   1.3875000000000000E-002  0.87382296707824025       -2.3257324902298926E-002   8.4813563143428250E-002   2.1162165635569097        2.4167264104890109     
   1.4624999999999999E-002  0.87347552030064957       -2.2592457794407959E-002   8.4495491524092387E-002   2.1156303289749765        2.4170698261905272     
   1.5375000000000000E-002  0.87370540676698882       -2.2981159065441230E-002   8.4039499702153908E-002   2.1179032814243737        2.4190754165025323     
   1.6125000000000000E-002  0.87430078489151286       -2.4017883513999340E-002   8.3723571082574361E-002   2.1215295836668409        2.4215819237633696     
   1.6875000000000001E-002  0.87520912592688183       -2.5265541162381056E-002   8.3513666701564279E-002   2.1253457440570305        2.4234168765905930     
   1.7625000000000002E-002  0.87627224959608974       -2.6286622739330384E-002   8.3157667928301954E-002   2.1287360132589956        2.4243560533860418     
   1.8374999999999999E-002  0.87724247909409092       -2.6755682573379104E-002   8.2731015498015259E-002   2.1316319887625430        2.4250112354860285     
   1.9125000000000000E-002  0.87800671883398751       -2.6581811473658182E-002   8.2391214258542997E-002   2.1341475247552668        2.4258121750761457     
   1.9875000000000000E-002  0.87860521898010058       -2.5832150385705771E-002   8.2293552562684252E-002   2.1364353186967042        2.4268027975428157     
   2.0625000000000001E-002  0.87905859960929844       -2.4828710284039896E-002   8.2112068537956093E-002   2.1382374695964548        2.4276559313560035     
   2.1375000000000002E-002  0.87940412183905292       -2.3965945756642647E-002   8.1600373068524440E-002   2.1394509078473924        2.4281651838917973     
   2.2124999999999999E-002  0.87963907363220961       -2.3434688175397279E-002   8.0904967487384960E-002   2.1401220906066878        2.4283701863353691     
   2.2875000000000000E-002  0.87974903267338034       -2.3236515291750536E-002   8.0245639331030655E-002   2.1404311783577246        2.4284931922403761     
   2.3625000000000000E-002  0.87975917436146744       -2.3170018139639148E-002   7.9722998830954198E-002   2.1404134744345411        2.4285011297305972     
   2.4375000000000001E-002  0.87974118527433476       -2.3009795564307788E-002   7.9350646694278090E-002   2.1401229314000179        2.4282634834002401     
   2.5125000000000001E-002  0.87971390149336037       -2.2615933964286912E-002   7.9098972935129699E-002   2.1396575055644500        2.4278469671096481     
   2.5874999999999999E-002  0.87963064671521818       -2.2019850566488725E-002   7.8966351230285337E-002   2.1390797539653290        2.4274502706904419     
   2.6624999999999999E-002  0.87942490465250289       -2.1386451382814899E-002   7.8905178231325590E-002   2.1384607874646964        2.4273373454498728     
   2.7375000000000000E-002  0.87909236251415424       -2.0853422839619246E-002   7.8758583156667047E-002   2.1378248138651297        2.4275599984894169     
   2.8125000000000001E-002  0.87880375366237362       -2.0461821282620467E-002   7.8435416341100600E-002   2.1373105792114568        2.4278140356750209     
   2.8875000000000001E-002  0.87878844039308224       -2.0161806362678406E-002   7.8096475821035100E-002   2.1371173128462839        2.4276785845081141     
   2.9624999999999999E-002  0.87913125936725756       -1.9933058293338673E-002   7.7980388933628644E-002   2.1374345428723203        2.4271120481608617     
   3.0374999999999999E-002  0.87970377086399165       -1.9809938122706962E-002   7.8185168400983940E-002   2.1383905465409985        2.4266044418643578     
   3.1125000000000000E-002  0.88031478685061471       -1.9814207584298221E-002   7.8432310880165751E-002   2.1399288253597684        2.4266454162292304     
   3.1875000000000001E-002  0.88089387914119643       -1.9923117986052744E-002   7.8384038095180200E-002   2.1417425694956016        2.4271140041832222     
   3.2625000000000001E-002  0.88143365792126194       -2.0043582465612025E-002   7.7988452184324070E-002   2.1433729719225560        2.4275166778834434     
   3.3375000000000002E-002  0.88179269774401747       -2.0004896377394651E-002   7.7515224876765626E-002   2.1443814249552293        2.4277219196293949     
   3.4125000000000003E-002  0.88177581476238354       -1.9612797846171454E-002   7.7354843886252300E-002   2.1445203550740741        2.4279518423678210     
   3.4875000000000003E-002  0.88137203862844316       -1.8731549617687790E-002   7.7833323370667451E-002   2.1437817077127757        2.4281981543421436     
   3.5625000000000004E-002  0.88073926856856710       -1.7343665110016546E-002   7.9022975226671122E-002   2.1423529493356073        2.4282295011367472     
   3.6374999999999998E-002  0.87999476354016493       -1.5559135073266131E-002   8.0640931867833693E-002   2.1405407875921334        2.4280921210980830     
   3.7124999999999998E-002  0.87917250953904758       -1.3580717802839112E-002   8.2152816831535316E-002   2.1387254765976018        2.4281722242567572     
   3.7874999999999999E-002  0.87839338110923904       -1.1643106629653071E-002   8.3045922076409900E-002   2.1373249552171991        2.4286636627622529     
   3.8625000000000000E-002  0.87794263539853001       -9.9506819661857177E-003   8.3035441491315448E-002   2.1367525119719164        2.4292810334290591     
   3.9375000000000000E-002  0.87807429990000541       -8.6347843403943910E-003   8.2170192271977638E-002   2.1373404725902998        2.4296956115339383     
   4.0125000000000001E-002  0.87878860656375901       -7.7472001515278312E-003   8.0836034450064806E-002   2.1392184136996359        2.4300114579299943     
   4.0875000000000002E-002  0.87984751786836224       -7.2722440248689964E-003   7.9652241511624158E-002   2.1421814719972136        2.4305870416010453     
   4.1625000000000002E-002  0.88093322766534399       -7.1234127816098697E-003   7.9226289834776184E-002   2.1456520321366832        2.4315811638733251     
   4.2375000000000003E-002  0.88176048871528279       -7.1280669261353825E-003   7.9808701556197126E-002   2.1488173367000982        2.4328338417643964     
   4.3125000000000004E-002  0.88216960407222111       -7.0570615236199121E-003   8.1095118616786227E-002   2.1509156801079965        2.4339537789857131     
   4.3874999999999997E-002  0.88222968105728272       -6.7315058787776414E-003   8.2399883515539563E-002   2.1515228390950667        2.4343423791044887     
   4.4624999999999998E-002  0.88221485320994542       -6.1444445265644732E-003   8.3135383458680823E-002   2.1506800947265416        2.4333546010573146     
   4.5374999999999999E-002  0.88232958554877849       -5.4801669859395235E-003   8.3284948130234335E-002   2.1488113994274922        2.4309098266675031     
   4.6124999999999999E-002  0.88241843078062632       -4.9732716657402056E-003   8.3360254690257096E-002   2.1464918809300384        2.4280322755022503     
   4.6875000000000000E-002  0.88221367630175296       -4.7021413020782443E-003   8.3776390197492862E-002   2.1442013386338425        2.4259554080440209     
   4.7625000000000001E-002  0.88175072264780807       -4.5182172850309760E-003   8.4368165386283112E-002   2.1421999043967457        2.4248940120008604     
   4.8375000000000001E-002  0.88127730744459487       -4.1955192760136147E-003   8.4643677450788185E-002   2.1405749269153560        2.4243221218233244     
   4.9125000000000002E-002  0.88096860688518763       -3.6418473804779713E-003   8.4395223108931772E-002   2.1393607457959996        2.4238216271899322     
   4.9875000000000003E-002  0.88081925375190195       -2.9533630092139201E-003   8.3896008784612716E-002   2.1385876482989556        2.4234112015149423     
   5.0625000000000003E-002  0.88069097576586031       -2.2850071537831229E-003   8.3571369390456382E-002   2.1382283476499202        2.4233928528541306     
   5.1375000000000004E-002  0.88045063581840044       -1.6941051818735301E-003   8.3631424478959479E-002   2.1381431992343716        2.4239514751474460     
   5.2124999999999998E-002  0.88008803786450274       -1.0997615548904596E-003   8.3994800284319548E-002   2.1381048190107323        2.4248664297945264     
   5.2874999999999998E-002  0.87971508635370310       -3.6341404842998501E-004   8.4438777087000649E-002   2.1378980699492849        2.4256098734625997     
   5.3624999999999999E-002  0.87946514918088803        5.9501908685915931E-004   8.4750348557232486E-002   2.1374152291686404        2.4257146664428912     
   5.4375000000000000E-002  0.87938852168586390        1.7454069079440957E-003   8.4814843368567427E-002   2.1367028170054789        2.4251066980760920     
   5.5125000000000000E-002  0.87943908296176165        2.9950489945270529E-003   8.4668824166557327E-002   2.1359304820440412        2.4241014960747802     
   5.5875000000000001E-002  0.87954008473751200        4.2720999198227853E-003   8.4458865983456227E-002   2.1353009555735882        2.4231248656141968     
   5.6625000000000002E-002  0.87964827336152707        5.5542720991052369E-003   8.4262071148325721E-002   2.1349319407104668        2.4224212233371123     
   5.7375000000000002E-002  0.87975385994876898        6.8268984906069037E-003   8.3991939118548020E-002   2.1347941584251915        2.4219936098855146     
   5.8125000000000003E-002  0.87982530430252215        8.0308304179505813E-003   8.3508333831492948E-002   2.1347321276333853        2.4217675739192068     
   5.8875000000000004E-002  0.87980529622857595        9.0626362291972677E-003   8.2791249311351747E-002   2.1345618580103398        2.4216946511552830     
   5.9624999999999997E-002  0.87970646631044613        9.8307751427981378E-003   8.1976054968568690E-002   2.1341751717868225        2.4216040531005034     
   6.0374999999999998E-002  0.87961334686040060        1.0313436365322465E-002   8.1223834256819366E-002   2.1336043454455007        2.4212840456309612     
   6.1124999999999999E-002  0.87950522246591645        1.0568260358383461E-002   8.0585847705830799E-002   2.1330133554630022        2.4209725115046830     
   6.1874999999999999E-002  0.87923841166195749        1.0693469715574618E-002   8.0041181235424114E-002   2.1326341930808508        2.4213294999737696     
   6.2625000000000000E-002  0.87883453019096713        1.0782242548490310E-002   7.9630588261968588E-002   2.1326694884877848        2.4225216881493550     
   6.3375000000000001E-002  0.87857121059734011        1.0903385419922793E-002   7.9495223579298918E-002   2.1332006550777640        2.4238633282973829     
   6.4125000000000001E-002  0.87864785933072875        1.1111087155898538E-002   7.9771417440468895E-002   2.1341332743817167        2.4246822217746993     
   6.4875000000000002E-002  0.87896556636159107        1.1460660820063966E-002   8.0455862532012853E-002   2.1352039047566018        2.4249493011400176     
   6.5625000000000003E-002  0.87926975543529773        1.2007552205387472E-002   8.1345710519093978E-002   2.1360560333619745        2.4249795680399098     
   6.6375000000000003E-002  0.87935471437308621        1.2789788040473387E-002   8.2127979621628391E-002   2.1363779581234392        2.4250165617314154     
   6.7125000000000004E-002  0.87914259390416838        1.3810865378831012E-002   8.2571924943241143E-002   2.1360495585558921        2.4251621762930151     
   6.7875000000000005E-002  0.87868583824841850        1.5034740453258760E-002   8.2647758839770880E-002   2.1352123052163079        2.4254366348080705     
   6.8625000000000005E-002  0.87812638460949799        1.6393216755376742E-002   8.2491843889497818E-002   2.1342100749850994        2.4258266489148035     
   6.9375000000000006E-002  0.87760649643187638        1.7801295200417143E-002   8.2305466594010376E-002   2.1334377054075739        2.4263695691204394     
   7.0125000000000007E-002  0.87722994982837477        1.9177773724208466E-002   8.2243634654662653E-002   2.1331866267169879        2.4270964198701135     
   7.0875000000000007E-002  0.87710989602926392        2.0464241553709760E-002   8.2326201611263125E-002   2.1335610254395809        2.4278128715458358     
   7.1625000000000008E-002  0.87736836408645447        2.1624120233045257E-002   8.2403592663787162E-002   2.1344656763800218        2.4280901345411050     
   7.2374999999999995E-002  0.87802374862393751        2.2623325331988520E-002   8.2249999791224923E-002   2.1356418608552965        2.4276085569436661     
   7.3124999999999996E-002  0.87885694268612924        2.3429369360480991E-002   8.1750509990358072E-002   2.1367362880354097        2.4265858332245958     
   7.3874999999999996E-002  0.87945777356185795        2.4049313134948382E-002   8.0997845648750399E-002   2.1374034068482404        2.4257499432961063     
   7.4624999999999997E-002  0.87952387448835379        2.4570818888086144E-002   8.0305124871819872E-002   2.1374425053420874        2.4256682702442283     
   7.5374999999999998E-002  0.87910529949804894        2.5137170496611759E-002   8.0172715599642855E-002   2.1369101182523758        2.4262109829056868     
   7.6124999999999998E-002  0.87851304256288409        2.5839973864378887E-002   8.1064910333329188E-002   2.1361094874236466        2.4268157975836075     
   7.6874999999999999E-002  0.87806264842362314        2.6621050729666244E-002   8.2967078535681291E-002   2.1354329857426242        2.4270588349987161     
   7.7625000000000000E-002  0.87787512193212547        2.7284964930044293E-002   8.5150035201736002E-002   2.1351438568339312        2.4269855653935819     
   7.8375000000000000E-002  0.87787979166194630        2.7631725723205741E-002   8.6620061802867729E-002   2.1352568851922133        2.4269252576549483     
   7.9125000000000001E-002  0.87797512107706344        2.7611169949091765E-002   8.6904667711298345E-002   2.1355709504786162        2.4269887455512991     
   7.9875000000000002E-002  0.87804293773833919        2.7379952820007193E-002   8.6345371013135747E-002   2.1357934500506550        2.4271262035144270     
   8.0625000000000002E-002  0.87789807403918063        2.7230927161727182E-002   8.5629744287972903E-002   2.1356703809426985        2.4274707663987640     
   8.1375000000000003E-002  0.87744877151226652        2.7439915149860827E-002   8.5194656152156725E-002   2.1351025156653503        2.4281047524445820     
   8.2125000000000004E-002  0.87684534792492475        2.8120041150171492E-002   8.5070327522687311E-002   2.1342035994766091        2.4287361538887198     
   8.2875000000000004E-002  0.87633846921944758        2.9178172040370536E-002   8.5067661931640087E-002   2.1332296043156287        2.4289873106052751     
   8.3625000000000005E-002  0.87603343560031477        3.0390741932289321E-002   8.4972309972403806E-002   2.1324060412946082        2.4288546450668731     
   8.4375000000000006E-002  0.87589127818547619        3.1531295349624178E-002   8.4631590524629124E-002   2.1318018155710465        2.4285497796216746     
   8.5125000000000006E-002  0.87592353405797252        3.2465679114110468E-002   8.4040548381828464E-002   2.1313700221089138        2.4279935848330063     
   8.5875000000000007E-002  0.87616985764826438        3.3165869551145609E-002   8.3424497364622235E-002   2.1311012242142260        2.4270429492595218     
   8.6625000000000008E-002  0.87646337154589993        3.3658971378247110E-002   8.3123390573466543E-002   2.1310917971630703        2.4262323654200313     
   8.7375000000000008E-002  0.87647153458132998        3.3973705485399269E-002   8.3274708874954473E-002   2.1314172374723062        2.4265508818076005     
   8.8124999999999995E-002  0.87611561696238183        3.4119207302754292E-002   8.3633264857966433E-002   2.1319385297903408        2.4280840830392139     
   8.8874999999999996E-002  0.87579779196239438        3.4084375713660145E-002   8.3764839927985058E-002   2.1322845918403885        2.4293456298975284     
   8.9624999999999996E-002  0.87602597793321546        3.3856908974750702E-002   8.3407769883902277E-002   2.1320931993737107        2.4285447082362106     
   9.0374999999999997E-002  0.87682319001980980        3.3452631119174785E-002   8.2611621578199346E-002   2.1312908679855891        2.4255300728817937     
   9.1124999999999998E-002  0.87778626810687110        3.2918367514616062E-002   8.1617267401778715E-002   2.1301497434177348        2.4217035012127011     
   9.1874999999999998E-002  0.87875321256401717        3.2309511494554639E-002   8.0697407878682306E-002   2.1290960555839602        2.4179675996830134     
   9.2624999999999999E-002  0.87987832930555376        3.1672201237857786E-002   7.9994541609133329E-002   2.1284369721722478        2.4142321649706662     
   9.3375000000000000E-002  0.88116594724978992        3.1047725747897787E-002   7.9418506579830628E-002   2.1282082276887087        2.4105360663793931     
   9.4125000000000000E-002  0.88237800656836596        3.0490912880162452E-002   7.8796827844896639E-002   2.1282393598307277        2.4073517607531785     
   9.4875000000000001E-002  0.88318473278407439        3.0076681960836842E-002   7.8189136427543438E-002   2.1283449329927002        2.4053537716564986     
   9.5625000000000002E-002  0.88333569993889616        2.9883605491419333E-002   7.7913442820670559E-002   2.1284557228490772        2.4051038696648437     
   9.6375000000000002E-002  0.88293059124429385        2.9974631247613178E-002   7.8174184712966832E-002   2.1286090559903927        2.4063494037464022     
   9.7125000000000003E-002  0.88241634861961415        3.0388463802405417E-002   7.8858519530922738E-002   2.1288664029024398        2.4079557149769437     
   9.7875000000000004E-002  0.88219717078695248        3.1123850994728662E-002   7.9727690619672720E-002   2.1292395361728365        2.4088581641914497     
   9.8625000000000004E-002  0.88237120553605819        3.2124237729407014E-002   8.0567671629286686E-002   2.1296700629775933        2.4087447988032737     
   9.9375000000000005E-002  0.88277672758537917        3.3299153524370469E-002   8.1190781205930526E-002   2.1300804139148832        2.4079913629021497     
  0.10012500000000001       0.88315515162082081        3.4563870309946752E-002   8.1525257877063578E-002   2.1304640484167736        2.4073061577777248     
  0.10087500000000001       0.88331913877365831        3.5849745542192155E-002   8.1673151640538760E-002   2.1309274799853903        2.4073113367101238     
  0.10162500000000001       0.88323521767791768        3.7098297340627667E-002   8.1783937999277356E-002   2.1316174614445007        2.4082507990887794     
  0.10237500000000001       0.88297192328851204        3.8276195076381275E-002   8.1893249424176529E-002   2.1325712864014990        2.4099792068841679     
  0.10312500000000001       0.88262219296744049        3.9396100469033329E-002   8.1909088704064478E-002   2.1336252845487262        2.4120687315382194     
  0.10387500000000000       0.88232698513622410        4.0505330306023685E-002   8.1755256814855584E-002   2.1345027504857228        2.4138277215886714     
  0.10462500000000000       0.88226338993839604        4.1629369994825090E-002   8.1509909415825699E-002   2.1350291941009369        2.4145644528638073     
  0.10537500000000000       0.88243288082464588        4.2703173002777595E-002   8.1392505845295601E-002   2.1352728215543366        2.4143319350127395     
  0.10612500000000000       0.88252618621094481        4.3581066794491245E-002   8.1582576697844716E-002   2.1354592082308237        2.4142199347729827     
  0.10687500000000000       0.88226938292203516        4.4179680702782317E-002   8.2078381497193834E-002   2.1357345821227227        2.4151472981172120     
  0.10762500000000000       0.88176385507938848        4.4615141900934172E-002   8.2782953870769685E-002   2.1360036829806095        2.4167343558302496     
  0.10837500000000000       0.88122734640475164        4.5127752921410837E-002   8.3635479381268585E-002   2.1360000285878087        2.4180771315371765     
  0.10912500000000000       0.88070317611168136        4.5847809802542383E-002   8.4526081505620437E-002   2.1355290019049384        2.4188392399742242     
  0.10987500000000000       0.88025007749928585        4.6684065650284302E-002   8.5138375061175692E-002   2.1346643566618093        2.4189819984944552     
  0.11062500000000000       0.88005763614201682        4.7463575787331902E-002   8.5178997703394113E-002   2.1337338316753094        2.4184004340028560     
  0.11137500000000000       0.88012456743585177        4.8145210514798864E-002   8.4816641122367933E-002   2.1330961677050952        2.4174901666640003     
  0.11212500000000000       0.88010904542066593        4.8874884703914295E-002   8.4635964961211743E-002   2.1328756548074539        2.4172562082683138     
  0.11287500000000000       0.87970469170486076        4.9842521987735200E-002   8.5135722045131701E-002   2.1328826349876242        2.4182558580427260     
  0.11362500000000000       0.87898493634773733        5.1078302918762961E-002   8.6324331748117697E-002   2.1327822935155498        2.4199041339778153     
  0.11437500000000000       0.87832465488032252        5.2380070465604493E-002   8.7689169026025818E-002   2.1323509611523264        2.4209860967615318     
  0.11512500000000001       0.87807175588941455        5.3442325630955162E-002   8.8511129029309632E-002   2.1316029725952208        2.4206627584430400     
  0.11587500000000001       0.87826054878185655        5.4063246535263697E-002   8.8332726091501501E-002   2.1307180305469222        2.4191134702120398     
  0.11662500000000001       0.87859332648381994        5.4263634764870172E-002   8.7232881037539484E-002   2.1298640317825202        2.4173388404841845     
  0.11737500000000001       0.87873688462404942        5.4256223081974045E-002   8.5730735761936003E-002   2.1290739602508904        2.4162146972600742     
  0.11812500000000001       0.87862460122113362        5.4311218616697049E-002   8.4427217211947708E-002   2.1282734301359145        2.4157512988333973     
  0.11887500000000001       0.87840262065314723        5.4616311031459058E-002   8.3638886994316652E-002   2.1274130660492538        2.4154449882696465     
  0.11962500000000000       0.87817976757160543        5.5209925969151724E-002   8.3241290467399767E-002   2.1265569425483370        2.4150821729790271     
  0.12037500000000000       0.87795418103868283        5.5998047244083062E-002   8.2843224627680151E-002   2.1258416776450035        2.4148723926025539     
  0.12112500000000000       0.87770987508655596        5.6813692029649011E-002   8.2144689623900272E-002   2.1253343509957725        2.4149798227529544     
  0.12187500000000000       0.87745947637071720        5.7472351237947167E-002   8.1122455791883263E-002   2.1248979269960961        2.4152292595255327     
  0.12262500000000000       0.87719353624993435        5.7820296725175829E-002   7.9941053545646609E-002   2.1241964555614103        2.4152574420816659     
  0.12337500000000000       0.87685911286668738        5.7794999597141912E-002   7.8793428872546381E-002   2.1228714673724345        2.4147854816014545     
  0.12412500000000000       0.87640795006496464        5.7467257654082275E-002   7.7830527563132093E-002   2.1207664721615225        2.4137463030647655     
  0.12487500000000000       0.87585326937923980        5.7017963349967012E-002   7.7155322606101029E-002   2.1180419010145672        2.4122620474427525     
  0.12562500000000001       0.87527783380011992        5.6656888965834935E-002   7.6774861500599118E-002   2.1151109007561311        2.4105603574465322     
  0.12637500000000002       0.87478160396183369        5.6517940859088900E-002   7.6541907865763842E-002   2.1124524434742189        2.4089190183126088     
  0.12712500000000002       0.87443050409946865        5.6583240851067036E-002   7.6245717656458531E-002   2.1104343026354715        2.4076006814427746     
  0.12787500000000002       0.87425884343185845        5.6715779080657822E-002   7.5799939075454154E-002   2.1092274865226042        2.4067263837292523     
  0.12862500000000002       0.87427644260067761        5.6803627248736430E-002   7.5264862967961102E-002   2.1087892420828473        2.4062231407846926     
  0.12937500000000002       0.87443593351664162        5.6883500876541017E-002   7.4711631571216700E-002   2.1088807433182630        2.4059382813801937     
  0.13012500000000002       0.87460822695322427        5.7124593172016264E-002   7.4191071688600729E-002   2.1091335449401294        2.4057872042855579     
  0.13087500000000002       0.87462112929912861        5.7701948712232359E-002   7.3791284527539941E-002   2.1091621640086453        2.4057798573385960     
  0.13162500000000002       0.87434722498530992        5.8673897963973480E-002   7.3609848159644942E-002   2.1086839195658280        2.4059282513679001     
  0.13237500000000002       0.87379501452532993        5.9947296924199270E-002   7.3709727344470094E-002   2.1076112725246476        2.4061089289518152     
  0.13312500000000002       0.87313239453978297        6.1331970478840918E-002   7.4111061575351661E-002   2.1060739836002327        2.4060207266015561     
  0.13387500000000002       0.87260002831774197        6.2618944996458509E-002   7.4707338336177515E-002   2.1043397392251499        2.4053344493584894     
  0.13462500000000002       0.87234190046751170        6.3628598462038888E-002   7.5189383840954763E-002   2.1026779404668501        2.4040081328683764     
  0.13537500000000002       0.87225315255100100        6.4239991422959192E-002   7.5176190092367229E-002   2.1012571761402810        2.4025731641448580     
  0.13612500000000002       0.87205637354888443        6.4433935738541018E-002   7.4476279444287738E-002   2.1001241525915475        2.4018670567164113     
  0.13687500000000002       0.87163405533651050        6.4327354140438026E-002   7.3221428889830395E-002   2.0992440956984089        2.4021490444827247     
  0.13762500000000003       0.87121264190856273        6.4136497227678987E-002   7.1775396051138363E-002   2.0985565727442839        2.4026730758804455     
  0.13837500000000003       0.87112029765506793        6.4070188883478846E-002   7.0532855195924962E-002   2.0980119679062081        2.4024240588081973     
  0.13912500000000003       0.87144868318524760        6.4238402230606326E-002   6.9773297924013877E-002   2.0975773578766161        2.4010782476637118     
  0.13987500000000003       0.87206250120033513        6.4640236096205839E-002   6.9627910565745937E-002   2.0972234137063079        2.3989657739297900     
  0.14062500000000003       0.87277564638253591        6.5196807495439268E-002   7.0072932988363867E-002   2.0969108099917220        2.3965640102821970     
  0.14137500000000003       0.87317958629533843        6.5758480356191626E-002   7.0892829887949871E-002   2.0965945902881540        2.3949719435628225     
  0.14212500000000003       0.87242916863675779        6.6110802252725170E-002   7.1694658322425164E-002   2.0962568825826549        2.3965339785917181     
  0.14287500000000003       0.86988184625832243        6.6074217161663784E-002   7.2071191076201191E-002   2.0959485324410942        2.4031464830732610     
  0.14362500000000003       0.86608054525240818        6.5663864485926066E-002   7.1860331110747147E-002   2.0957959751703932        2.4135463678259801     
  0.14437500000000000       0.86242290895322493        6.5130903846702920E-002   7.1291734417401484E-002   2.0959448265526297        2.4240297743986994     
  0.14512500000000000       0.85981158780488864        6.4828004284969043E-002   7.0835188239547153E-002   2.0964646994785077        2.4320478095265585     
  0.14587500000000000       0.85823602538880239        6.5031954462827335E-002   7.0817563274351528E-002   2.0972815689675723        2.4374366464089299     
  0.14662500000000001       0.85713881123583402        6.5802617877531791E-002   7.1109913984123876E-002   2.0981860065081142        2.4415070628054192     
  0.14737500000000001       0.85529693269812368        6.6907222103434819E-002   7.1195022770185162E-002   2.0989171029890819        2.4474973656829677     
  0.14812500000000001       0.85127461926564363        6.7947380576120153E-002   7.0673058276497169E-002   2.0992951016742056        2.4594292840463727     
  0.14887500000000001       0.84552816441384138        6.8707362762077465E-002   6.9796263847545531E-002   2.0993366660972992        2.4761615635925178     
  0.14962500000000001       0.84180951076158805        6.9402135707475776E-002   6.9402135706889315E-002   2.0992732212439651        2.4869657629551982     
  0.15037500000000001       0.84448353401727638        7.0444674328628498E-002   7.0139853791236703E-002   2.0994425785997795        2.4791384918276553     
  0.15112500000000001       0.85340642395937438        7.1873087784977113E-002   7.1746407141675766E-002   2.1001152836710864        2.4537814579654573     
  0.15187500000000001       0.86332772707027883        7.3179269272734798E-002   7.3251717899482829E-002   2.1013601158735331        2.4268315787067802     
  0.15262500000000001       0.86966200349666589        7.3852915471355224E-002   7.3924846313066117E-002   2.1030081106546317        2.4109715012892186     
  0.15337500000000001       0.87285157861384799        7.3907189175596466E-002   7.3813669895011855E-002   2.1047685536439560        2.4042100122683232     
  0.15412500000000001       0.87562953789666442        7.3694340406283462E-002   7.3394637664791457E-002   2.1064750001443251        2.3986147695811089     
  0.15487500000000001       0.87817270056977392        7.3412219527702036E-002   7.3033993130750707E-002   2.1082274251806647        2.3937455030827990     
  0.15562500000000001       0.87840350329666839        7.3062636061990094E-002   7.2900319838938202E-002   2.1102295075326953        2.3954434178596156     
  0.15637500000000001       0.87588920011211024        7.2781624726417637E-002   7.3136420718283190E-002   2.1124770296401074        2.4048700669674328     
  0.15712500000000001       0.87282917267125448        7.2902372932249881E-002   7.3836408015432342E-002   2.1146526975247979        2.4156904187383295     
  0.15787500000000002       0.87134243840142622        7.3639041249231638E-002   7.4880430493189445E-002   2.1163956484344504        2.4216270933115034     
  0.15862500000000002       0.87156607817197063        7.4883043088549997E-002   7.5978135297624011E-002   2.1176432654180433        2.4222084312534835     
  0.15937500000000002       0.87244437331818991        7.6351323439599647E-002   7.6916097338722206E-002   2.1186413424954207        2.4206814428123691     
  0.16012500000000002       0.87316688532690334        7.7826119195666621E-002   7.7719859276722467E-002   2.1196785270281278        2.4196420155562417     
  0.16087500000000002       0.87357967026068073        7.9224503262318571E-002   7.8567760205247889E-002   2.1209015684490016        2.4196717513888930     
  0.16162500000000002       0.87386106228080607        8.0521429659730276E-002   7.9522948365774712E-002   2.1223656581479582        2.4203361177642466     
  0.16237500000000002       0.87421407428877240        8.1689519780137609E-002   8.0397256113952917E-002   2.1241133485568042        2.4211458773912229     
  0.16312500000000002       0.87473551487543921        8.2732938800361477E-002   8.0946570532555190E-002   2.1260860227261418        2.4217928665545601     
  0.16387500000000002       0.87535265106868931        8.3742808305391728E-002   8.1168290158301459E-002   2.1280130656200806        2.4221599247507148     
  0.16462500000000002       0.87585515119472646        8.4858467234505408E-002   8.1362329955898663E-002   2.1295545036135701        2.4223921254209824     
  0.16537500000000002       0.87609283449421393        8.6145540624658831E-002   8.1855557397225720E-002   2.1306341624182830        2.4227739125959000     
  0.16612500000000002       0.87616787817160535        8.7529650322316008E-002   8.2656671486056613E-002   2.1315609221866660        2.4233825244863239     
  0.16687500000000002       0.87636050295261136        8.8868977387017142E-002   8.3451657382044880E-002   2.1327437751915426        2.4239618885255809     
  0.16762500000000002       0.87683923669628616        9.0086020022911925E-002   8.3937768907859117E-002   2.1343116831356892        2.4242373230598067     
  0.16837500000000002       0.87753732564913522        9.1216808564772572E-002   8.4111798817414180E-002   2.1360631687334841        2.4241604641471168     
  0.16912500000000003       0.87831528658437064        9.2328445327117759E-002   8.4201728554254299E-002   2.1377529092013683        2.4238039173712660     
  0.16987500000000003       0.87908038286133738        9.3400563020966262E-002   8.4388618483986266E-002   2.1393265751019683        2.4233440974554719     
  0.17062500000000003       0.87979561158530850        9.4319685600318531E-002   8.4681559603081852E-002   2.1408197351469083        2.4229360917656693     
  0.17137500000000003       0.88050253036072446        9.5008800109412234E-002   8.4965720987188506E-002   2.1420933731765097        2.4223304006451092     
  0.17212500000000003       0.88115822958168510        9.5531441383865504E-002   8.5097781103922882E-002   2.1427832722125424        2.4212400089658632     
  0.17287500000000003       0.88146382617377372        9.6034999384877515E-002   8.5039352037118821E-002   2.1425578491938362        2.4200928202212628     
  0.17362500000000003       0.88116091076261660        9.6601945985225868E-002   8.4902837786265312E-002   2.1414124647875621        2.4195658817970145     
  0.17437500000000003       0.88045349816054852        9.7171866991974637E-002   8.4749813842383115E-002   2.1397389824795878        2.4195461598644474     
  0.17512500000000003       0.87985886380720135        9.7578212226658217E-002   8.4496483990700963E-002   2.1381841067461425        2.4193835008518114     
  0.17587500000000000       0.87974561118590533        9.7646043262341026E-002   8.4143347497000920E-002   2.1374062270100742        2.4188392791958231     
  0.17662500000000000       0.88011218945869940        9.7321513737929133E-002   8.3782180830172956E-002   2.1377136584527974        2.4182655702936473     
  0.17737500000000000       0.88067079492518063        9.6778239817604139E-002   8.3377784617331654E-002   2.1387035852496954        2.4179740435015016     
  0.17812500000000001       0.88105691496298877        9.6352580696269091E-002   8.2890400319314522E-002   2.1393528532085462        2.4177610505420071     
  0.17887500000000001       0.88103597846416448        9.6272936746231705E-002   8.2495466644712523E-002   2.1387816293666035        2.4172218582809579     
  0.17962500000000001       0.88066594064387815        9.6437109965331974E-002   8.2401051984788865E-002   2.1370976534273840        2.4163106515791415     
  0.18037500000000001       0.88032939340305782        9.6515456567325422E-002   8.2643384123614272E-002   2.1354203144033308        2.4152895212644525     
  0.18112500000000001       0.88038170682307737        9.6272506213735731E-002   8.3177466848281520E-002   2.1349671749145358        2.4146049962766107     
  0.18187500000000001       0.88080594751844066        9.5776130845781987E-002   8.3855344599284870E-002   2.1361146991376110        2.4147383031155401     
  0.18262500000000001       0.88138758981814913        9.5303937385794540E-002   8.4379555960167954E-002   2.1383729194893650        2.4157150946540660     
  0.18337500000000001       0.88206751287628593        9.5041140963531723E-002   8.4571904503451728E-002   2.1411708154223370        2.4170442609717369     
  0.18412500000000001       0.88303581580982160        9.4911863889021314E-002   8.4491260367401871E-002   2.1444343472678336        2.4181255148084131     
  0.18487500000000001       0.88443442621655499        9.4728721837244623E-002   8.4208779398891542E-002   2.1483093194613283        2.4187518928415406     
  0.18562500000000001       0.88598272235851594        9.4450609569376981E-002   8.3825457007024762E-002   2.1525420769121792        2.4193949373948112     
  0.18637500000000001       0.88710327436853764        9.4256183336368066E-002   8.3612583293493831E-002   2.1563621341456223        2.4207038456508045     
  0.18712500000000001       0.88750896032389626        9.4427504751104230E-002   8.3746180837647677E-002   2.1589953416681142        2.4225341869982437     
  0.18787500000000001       0.88746218541087862        9.5210906030300274E-002   8.3989397150674827E-002   2.1602002278845429        2.4238987987786196     
  0.18862500000000001       0.88735843645403523        9.6667446402899704E-002   8.3955896706417843E-002   2.1603040224074568        2.4241240764687930     
  0.18937500000000002       0.88727405037465223        9.8529835144948841E-002   8.3613290494867210E-002   2.1598756975339852        2.4236764711040308     
  0.19012500000000002       0.88706605391959559       0.10029284774679501        8.3113333188549826E-002   2.1593832573635940        2.4235173815660529     
  0.19087500000000002       0.88673796020192897       0.10154641968686746        8.2422982456650154E-002   2.1589452475598812        2.4238279140866772     
  0.19162500000000002       0.88648390276102096       0.10222749296103478        8.1486236556174846E-002   2.1582666925410656        2.4237633841840656     
  0.19237500000000002       0.88634679015197981       0.10257701987849566        8.0500996411265818E-002   2.1568277221406422        2.4225691738285273     
  0.19312500000000002       0.88604810605023143       0.10288329683773474        7.9718577453650477E-002   2.1542460298796833        2.4205082106777231     
  0.19387500000000002       0.88530520788365064       0.10327330580582388        7.9015829446202238E-002   2.1505747584402393        2.4184032748504198     
  0.19462500000000002       0.88417172893517648       0.10372499311369610        7.7971775913785638E-002   2.1463316815564042        2.4167358430424759     
  0.19537500000000002       0.88289916480538799       0.10421343436494995        7.6588736154181380E-002   2.1422809406488472        2.4156876202851083     
  0.19612500000000002       0.88174704767489120       0.10479850648693831        7.5525819087029350E-002   2.1390857363008506        2.4152316105965306     
  0.19687500000000002       0.88090989379020468       0.10559402943922883        7.5213835125597012E-002   2.1370618484629698        2.4151416284160838     
  0.19762500000000002       0.88050690308917234       0.10672050308121264        7.5311895790700065E-002   2.1361946472106350        2.4150933816344633     
  0.19837500000000002       0.88053027435408326       0.10821648732445045        7.5134678328780569E-002   2.1363010110344822        2.4149602031291626     
  0.19912500000000002       0.88070342770023835       0.10983276436169011        7.4409856312944125E-002   2.1370622652136890        2.4151946611607378     
  0.19987500000000002       0.88071449335295859       0.11106048253218356        7.3649655850378373E-002   2.1380554604643924        2.4161899121787447     
  0.20062500000000003       0.88062660397474901       0.11162731342112825        7.3594305775673635E-002   2.1389987038108891        2.4174248890159391     
  0.20137500000000003       0.88076612844188762       0.11177122637289094        7.4273934266443797E-002   2.1400625663335142        2.4181661520155213     
  0.20212500000000003       0.88140151780633180       0.11185475926819516        7.4968815052962781E-002   2.1418662476669779        2.4183989034402438     
  0.20287500000000003       0.88258220465694515       0.11197921630601761        7.5168608983710389E-002   2.1448992808028304        2.4185786552395601     
  0.20362500000000003       0.88401369143338138       0.11211128832873468        7.5268588264568143E-002   2.1488543209332960        2.4191265163963611     
  0.20437500000000003       0.88530112227437474       0.11234623587333972        7.5753855288384617E-002   2.1527169329314093        2.4199081456708327     
  0.20512500000000003       0.88622824405009004       0.11281631383820427        7.6396504123253675E-002   2.1556975050731602        2.4206223958764470     
  0.20587500000000003       0.88695170538963841       0.11354567651553067        7.6871778541092312E-002   2.1579900419301659        2.4210910989967607     
  0.20662500000000003       0.88778432809076679       0.11450334038805952        7.7020841548333219E-002   2.1604016916492697        2.4213950192403773     
  0.20737500000000003       0.88864721546672398       0.11553627556922141        7.6638033152692298E-002   2.1633922663216305        2.4223076408892856     
  0.20812500000000000       0.88931765556783393       0.11636448972045864        7.5958250295344226E-002   2.1667650131726974        2.4242273439488820     
  0.20887500000000001       0.88990380336875030       0.11692583983326027        7.5555537634143188E-002   2.1699544048961918        2.4261784427498303     
  0.20962500000000001       0.89056220316711632       0.11751679130260020        7.5497379382110569E-002   2.1723266671255037        2.4269757646090713     
  0.21037500000000001       0.89110982304303943       0.11840174164299752        7.5468916985675025E-002   2.1734856698782519        2.4266637280267971     
  0.21112500000000001       0.89129855055237850       0.11956009211500448        7.5418233977896196E-002   2.1735004794715307        2.4260004638324060     
  0.21187500000000001       0.89114575564769494       0.12088455858028965        7.5328765160213668E-002   2.1727950172274677        2.4254306165159170     
  0.21262500000000001       0.89091035634080828       0.12225709582229004        7.5100027591591081E-002   2.1720868117025578        2.4250846225848135     
  0.21337500000000001       0.89090076916277849       0.12328044519439310        7.4958451026186784E-002   2.1724137474696086        2.4253326454530622     
  0.21412500000000001       0.89122738638493482       0.12347085486853140        7.5156312928004815E-002   2.1741798800032481        2.4263820253775994     
  0.21487500000000001       0.89126683936305473       0.12325159766344634        7.5499519538701779E-002   2.1750629618443602        2.4272675214486950     
  0.21562500000000001       0.88977736260628015       0.12424563920200274        7.5699663810816442E-002   2.1703114346374983        2.4257940716084296     
  0.21637500000000001       0.88672338739053669       0.12688950715598635        7.5811894557973949E-002   2.1598990701037497        2.4219270269092421     
  0.21712500000000001       0.88678377389699192       0.12665507432862810        7.6474621941847509E-002   2.1596900236398811        2.4215009364436835     
  0.21787500000000001       0.89939572888280117       0.11428275527051578        7.8089434281629344E-002   2.2003055185499125        2.4345843344334659     
  0.21862500000000001       0.92836290373329744        8.5245724840542797E-002   8.0555372838180622E-002   2.2955608329867263        2.4647172804976520     
  0.21937500000000001       0.96048880939824643        5.2229680446982792E-002   8.3067143727621501E-002   2.4040771727964612        2.4977543425855919     
  0.22012500000000002       0.97676703572828139        3.6075912832761334E-002   8.5042067120116291E-002   2.4603620277911729        2.5144109465647131     
  0.22087500000000002       0.97543042008542491        3.9670672181127541E-002   8.6401491430713434E-002   2.4559324848202904        2.5130435809906637     
  0.22162500000000002       0.96940587954541990        4.8262597556043590E-002   8.6880141713182618E-002   2.4350631812711585        2.5066575823250292     
  0.22237500000000002       0.96827263573960498        5.1069443533241277E-002   8.7380549831224397E-002   2.4307329583950930        2.5049178518409403     
  0.22312500000000002       0.97137895078376058        4.8797242810993693E-002   8.8391396712321532E-002   2.4407608786178487        2.5072744152112683     
  0.22387500000000002       0.97376845529427380        4.6981856685421500E-002   8.9503393599758202E-002   2.4485259588223203        2.5090967366942829     
  0.22462500000000002       0.97270648652553660        4.8458768381387088E-002   8.9953119932829409E-002   2.4450251198516217        2.5081139875211327     
  0.22537500000000002       0.96999654639997912        5.1588489858372763E-002   8.9248319272703242E-002   2.4360808623695567        2.5057854124269343     
  0.22612500000000002       0.96823159804855574        5.3961338686724925E-002   8.8439256699417046E-002   2.4307961380370555        2.5048277649357491     
  0.22687500000000002       0.96781533011589072        5.5314732449688028E-002   8.9618831400773785E-002   2.4301300356868412        2.5050233379162381     
  0.22762500000000002       0.96739300552895746        5.7011598538692664E-002   9.2510419439349706E-002   2.4296178591898574        2.5052016981422178     
  0.22837500000000002       0.96602562076008769        6.0081151522749190E-002   9.2855831650691861E-002   2.4276297138015863        2.5064538584682960     
  0.22912500000000002       0.96481006028708716        6.4227351038275343E-002   8.9148419454689529E-002   2.4258418245532272        2.5078359596357775     
  0.22987500000000002       0.96482020856720474        6.7584473363367245E-002   8.5603404339823830E-002   2.4242657955180711        2.5062712204490030     
  0.23062500000000002       0.96498560204894690        6.8518314880306228E-002   8.6325933280178485E-002   2.4218868052908316        2.5032424961530735     
  0.23137500000000003       0.96472697079930469        6.7900339738520429E-002   8.9581010668942362E-002   2.4193214432023620        2.5009903533583628     
  0.23212500000000003       0.96451964683725600        6.7753250929761782E-002   9.1339112238403158E-002   2.4183743637847921        2.5003843350893753     
  0.23287500000000003       0.96468796703779502        6.9002628343036609E-002   9.1175925149829057E-002   2.4197891099666271        2.5013400130146248     
  0.23362500000000003       0.96505759535355262        7.1157152637664728E-002   9.1267046085759085E-002   2.4222025548918578        2.5027144443382041     
  0.23437500000000003       0.96515264091514807        7.3428007897504935E-002   9.2126385294650059E-002   2.4236954254143868        2.5037546373336967     
  0.23512500000000003       0.96478192486236158        7.5444430206406871E-002   9.3827659470319208E-002   2.4233363663202656        2.5040104804205030     
  0.23587500000000003       0.96423363911557103        7.7240329583295034E-002   9.5877462898265792E-002   2.4220345460047055        2.5037231967094402     
  0.23662500000000003       0.96381225893548217        7.9062432996066051E-002   9.7523742581690442E-002   2.4209042541079242        2.5033168632642711     
  0.23737500000000003       0.96359305467180922        8.1145191936734223E-002   9.8629451359161471E-002   2.4202853026064242        2.5029455905937130     
  0.23812500000000003       0.96325501658946255        8.3127406886628119E-002   9.8866895621715467E-002   2.4191115200213646        2.5024015745156802     
  0.23887500000000003       0.96256619315471337        8.4225601984388193E-002   9.7745497215703941E-002   2.4162010730180055        2.5011820521376840     
  0.23962500000000000       0.96108105143907929        8.3851205460602957E-002   9.5509600953868276E-002   2.4102145111059352        2.4990721577740862     
  0.24037500000000001       0.95860230373210553        8.1877227728566745E-002   9.3132626681584840E-002   2.4007564236210692        2.4960670209709988     
  0.24112500000000001       0.95524163952378116        7.8634181636976885E-002   9.1633888245371248E-002   2.3884914373010195        2.4924162719547303     
  0.24187500000000001       0.95170441461478084        7.4936079712817988E-002   9.0127713792844052E-002   2.3752293017305171        2.4881795935361404     
  0.24262500000000001       0.94812669197906185        7.1304871843838047E-002   8.7809526245629294E-002   2.3613141391799788        2.4833882403062701     
  0.24337500000000001       0.94375330150031567        6.7158320338805283E-002   8.3328318607278198E-002   2.3445981921778887        2.4779038605652834     
  0.24412500000000001       0.93685917291575005        6.1200005715257619E-002   7.6453127760346934E-002   2.3199727240619668        2.4708668575887529     
  0.24487500000000001       0.92662116218914736        5.2812801438698376E-002   6.7433475868235657E-002   2.2845525745183060        2.4611933641756516     
  0.24562500000000001       0.91413734615596909        4.3215541491531652E-002   5.7074949108853662E-002   2.2418307150424974        2.4493337489470339     
  0.24637500000000001       0.90187996225521072        3.4429330918591940E-002   4.6897866468211258E-002   2.1999569782384230        2.4372206411275701     
  0.24712500000000001       0.89173896930521623        2.7645030481539722E-002   3.8215971815215175E-002   2.1650802963894034        2.4265317229448997     
  0.24787500000000001       0.88415055198474446        2.2721751844790396E-002   3.0917777647084210E-002   2.1383483964568808        2.4175926243587837     
  0.24862500000000001       0.87861025781883462        1.8953252785831244E-002   2.4777490110465858E-002   2.1180628149205378        2.4100663467774619     
  0.24937500000000001       0.87459404640885219        1.5852125134828879E-002   1.9508775342130247E-002   2.1028336421955549        2.4039409000045051     
  0.25012499999999999       0.87164491853249193        1.3436550203122354E-002   1.5156962769142438E-002   2.0923640273199129        2.4002075133133212     
  0.25087500000000001       0.86971274561849232        1.2017181442866110E-002   1.2345849467251924E-002   2.0865450822288598        2.3989236019808384     
  0.25162499999999999       0.86880460535022497        1.1744054598638047E-002   1.1068896274164569E-002   2.0845843544520388        2.3991982266462739     
  0.25237500000000002       0.86890789122079615        1.2367007635317583E-002   1.0577156415590467E-002   2.0851033618819050        2.3995074699673076     
  0.25312499999999999       0.86963195161400364        1.3468020583656535E-002   1.0649687294948853E-002   2.0866441264279274        2.3992616917976544     
  0.25387500000000002       0.87045036042066581        1.4723667057176518E-002   1.0897485403643988E-002   2.0879669605539042        2.3984988866466046     
  0.25462499999999999       0.87095173112180735        1.6020142257909348E-002   1.0535887766825229E-002   2.0883115730691060        2.3974928073569126     
  0.25537500000000002       0.87089783130058129        1.7374173585202789E-002   1.0205870861464387E-002   2.0872018902980205        2.3963416947939593     
  0.25612499999999999       0.87009118008275910        1.8865271757681708E-002   1.0248569382866606E-002   2.0844886100068640        2.3954084149204125     
  0.25687499999999996       0.86859992178681655        2.0589906477744179E-002   1.0674032398945585E-002   2.0803770153301793        2.3947358719432166     
  0.25762499999999999       0.86684148128733218        2.2332261740072502E-002   1.1251369931802153E-002   2.0758171660663156        2.3942745244853127     
  0.25837499999999997       0.86569514205831755        2.3601353676780540E-002   1.1408698603097150E-002   2.0731668865695929        2.3943417141028736     
  0.25912499999999999       0.86631586541071293        2.3639973049533452E-002   1.0997891197103819E-002   2.0758017940377176        2.3956729002257853     
  0.25987499999999997       0.86968267658345044        2.1448768604857709E-002   1.0141358656046841E-002   2.0868052614212962        2.3991298155494958     
  0.26062500000000000       0.87574233130088674        1.6644582212707183E-002   8.7055969787655160E-003   2.1064525745104907        2.4051037083094844     
  0.26137499999999997       0.88294538960093738        1.0337229068100877E-002   6.5203570957857553E-003   2.1306145651096635        2.4129804652626770     
  0.26212500000000000       0.88923742383422633        4.6569105757494050E-003   4.2087496000106084E-003   2.1525987864529110        2.4206995507893185     
  0.26287499999999997       0.89346576884253737        1.1006173389189247E-003   2.4242684517421318E-003   2.1677324990215738        2.4262021084586705     
  0.26362500000000000       0.89579095603246772       -4.3761481355132382E-004   1.4093932294808084E-003   2.1758763921786324        2.4289988215424696     
  0.26437499999999997       0.89707771869638209       -1.0339040669910949E-003   1.0310876225251286E-003   2.1796759081324018        2.4297501480046559     
  0.26512500000000000       0.89800229074588844       -1.5995564770223819E-003   1.0309083290939969E-003   2.1815316269739977        2.4293140820650407     
  0.26587499999999997       0.89870352010670929       -2.4395653721940806E-003   1.2296181733800768E-003   2.1825354798467225        2.4285331910688503     
  0.26662500000000000       0.89906401557193605       -3.3628644863962554E-003   1.2895800864086869E-003   2.1830892055522764        2.4281719139477693     
  0.26737499999999997       0.89906235353586028       -3.9820513473189309E-003   9.3398413778545590E-004   2.1833595834966322        2.4284748118918236     
  0.26812500000000000       0.89880752429492472       -4.0095589958681292E-003   2.2276861420226823E-004   2.1833590542369494        2.4291631126135931     
  0.26887499999999998       0.89847705695655433       -3.4092757921752202E-003  -6.5081102833730912E-004   2.1830049801279570        2.4296650195588776     
  0.26962500000000000       0.89819017560905889       -2.4625210040387555E-003  -1.3600181446964074E-003   2.1823350187717514        2.4296977106835000     
  0.27037499999999998       0.89796733325621181       -1.6913617663306293E-003  -1.8670826591074801E-003   2.1815524213502275        2.4294301213746126     
  0.27112500000000000       0.89775707969607688       -1.5601316385443970E-003  -2.2626451084982310E-003   2.1808400448556742        2.4292048342074750     
  0.27187499999999998       0.89749184036186658       -2.2200711784847453E-003  -2.6474291639503218E-003   2.1801415400436963        2.4291417386393408     
  0.27262500000000001       0.89718856586674678       -3.5277660269605608E-003  -2.9951958055577745E-003   2.1793306762520426        2.4290531822610393     
  0.27337499999999998       0.89696671569913922       -5.1660054188068516E-003  -3.3039132902492989E-003   2.1785721122121982        2.4287982069201561     
  0.27412500000000001       0.89700973122584404       -6.8106396907954966E-003  -3.5043463434127615E-003   2.1783459787582089        2.4284165516513929     
  0.27487499999999998       0.89740206362530117       -8.2840667218868000E-003  -3.5884439500687266E-003   2.1790964640165793        2.4281770033593872     
  0.27562500000000001       0.89800957615690735       -9.5106573703369925E-003  -3.5810579559859617E-003   2.1808237581543839        2.4284443206461064     
  0.27637499999999998       0.89849806181132896       -1.0370172521524121E-002  -3.2466686990286504E-003   2.1829863117729005        2.4295217698870704     
  0.27712500000000001       0.89877939840711840       -1.0703764141221161E-002  -1.9746463680577102E-003   2.1848268325905513        2.4308088620261143     
  0.27787499999999998       0.89906543779055059       -1.0454174572339318E-002   2.0691662717756755E-004   2.1858510613833553        2.4311803858170475     
  0.27862500000000001       0.89921384187746245       -9.7375974384785700E-003   2.2504020704299478E-003   2.1860465111020746        2.4310023590088581     
  0.27937499999999998       0.89886371255663600       -8.7492076198165368E-003   3.6596965829527586E-003   2.1857723956124309        2.4316504650570425     
  0.28012500000000001       0.89810877239096887       -7.6791945848757185E-003   4.5885092085270543E-003   2.1854264154150846        2.4333153521618516     
  0.28087499999999999       0.89747288104941902       -6.6226594933781382E-003   5.0611544899586865E-003   2.1853097273318802        2.4349159374325131     
  0.28162500000000001       0.89730504857566196       -5.5018241703295757E-003   5.2521533745046997E-003   2.1855454373559740        2.4356412599283197     
  0.28237499999999999       0.89752950934368902       -4.2304296637635033E-003   5.5638558241911818E-003   2.1860649845330671        2.4356165970024866     
  0.28312500000000002       0.89784308475351193       -2.8756697003009630E-003   6.0678510302933086E-003   2.1866751368248902        2.4354478691538950     
  0.28387499999999999       0.89797508367945222       -1.5605968010187726E-003   6.5927893045487091E-003   2.1871307105074731        2.4355967025925547     
  0.28462500000000002       0.89782329251021920       -3.1247675372720300E-004   6.9663039811272342E-003   2.1871878869159396        2.4360704658114281     
  0.28537499999999999       0.89740320709631893        9.6383813858315131E-004   7.2310123307276104E-003   2.1867332586387720        2.4367013523701266     
  0.28612500000000002       0.89685813864192299        2.3859035875167973E-003   7.4281949201316661E-003   2.1858409910890351        2.4371826060729118     
  0.28687499999999999       0.89636852292550173        3.9366109976331116E-003   7.2992356911671082E-003   2.1847806909203480        2.4373260232802809     
  0.28762500000000002       0.89601782958652720        5.3900351776345785E-003   6.7200297379872726E-003   2.1839803209839559        2.4373833166598664     
  0.28837499999999999       0.89593208552146320        6.3951346887869418E-003   5.9208359830388250E-003   2.1839968872828504        2.4376339839735084     
  0.28912499999999997       0.89629933968966335        6.6589167152818294E-003   5.1774859305583568E-003   2.1854643291032585        2.4382754094804673     
  0.28987499999999999       0.89720371875935090        6.0438294323713667E-003   4.7367078046528285E-003   2.1889496414033607        2.4397098848455445     
  0.29062499999999997       0.89865346172610816        4.5624113235025205E-003   4.6649408072237091E-003   2.1947075682748984        2.4421915368550611     
  0.29137500000000000       0.90076360649103959        2.4213184379212336E-003   4.9916310631981800E-003   2.2023810965244088        2.4449966624032191     
  0.29212499999999997       0.90331131046609570        9.9449237907599805E-005   5.8032460165231281E-003   2.2108901847525040        2.4475189366435153     
  0.29287500000000000       0.90570692966381650       -1.8001104444198962E-003   6.9108413104980847E-003   2.2186745606670089        2.4496294917591039     
  0.29362499999999997       0.90763875417784345       -2.8994864437005010E-003   7.9679309301095916E-003   2.2243458126949296        2.4506514259909506     
  0.29437500000000000       0.90892881975166262       -3.1669477159991504E-003   8.4456257126911891E-003   2.2272703046942279        2.4503850041191169     
  0.29512499999999997       0.90917846682664261       -2.6968886234559524E-003   7.8769448900234337E-003   2.2276547370367026        2.4501422946977294     
  0.29587500000000000       0.90859010388849493       -1.5449922643008401E-003   6.3262884940220553E-003   2.2262110303541172        2.4501562179252137     
  0.29662499999999997       0.90844504274447346        1.8154991254324537E-004   4.3406592718582548E-003   2.2237874022691391        2.4478938289043870     
  0.29737500000000000       0.90815161568408054        2.0929093254176334E-003   2.5081477112340964E-003   2.2210998058295761        2.4457303079235699     
  0.29812499999999997       0.90385404280676018        3.2620862072533993E-003   1.0367299893403858E-003   2.2185705336419517        2.4545600809718104     
  0.29887500000000000       0.90115438665960146        2.8592978494880249E-003  -4.3242269148379177E-003   2.2166712633008934        2.4597964399342174     
  0.29962499999999997       0.89472255536192746        1.1166555306876638E-003  -1.4404626810204301E-002   2.2158444014331025        2.4764411463201994     
