   3.7500000000000001E-004  0.82212083578359030        8.8480271747191181E-004  0.11826876625164807        1.9796579152481777        2.3976408230175648     
   1.1250000000000001E-003  0.82314138439775086        2.4061869178675162E-003  0.11718034147545019        1.9799178009110625        2.3951821300414267     
   1.8750000000000004E-003  0.82410287663607140        3.3714325378527022E-003  0.11553809848143001        1.9805134423873323        2.3933994894696586     
   2.6250000000000002E-003  0.82483741064703198        3.8429707291126802E-003  0.11387316968552040        1.9813613076503185        2.3925829902945894     
   3.3750000000000000E-003  0.82616809609795372        4.1243115689491537E-003  0.11227864525814210        1.9821444835252413        2.3899551450508594     
   4.1250000000000002E-003  0.82781963754260002        4.4953005422189414E-003  0.11066231843597374        1.9825956109131950        2.3860110190664643     
   4.8750000000000000E-003  0.82918898741198588        5.0011865205038895E-003  0.10929757335762645        1.9829780471488396        2.3827614635924035     
   5.6249999999999998E-003  0.83038854857018407        5.4246385892737364E-003  0.10851491373070007        1.9842077822926498        2.3809332627528952     
   6.3749999999999996E-003  0.83189104630956456        5.5160403059936330E-003  0.10822602185317765        1.9871428341225998        2.3802211213485531     
   7.1249999999999994E-003  0.83373856796300672        5.4184625148228291E-003  0.10822263846175695        1.9911760951481319        2.3798042887813060     
   7.8750000000000001E-003  0.83499612748806262        5.9153567352886911E-003  0.10872748291995003        1.9934083425633684        2.3788236252166062     
   8.6250000000000007E-003  0.83438926484561282        7.9261127655235672E-003  0.11023674823023763        1.9904792720293996        2.3767798222674719     
   9.3749999999999997E-003  0.83219403695382965        1.1113351612712093E-002  0.11244397148687690        1.9836334628225116        2.3744013967242341     
   1.0125000000000000E-002  0.83182119459622594        1.2636089268299221E-002  0.11322517606476579        1.9833832217604721        2.3750071658870811     
   1.0874999999999999E-002  0.83844914072697940        8.1773677433847024E-003  0.10936918107236732        2.0056831916593634        2.3835794414837994     
   1.1625000000000000E-002  0.85337948527544893       -3.6232564380227011E-003   9.9896508922324295E-002   2.0547081791761039        2.4008704047571126     
   1.2375000000000001E-002  0.86976607811991702       -1.7416459325215565E-002   8.9099908497226279E-002   2.1086434828450051        2.4189324087819930     
   1.3125000000000000E-002  0.87858792744761283       -2.5487021353185976E-002   8.3293636010592004E-002   2.1377458470667028        2.4282463014892328     
   1.3875000000000000E-002  0.87863778969802819       -2.6475432567074804E-002   8.3592621130188074E-002   2.1378074467022499        2.4281133062936000     
   1.4624999999999999E-002  0.87588873518269106       -2.5269058728757184E-002   8.5819690309628799E-002   2.1288252747949952        2.4252583415649123     
   1.5375000000000000E-002  0.87519636129305334       -2.5727818905970160E-002   8.6521430753390860E-002   2.1269322474143664        2.4249156592023353     
   1.6125000000000000E-002  0.87656341430306051       -2.7532562378947419E-002   8.5665270120804105E-002   2.1319420121056858        2.4268907552773928     
   1.6875000000000001E-002  0.87774369330757374       -2.8621952738883578E-002   8.4804089290646048E-002   2.1362004319949386        2.4285415797704744     
   1.7625000000000002E-002  0.87760694367251757       -2.8146950737724417E-002   8.4735202189628184E-002   2.1358642600505133        2.4285612196396151     
   1.8374999999999999E-002  0.87674100784455289       -2.6887533222340800E-002   8.5062552577913342E-002   2.1329316872052466        2.4276188070592690     
   1.9125000000000000E-002  0.87611428280724113       -2.5923736505526953E-002   8.5129325171006187E-002   2.1307161336872169        2.4268486016081607     
   1.9875000000000000E-002  0.87606023156524682       -2.5660732719613444E-002   8.4727017394359783E-002   2.1303998137040399        2.4266903014662815     
   2.0625000000000001E-002  0.87635776121755671       -2.5903106463038832E-002   8.4032792749201321E-002   2.1312793471877596        2.4269399170210746     
   2.1375000000000002E-002  0.87674063761282772       -2.6342879593558494E-002   8.3248819829981030E-002   2.1324556312459246        2.4272942751414175     
   2.2124999999999999E-002  0.87713856930241829       -2.6816579331513053E-002   8.2430691921909022E-002   2.1336475851884904        2.4276259689367885     
   2.2875000000000000E-002  0.87757464814582231       -2.7250439705499365E-002   8.1559019766627411E-002   2.1348751798280619        2.4278984985594767     
   2.3625000000000000E-002  0.87800635429300855       -2.7539904136963562E-002   8.0652146211445203E-002   2.1359519898912502        2.4280186381073992     
   2.4375000000000001E-002  0.87830824332748225       -2.7538378868343517E-002   7.9778902882575317E-002   2.1364365700058165        2.4278282839380751     
   2.5125000000000001E-002  0.87836128680306236       -2.7128571729528188E-002   7.9000698209833742E-002   2.1359239247583859        2.4271929065461455     
   2.5874999999999999E-002  0.87812796238268875       -2.6277196558313932E-002   7.8334292693025637E-002   2.1342822900368392        2.4260646233437795     
   2.6624999999999999E-002  0.87766243033125413       -2.5041942170575156E-002   7.7764043282547435E-002   2.1316960262042599        2.4245012783380950     
   2.7375000000000000E-002  0.87708828084856583       -2.3566811462948475E-002   7.7264153330044924E-002   2.1286383567678615        2.4226963546298466     
   2.8125000000000001E-002  0.87658973932104356       -2.2087921678313475E-002   7.6797750823287672E-002   2.1258682990817874        2.4210024480738759     
   2.8875000000000001E-002  0.87641098875952672       -2.0917743386280111E-002   7.6307780773876149E-002   2.1243669837636290        2.4198639476215429     
   2.9624999999999999E-002  0.87680093506464729       -2.0355683827654198E-002   7.5734649105390225E-002   2.1250551510105624        2.4196461783743959     
   3.0374999999999999E-002  0.87786694945636445       -2.0522497369133561E-002   7.5068393067315956E-002   2.1282816324340783        2.4204489248247314     
   3.1125000000000000E-002  0.87942152652795591       -2.1213246312468556E-002   7.4397909481443772E-002   2.1333725626679323        2.4220122711616403     
   3.1875000000000001E-002  0.88098661663336775       -2.1918217915142413E-002   7.3901028259680090E-002   2.1387019611974623        2.4237936148439689     
   3.2625000000000001E-002  0.88202130821137681       -2.2065687381445064E-002   7.3757904378745853E-002   2.1424476195876041        2.4252108580419351     
   3.3375000000000002E-002  0.88222112841132594       -2.1332603534665606E-002   7.4045003858947328E-002   2.1435535091367921        2.4259091249353140     
   3.4125000000000003E-002  0.88165001090345929       -1.9781311298474463E-002   7.4693674875110153E-002   2.1421530413701824        2.4258686158081724     
   3.4875000000000003E-002  0.88062854692200476       -1.7745410172924789E-002   7.5536987934083977E-002   2.1392180188776173        2.4253126873797792     
   3.5625000000000004E-002  0.87951879286829704       -1.5608455178521370E-002   7.6397863897227761E-002   2.1358765727579256        2.4245303319820759     
   3.6374999999999998E-002  0.87857837874945255       -1.3651159485623265E-002   7.7160883391915402E-002   2.1329436708543112        2.4237442580350521     
   3.7124999999999998E-002  0.87793009498973806       -1.2020473533864141E-002   7.7795969717355473E-002   2.1308280008997666        2.4230845450530429     
   3.7874999999999999E-002  0.87759401252906133       -1.0771271077961081E-002   7.8330703147143535E-002   2.1296558630659370        2.4226396045072009     
   3.8625000000000000E-002  0.87753351309379979       -9.9130873425229520E-003   7.8799307467740762E-002   2.1294057573444585        2.4224850546661139     
   3.9375000000000000E-002  0.87769207703015462       -9.4234742058162801E-003   7.9213171152920495E-002   2.1299570430052412        2.4226399554993647     
   4.0125000000000001E-002  0.87799716667969385       -9.2296155259484862E-003   7.9573504465293265E-002   2.1310726897914827        2.4230354693466620     
   4.0875000000000002E-002  0.87834200227973580       -9.1917586398145464E-003   7.9900172953359494E-002   2.1323954416302708        2.4235584767047649     
   4.1625000000000002E-002  0.87860376272052432       -9.1243799938091896E-003   8.0234387172982771E-002   2.1335227447794183        2.4240868761994343     
   4.2375000000000003E-002  0.87870893261745375       -8.8565044882630561E-003   8.0607233590326455E-002   2.1341519655512897        2.4244776099224175     
   4.3125000000000004E-002  0.87867216829106798       -8.2918091099912512E-003   8.1010154712512772E-002   2.1342112080166080        2.4246103956882252     
   4.3874999999999997E-002  0.87856892081031890       -7.4257367869516606E-003   8.1402910370228274E-002   2.1338836814445870        2.4244895278678338     
   4.4624999999999998E-002  0.87849195324751039       -6.3143962357593789E-003   8.1750020652363892E-002   2.1335060062910314        2.4242448554070233     
   4.5374999999999999E-002  0.87852747956925314       -5.0265908204357845E-003   8.2045653302418683E-002   2.1334057713718373        2.4240109960467811     
   4.6124999999999999E-002  0.87872628209309267       -3.6128826501793804E-003   8.2305554067217748E-002   2.1337693826901654        2.4238576222434833     
   4.6875000000000000E-002  0.87906988230415317       -2.1034194275151873E-003   8.2542700217296677E-002   2.1345921376883128        2.4238281579173622     
   4.7625000000000001E-002  0.87947611532054082       -5.2551398993797797E-004   8.2752014905870003E-002   2.1357049181052119        2.4239562124380636     
   4.8375000000000001E-002  0.87984905573091743        1.0748768666387534E-003   8.2910228448316914E-002   2.1368395707864245        2.4242027518628673     
   4.9125000000000002E-002  0.88012065351165536        2.6210366291926348E-003   8.2984734710065497E-002   2.1376994064994368        2.4244213185023584     
   4.9875000000000003E-002  0.88025107288137339        4.0109213747261639E-003   8.2948666031356241E-002   2.1380233711058656        2.4244287221993424     
   5.0625000000000003E-002  0.88021276462521314        5.1417825670889480E-003   8.2799643906166134E-002   2.1376476328914782        2.4241164320392392     
   5.1375000000000004E-002  0.87999297912136376        5.9467377026899441E-003   8.2571363326680414E-002   2.1365618988281603        2.4235055786233173     
   5.2124999999999998E-002  0.87961370458456489        6.4270755933644643E-003   8.2324490710010467E-002   2.1349380771636941        2.4227250480200575     
   5.2874999999999998E-002  0.87914336099733936        6.6616864051417439E-003   8.2118215115951812E-002   2.1331021474035250        2.4219504930615958     
   5.3624999999999999E-002  0.87868292640492540        6.7842842555111797E-003   8.1980671248586406E-002   2.1314434937638231        2.4213431963724816     
   5.4375000000000000E-002  0.87833207599333774        6.9367799120541298E-003   8.1899063165206801E-002   2.1302957592671681        2.4210092438279012     
   5.5125000000000000E-002  0.87815504749596807        7.2211812878766324E-003   8.1835047393370025E-002   2.1298432930807953        2.4209853545577875     
   5.5875000000000001E-002  0.87816285167760277        7.6723110541580672E-003   8.1753256011267678E-002   2.1300894175889704        2.4212484692505143     
   5.6625000000000002E-002  0.87831632805975846        8.2609449527186740E-003   8.1643120507415123E-002   2.1308852606373350        2.4217378313858724     
   5.7375000000000002E-002  0.87854506960480205        8.9216994010346273E-003   8.1520357115355047E-002   2.1319927059238371        2.4223745996082613     
   5.8125000000000003E-002  0.87877320364877132        9.5906779672090235E-003   8.1409823424731159E-002   2.1331539755127915        2.4230719780894248     
   5.8875000000000004E-002  0.87894193683207145        1.0236681427436639E-002   8.1325059183961240E-002   2.1341508893049488        2.4237425067438148     
   5.9624999999999997E-002  0.87902109987289823        1.0874803585313399E-002   8.1260937232076030E-002   2.1348444250774525        2.4243116356549996     
   6.0374999999999998E-002  0.87900830464367008        1.1559289344176596E-002   8.1203106961986307E-002   2.1351888753182031        2.4247348668711681     
   6.1124999999999999E-002  0.87892084655659575        1.2359757933384504E-002   8.1143281115683225E-002   2.1352220844039387        2.4250073876540168     
   6.1874999999999999E-002  0.87878792662196892        1.3328529839872989E-002   8.1086044474118435E-002   2.1350448652830631        2.4251617557249801     
   6.2625000000000000E-002  0.87864895187164294        1.4467298082735020E-002   8.1042087004210089E-002   2.1348087216388203        2.4252600067013024     
   6.3375000000000001E-002  0.87855831770885751        1.5701841255745808E-002   8.1014559101901681E-002   2.1347202628236515        2.4253878262064448     
   6.4125000000000001E-002  0.87858902366610392        1.6876154626670678E-002   8.0989782455986786E-002   2.1350437900100516        2.4256492696836234     
   6.4875000000000002E-002  0.87882100090335968        1.7779864988205166E-002   8.0939365946367942E-002   2.1360581766202342        2.4261494231475194     
   6.5625000000000003E-002  0.87930313190951614        1.8216840430971753E-002   8.0832868316243686E-002   2.1379305466266763        2.4269519252970921     
   6.6375000000000003E-002  0.87999714383667094        1.8100353128365325E-002   8.0654050445857300E-002   2.1405306532257553        2.4280174548924687     
   6.7125000000000004E-002  0.88073984167373232        1.7527327642467790E-002   8.0411791090937879E-002   2.1433042561502553        2.4291611922259948     
   6.7875000000000005E-002  0.88126979584340603        1.6771553216632422E-002   8.0139031536090616E-002   2.1453597297803126        2.4300803148466819     
   6.8625000000000005E-002  0.88132824938628906        1.6175943152987891E-002   7.9879374757789945E-002   2.1458060184903682        2.4304651879917358     
   6.9375000000000006E-002  0.88077947252510791        1.6001181218574818E-002   7.9668924928098961E-002   2.1441648110444556        2.4301387508234904     
   7.0125000000000007E-002  0.87966934007275133        1.6328885394384422E-002   7.9524540365431079E-002   2.1405818061613120        2.4291350590276819     
   7.0875000000000007E-002  0.87818959865908730        1.7072114416519256E-002   7.9444367618258266E-002   2.1357130491686509        2.4276690258588385     
   7.1625000000000008E-002  0.87658835481239017        1.8061143360368404E-002   7.9416934656618213E-002   2.1304108185428157        2.4260272725926511     
   7.2374999999999995E-002  0.87509016348535895        1.9132934006476573E-002   7.9430569318875668E-002   2.1254317052655458        2.4244560600952720     
   7.3124999999999996E-002  0.87385640061801539        2.0178420649665976E-002   7.9478261737845043E-002   2.1212946470565694        2.4231067631160239     
   7.3874999999999996E-002  0.87297838132722361        2.1146544796889051E-002   7.9558603040093157E-002   2.1182764809232273        2.4220474770617204     
   7.4624999999999997E-002  0.87248442043638441        2.2026994575889892E-002   7.9675312709176618E-002   2.1164681065953723        2.4213063646427035     
   7.5374999999999998E-002  0.87235060741637760        2.2831392393090018E-002   7.9836401990225778E-002   2.1158288508634198        2.4209037008973859     
   7.6124999999999998E-002  0.87251410937804186        2.3580728884669923E-002   8.0052463571768137E-002   2.1162180167186713        2.4208513891627637     
   7.6874999999999999E-002  0.87288882172843096        2.4297656365472733E-002   8.0333269128209747E-002   2.1174123535397804        2.4211303106669844     
   7.7625000000000000E-002  0.87338017006950319        2.4999814246361031E-002   8.0682568249906814E-002   2.1191261585004497        2.4216735354368297     
   7.8375000000000000E-002  0.87389578470282236        2.5693025182986932E-002   8.1092493762926612E-002   2.1210431305929367        2.4223746296637554     
   7.9125000000000001E-002  0.87435241197859792        2.6366951111708961E-002   8.1540671159731598E-002   2.1228571096910418        2.4231160633722553     
   7.9875000000000002E-002  0.87468204536145588        2.6996886298541047E-002   8.1993208172641746E-002   2.1243117884593739        2.4237974555815311     
   8.0625000000000002E-002  0.87483908377966890        2.7552636376937119E-002   8.2413964074551760E-002   2.1252305357689116        2.4243484369779922     
   8.1375000000000003E-002  0.87480672980884144        2.8010954077255474E-002   8.2776776512883413E-002   2.1255330638758867        2.4247279443033714     
   8.2125000000000004E-002  0.87459905466291343        2.8365414325128402E-002   8.3075429280194721E-002   2.1252398162727859        2.4249217821688602     
   8.2875000000000004E-002  0.87425721981403604        2.8629150938203299E-002   8.3326676791500631E-002   2.1244648610010399        2.4249443585158779     
   8.3625000000000005E-002  0.87384019999062001        2.8830433195365920E-002   8.3565124433974514E-002   2.1233961888461899        2.4248425906041948     
   8.4375000000000006E-002  0.87341262130812258        2.9005321158179470E-002   8.3834033629507032E-002   2.1222626885586804        2.4246932473639560     
   8.5125000000000006E-002  0.87303634520352369        2.9192410996394563E-002   8.4176956888885907E-002   2.1212905843998158        2.4245776458367385     
   8.5875000000000007E-002  0.87276638182071153        2.9430789691363743E-002   8.4629580858567616E-002   2.1206568433946660        2.4245405475203525     
   8.6625000000000008E-002  0.87263767773650325        2.9756802064121082E-002   8.5207547179673077E-002   2.1204511399537331        2.4245845142809257     
   8.7375000000000008E-002  0.87263576718479841        3.0194131598210886E-002   8.5889297386032223E-002   2.1206592414515022        2.4247344806754318     
   8.8124999999999995E-002  0.87267633564880276        3.0737583504691801E-002   8.6599649601868167E-002   2.1211762218541246        2.4251122366414717     
   8.8874999999999996E-002  0.87263825747380874        3.1339457557089868E-002   8.7207922403029908E-002   2.1218475078876335        2.4258931268075474     
   8.9624999999999996E-002  0.87246468974172497        3.1911253206034815E-002   8.7557051636372202E-002   2.1225238878446788        2.4270860276952164     
   9.0374999999999997E-002  0.87227473903181596        3.2347680395089728E-002   8.7521575555989647E-002   2.1231094005938402        2.4282702194152326     
   9.1124999999999998E-002  0.87237401401235237        3.2565495329919036E-002   8.7060647160826760E-002   2.1235835666551610        2.4285816511404796     
   9.1874999999999998E-002  0.87309357410690858        3.2536747197423957E-002   8.6227791187955455E-002   2.1239928764365468        2.4271495062292696     
   9.2624999999999999E-002  0.87454057077103931        3.2298106654006051E-002   8.5136238591875232E-002   2.1244224983232609        2.4237664525776790     
   9.3375000000000000E-002  0.87647833420125787        3.1934657957050111E-002   8.3914097380480057E-002   2.1249649595172748        2.4191883966310699     
   9.4125000000000000E-002  0.87847140882200647        3.1551011577576303E-002   8.2677840706907244E-002   2.1256963614059190        2.4146934252350016     
   9.4875000000000001E-002  0.88017174840376589        3.1243805033971853E-002   8.1523958485900633E-002   2.1266621817208051        2.4112704829227209     
   9.5625000000000002E-002  0.88148806262816781        3.1083552042645977E-002   8.0525677027035142E-002   2.1278703757349997        2.4091582547816728     
   9.6375000000000002E-002  0.88252460728549575        3.1108528510615973E-002   7.9729634304353786E-002   2.1292891978557296        2.4080228544669864     
   9.7125000000000003E-002  0.88340270469025040        3.1329450465430897E-002   7.9155909438354793E-002   2.1308492398606096        2.4074494749548601     
   9.7875000000000004E-002  0.88414105963716449        3.1740032255959144E-002   7.8802781978555239E-002   2.1324514866679318        2.4072741865358092     
   9.8625000000000004E-002  0.88466660666750840        3.2327026732676074E-002   7.8653218738625311E-002   2.1339833382232083        2.4075694338350941     
   9.9375000000000005E-002  0.88490666425613429        3.3075254879758029E-002   7.8680653311286208E-002   2.1353411823108854        2.4084180073307646     
  0.10012500000000001       0.88486866705157197        3.3966775517126221E-002   7.8852856212909939E-002   2.1364527332454357        2.4097219134350651     
  0.10087500000000001       0.88464702582781496        3.4976725791937405E-002   7.9132926094404865E-002   2.1372895022755252        2.4111975940230046     
  0.10162500000000001       0.88436579445320562        3.6070061762191324E-002   7.9479154029807902E-002   2.1378631713298812        2.4125267527698435     
  0.10237500000000001       0.88411355749728937        3.7202491405562969E-002   7.9847630883126949E-002   2.1382080454694341        2.4135131033231705     
  0.10312500000000001       0.88391860420970869        3.8326027509404476E-002   8.0198319972033999E-002   2.1383592579763553        2.4141251695533299     
  0.10387500000000000       0.88376674296939317        3.9396760833540725E-002   8.0500812685876721E-002   2.1383375452788460        2.4144301672786117     
  0.10462500000000000       0.88363031750045296        4.0381225491967772E-002   8.0736353941537858E-002   2.1381459343552009        2.4145106835093513     
  0.10537500000000000       0.88348144515331872        4.1258680537334419E-002   8.0896834660158429E-002   2.1377760860691351        2.4144355343117452     
  0.10612500000000000       0.88328855739125334        4.2019162010194483E-002   8.0983145150385363E-002   2.1372174318171320        2.4142796202533274     
  0.10687500000000000       0.88301217046755887        4.2659580008495596E-002   8.1003198269565785E-002   2.1364629381153675        2.4141423176827983     
  0.10762500000000000       0.88261204122916403        4.3180941696360206E-002   8.0969138558880452E-002   2.1355099690259673        2.4141294245906995     
  0.10837500000000000       0.88206399821837989        4.3588664067014102E-002   8.0895486852758991E-002   2.1343594361859242        2.4143065702404911     
  0.10912500000000000       0.88137481353457869        4.3895526828659132E-002   8.0799432188253875E-002   2.1330176125253253        2.4146604698753640     
  0.10987500000000000       0.88058387073789690        4.4124468884974566E-002   8.0700390100951841E-002   2.1315020025510196        2.4151006096867857     
  0.11062500000000000       0.87974981655254592        4.4308061924600524E-002   8.0615771675909276E-002   2.1298481125564019        2.4155034646571876     
  0.11137500000000000       0.87893083211917289        4.4483864178558409E-002   8.0556253146701673E-002   2.1281113948800821        2.4157692850401995     
  0.11212500000000000       0.87816926741763890        4.4687880442661761E-002   8.0526480629226405E-002   2.1263599006187937        2.4158563583589800     
  0.11287500000000000       0.87748506763432332        4.4949071884955012E-002   8.0529778699155841E-002   2.1246579202796845        2.4157806184733079     
  0.11362500000000000       0.87687752227368976        4.5286234564002145E-002   8.0568964763828493E-002   2.1230470480703678        2.4155896210858749     
  0.11437500000000000       0.87633298921287472        4.5706602453196118E-002   8.0636325506011394E-002   2.1215341522476283        2.4153287912004258     
  0.11512500000000001       0.87583400516823129        4.6204934062243005E-002   8.0700735436426668E-002   2.1200939544713089        2.4150206731023238     
  0.11587500000000001       0.87536986217632462        4.6763423390723383E-002   8.0714046085250998E-002   2.1186882352280012        2.4146570482942620     
  0.11662500000000001       0.87494663274839168        4.7353625118086620E-002   8.0631560218373491E-002   2.1172938491060882        2.4142010494849178     
  0.11737500000000001       0.87457438698210366        4.7940721887437719E-002   8.0424365224529837E-002   2.1159272104981892        2.4136487846253472     
  0.11812500000000001       0.87424305686360348        4.8493753021256858E-002   8.0099856581074491E-002   2.1146593385124186        2.4131103005901191     
  0.11887500000000001       0.87396182730006133        4.9002957149504124E-002   7.9728781639278462E-002   2.1136150752995184        2.4126964258302048     
  0.11962500000000000       0.87382132970479121        4.9484000264966570E-002   7.9417611844028180E-002   2.1129458505216361        2.4123189746020608     
  0.12037500000000000       0.87388781884083022        4.9948466129723007E-002   7.9234810967924618E-002   2.1127830234850484        2.4119382974024246     
  0.12112500000000000       0.87402733294758117        5.0375164692325655E-002   7.9199183072261592E-002   2.1131982529525053        2.4120049674974693     
  0.12187500000000000       0.87410108958394184        5.0743291592553565E-002   7.9351679369657188E-002   2.1141840530561735        2.4128895340437371     
  0.12262500000000000       0.87438741273886333        5.1100811787835085E-002   7.9783073217703643E-002   2.1156482060327737        2.4137071025437296     
  0.12337500000000000       0.87532784486468296        5.1558266726398988E-002   8.0532438049152000E-002   2.1174196508423124        2.4130348788913110     
  0.12412500000000000       0.87663362632542052        5.2190952969516209E-002   8.1467605696461109E-002   2.1192766158610166        2.4114264545625184     
  0.12487500000000000       0.87720103410587313        5.2977197052815866E-002   8.2315433772417457E-002   2.1210020396006888        2.4116935930039434     
  0.12562500000000001       0.87626943714384342        5.3843716943395077E-002   8.2831792697982576E-002   2.1224453676335178        2.4157822593366238     
  0.12637500000000002       0.87430883194621434        5.4736106671784912E-002   8.2944645276088830E-002   2.1235630444942295        2.4223880164979312     
  0.12712500000000002       0.87258088446820803        5.5634188777509211E-002   8.2753104697975172E-002   2.1244229224792459        2.4281133783485083     
  0.12787500000000002       0.87213611304149496        5.6530709696342343E-002   8.2427201728084223E-002   2.1251762515635884        2.4301813937975387     
  0.12862500000000002       0.87331974912108923        5.7417144426239547E-002   8.2118982456459266E-002   2.1260119760967520        2.4278205671995985     
  0.12937500000000002       0.87582553550344833        5.8279691798233814E-002   8.1921853248134308E-002   2.1271031342174025        2.4220951053466622     
  0.13012500000000002       0.87886756943935085        5.9095310548325779E-002   8.1854502045706684E-002   2.1285505131716818        2.4153262448314980     
  0.13087500000000002       0.88145088625916612        5.9839823367037734E-002   8.1868461616383115E-002   2.1303345005085088        2.4102322608586380     
  0.13162500000000002       0.88286629218812618        6.0515691962177778E-002   8.1894031811631768E-002   2.1322921854377057        2.4085413362099088     
  0.13237500000000002       0.88308940746740650        6.1169470843189362E-002   8.1896965759360896E-002   2.1341316857611430        2.4099662041919125     
  0.13312500000000002       0.88262990837460253        6.1863397945143409E-002   8.1892414791146589E-002   2.1354802952997596        2.4126909755662109     
  0.13387500000000002       0.88196123557095685        6.2616603622252409E-002   8.1910359719435638E-002   2.1359526229710735        2.4149884510726354     
  0.13462500000000002       0.88114568750480193        6.3374298039909155E-002   8.1961227868748834E-002   2.1352307374202093        2.4163312212143646     
  0.13537500000000002       0.87997910411352576        6.4039574199433846E-002   8.2030222932049285E-002   2.1331555470035681        2.4171050970521097     
  0.13612500000000002       0.87840822481131675        6.4542253888663165E-002   8.2077351329093481E-002   2.1298138179864008        2.4175639419891151     
  0.13687500000000002       0.87680432297732147        6.4885270742189138E-002   8.2027789517545080E-002   2.1255746008344509        2.4171149106295355     
  0.13762500000000003       0.87584944328922265        6.5127134940699244E-002   8.1788174109231948E-002   2.1210271339241040        2.4145553879226456     
  0.13837500000000003       0.87605407985513606        6.5318077323652385E-002   8.1314785169053147E-002   2.1168264039197822        2.4092320557378470     
  0.13912500000000003       0.87721227409293701        6.5453526145011570E-002   8.0663464406823399E-002   2.1135094302126864        2.4023362364267489     
  0.13987500000000003       0.87832860460602169        6.5489594817505589E-002   7.9924601790087549E-002   2.1113529559116566        2.3969104739133895     
  0.14062500000000003       0.87844269527538044        6.5411541354078673E-002   7.9101999450723146E-002   2.1103294975933480        2.3955263658288857     
  0.14137500000000003       0.87779208914186491        6.5292849293543925E-002   7.8101937757098921E-002   2.1101838016743959        2.3972429349086175     
  0.14212500000000003       0.87758466183215644        6.5246360568168696E-002   7.6851691566142077E-002   2.1105793652056555        2.3983884157768594     
  0.14287500000000003       0.87771671598742529        6.5254300085660411E-002   7.5390638719631975E-002   2.1112236831672040        2.3989063431800930     
  0.14362500000000003       0.87500364457241175        6.5063643869391230E-002   7.3834203178542585E-002   2.1119170486175549        2.4072847375941375     
  0.14437500000000000       0.86541006556091826        6.4373712403843403E-002   7.2297306728416638E-002   2.1125445485275449        2.4348346616661281     
  0.14512500000000000       0.84924041616026558        6.3226115058705470E-002   7.0887199371920798E-002   2.1130579255949042        2.4819188582168370     
  0.14587500000000000       0.83299384707602631        6.2144413924323863E-002   6.9708749247305440E-002   2.1134610565230920        2.5309024653415220     
  0.14662500000000001       0.82413276954790149        6.1751125670880258E-002   6.8771951982927265E-002   2.1137920468313514        2.5585794332739278     
  0.14737500000000001       0.82392048225116077        6.2219680911361881E-002   6.7903451669920553E-002   2.1141051642397053        2.5596617230285799     
  0.14812500000000001       0.82693344598431773        6.3186821342545607E-002   6.6909579541424402E-002   2.1144649568473772        2.5508025569687209     
  0.14887500000000001       0.82846991930558045        6.4265262833022196E-002   6.5934895218448378E-002   2.1149498608019774        2.5466628197954044     
  0.14962500000000001       0.83096308665234009        6.5550642580650756E-002   6.5550642580612051E-002   2.1156406344812648        2.5397875026165675     
  0.15037500000000001       0.84048049676510939        6.7425214875735218E-002   6.6281853990796447E-002   2.1165767952098924        2.5119663667245611     
  0.15112500000000001       0.85734936706341669        6.9884242429987670E-002   6.8008551782074211E-002   2.1177114910084001        2.4636000314473994     
  0.15187500000000001       0.87399652469467992        7.2364179747029300E-002   7.0005230055851603E-002   2.1189213060251939        2.4177692344196400     
  0.15262500000000001       0.88288375024557841        7.4324821476161082E-002   7.1613738003148228E-002   2.1200718970514423        2.3944703841740225     
  0.15337500000000001       0.88341549129715413        7.5733217911988976E-002   7.2703023172861078E-002   2.1210698690831049        2.3939267839083778     
  0.15412500000000001       0.88022882189048512        7.6876988622363612E-002   7.3475202782443114E-002   2.1218559783877420        2.4032753888044667     
  0.15487500000000001       0.87750841767078236        7.7927790179495651E-002   7.4080298373436604E-002   2.1223769499896390        2.4111332910210082     
  0.15562500000000001       0.87631226392768014        7.8821713532950310E-002   7.4539477589838254E-002   2.1225813177939687        2.4145117385360564     
  0.15637500000000001       0.87572057340246801        7.9448986787492057E-002   7.4901824043435192E-002   2.1224348545471057        2.4158706675202821     
  0.15712500000000001       0.87483164152054504        7.9833538507214030E-002   7.5322533003279374E-002   2.1219345542600903        2.4176643812230338     
  0.15787500000000002       0.87358515813761239        8.0133055781877155E-002   7.5965528971043556E-002   2.1211196195165387        2.4200748149675366     
  0.15862500000000002       0.87241287991977989        8.0518709128071797E-002   7.6858236345850206E-002   2.1200846151243562        2.4219992731618647     
  0.15937500000000002       0.87163109877935296        8.1073288629388895E-002   7.7847318329767351E-002   2.1189865234721958        2.4227448060824273     
  0.16012500000000002       0.87124004060945837        8.1783469923868382E-002   7.8689892439655962E-002   2.1180287148034012        2.4225660998237677     
  0.16087500000000002       0.87109327628296218        8.2598083640415640E-002   7.9196024157145981E-002   2.1174142159501104        2.4221265050995711     
  0.16162500000000002       0.87108158833359539        8.3484742955740709E-002   7.9314241255672990E-002   2.1172820920196349        2.4218978267507265     
  0.16237500000000002       0.87116962026688372        8.4449641748773716E-002   7.9121276029617271E-002   2.1176574912543251        2.4219982775014732     
  0.16312500000000002       0.87135377759653865        8.5525021052026987E-002   7.8753423098140263E-002   2.1184439710989871        2.4223087289262049     
  0.16387500000000002       0.87162874162825421        8.6741783561166935E-002   7.8337748677094421E-002   2.1194662920503591        2.4226253071567561     
  0.16462500000000002       0.87198051203119675        8.8102217320793361E-002   7.7956445848674588E-002   2.1205470520511644        2.4227738117803130     
  0.16537500000000002       0.87239307199883154        8.9563318025763658E-002   7.7644768990795407E-002   2.1215864316043578        2.4226851012416795     
  0.16612500000000002       0.87286057629758074        9.1036535374463726E-002   7.7406122607032113E-002   2.1226146327595798        2.4224200943867467     
  0.16687500000000002       0.87339940379761727        9.2404224263881785E-002   7.7228768778585394E-002   2.1237953164977323        2.4221367592531884     
  0.16762500000000002       0.87404924789468752        9.3548113881802758E-002   7.7097029616954596E-002   2.1253706293699741        2.4220194025150996     
  0.16837500000000002       0.87485455627617104        9.4381979906464714E-002   7.6996542238515334E-002   2.1275559618922415        2.4222044449844087     
  0.16912500000000003       0.87583194913128759        9.4878965822449660E-002   7.6915527031316294E-002   2.1304171024120846        2.4227257536674527     
  0.16987500000000003       0.87694353980476680        9.5083265194633462E-002   7.6843989990691711E-002   2.1337847869164195        2.4234892514023936     
  0.17062500000000003       0.87809542468322066        9.5098273420390872E-002   7.6772374380334213E-002   2.1372609730028698        2.4242869130701932     
  0.17137500000000003       0.87916389723908561        9.5052079301380127E-002   7.6690903621606396E-002   2.1403324848161018        2.4248598110120265     
  0.17212500000000003       0.88003389123877551        9.5054427609349929E-002   7.6590195766478797E-002   2.1425460287473821        2.4249971168238535     
  0.17287500000000003       0.88063037581360915        9.5167058232747764E-002   7.6462789716044338E-002   2.1436586492944785        2.4246232810609238     
  0.17362500000000003       0.88093380146228206        9.5402175140037376E-002   7.6304949578051173E-002   2.1436942176040867        2.4238185042783695     
  0.17437500000000003       0.88098058813666946        9.5745214264043352E-002   7.6118480465795224E-002   2.1428954604988935        2.4227596915906777     
  0.17512500000000003       0.88084997668450593        9.6183185340027566E-002   7.5912111132117530E-002   2.1416138597065233        2.4216285962962383     
  0.17587500000000000       0.88063766715288860        9.6720156564643139E-002   7.5701309005129377E-002   2.1401943205302154        2.4205519622999150     
  0.17662500000000000       0.88042394207439489        9.7373958414462308E-002   7.5505726168255100E-002   2.1388947249172054        2.4195983147282116     
  0.17737500000000000       0.88025223184232071        9.8160530263152329E-002   7.5345220028857782E-002   2.1378564140295579        2.4188052098631627     
  0.17812500000000001       0.88013056616029595        9.9075870306854108E-002   7.5236956293021268E-002   2.1371243168893397        2.4182003952383972     
  0.17887500000000001       0.88005415380477314       0.10008183853584163        7.5195879144206862E-002   2.1367042402574912        2.4178068115016456     
  0.17962500000000001       0.88003475378571183       0.10109834811921181        7.5238649494798471E-002   2.1366345217248237        2.4176444833496080     
  0.18037500000000001       0.88011932973929574       0.10200551015998786        7.5387973222660887E-002   2.1370381717689599        2.4177383256768943     
  0.18112500000000001       0.88038483549330815       0.10266299771007800        7.5671580662913907E-002   2.1381152967975723        2.4181213419541581     
  0.18187500000000001       0.88090439846829682       0.10295256729424762        7.6110334027381710E-002   2.1400485131320375        2.4188146120380534     
  0.18262500000000001       0.88169438726782190       0.10283629939680522        7.6696039715543868E-002   2.1428421702093194        2.4197831690039244     
  0.18337500000000001       0.88267166325697022       0.10240146622976271        7.7371156879749298E-002   2.1461890115353284        2.4208979803255692     
  0.18412500000000001       0.88365961196244713       0.10185323079252101        7.8030277657274466E-002   2.1494922853804961        2.4219474652575412     
  0.18487500000000001       0.88445708554865554       0.10144097320407069        7.8553205397013923E-002   2.1520915550951001        2.4227132676831649     
  0.18562500000000001       0.88493358151621293       0.10135449857349951        7.8853187889211265E-002   2.1535726746374930        2.4230691656539571     
  0.18637500000000001       0.88508588221724604       0.10165536878103716        7.8907109462207387E-002   2.1539477680491106        2.4230334076373938     
  0.18712500000000001       0.88502065452608059       0.10228092927486133        7.8748946294752889E-002   2.1535890715720747        2.4227403930795512     
  0.18787500000000001       0.88488496766366098       0.10310183197456163        7.8438994815239443E-002   2.1529948533500001        2.4223621919239786     
  0.18862500000000001       0.88479643337059244       0.10398544526256340        7.8035599237352954E-002   2.1525607862032956        2.4220363664599471     
  0.18937500000000002       0.88480917996871267       0.10483389695586445        7.7583617590161261E-002   2.1524712600454681        2.4218322165964858     
  0.19012500000000002       0.88491800346375038       0.10559569183177930        7.7115383169367627E-002   2.1527141165361985        2.4217540605324310     
  0.19087500000000002       0.88508247686905928       0.10626404795303983        7.6654893189751272E-002   2.1531587578966169        2.4217632493366388     
  0.19162500000000002       0.88525236026933918       0.10687099986819565        7.6220727294698365E-002   2.1536371641890559        2.4218008352853193     
  0.19237500000000002       0.88538396960946519       0.10747702468032008        7.5825827931224887E-002   2.1539978862039204        2.4218053382823941     
  0.19312500000000002       0.88544653106590920       0.10815229978360563        7.5474328131214852E-002   2.1541330534604191        2.4217287142526249     
  0.19387500000000002       0.88542464823157241       0.10895077257611194        7.5160787819757338E-002   2.1539920933119094        2.4215486548106129     
  0.19462500000000002       0.88532214483809302       0.10988765415745644        7.4875701262717392E-002   2.1535922139438632        2.4212725491295588     
  0.19537500000000002       0.88516555764889737       0.11093438415954872        7.4611148956581677E-002   2.1530244375986212        2.4209351799777399     
  0.19612500000000002       0.88500283640002664       0.11203499784431037        7.4360093024513144E-002   2.1524473559615864        2.4205933553004586     
  0.19687500000000002       0.88489644551257496       0.11313155938734655        7.4115242049225746E-002   2.1520641193780383        2.4203154617058948     
  0.19762500000000002       0.88491269119827687       0.11418092286043177        7.3875602560347073E-002   2.1520868599299794        2.4201672787986950     
  0.19837500000000002       0.88510885123113781       0.11515565861433727        7.3655169880137622E-002   2.1526982481160766        2.4202023652568951     
  0.19912500000000002       0.88552042415975074       0.11603577691399365        7.3482786713832612E-002   2.1540174178014775        2.4204591826649535     
  0.19987500000000002       0.88615149098507184       0.11680233854084790        7.3393667747017832E-002   2.1560702619899224        2.4209553007270279     
  0.20062500000000003       0.88696947558347339       0.11743997906579885        7.3420335966427289E-002   2.1587626793632193        2.4216719093608430     
  0.20137500000000003       0.88790528353853881       0.11794916419372695        7.3583737428034562E-002   2.1618675601262622        2.4225380347232930     
  0.20212500000000003       0.88886272857320459       0.11836230417107894        7.3881405770868505E-002   2.1650517113412162        2.4234344799750596     
  0.20287500000000003       0.88974071693142931       0.11875143328606293        7.4278445113728137E-002   2.1679608701257580        2.4242294413152963     
  0.20362500000000003       0.89046282826022893       0.11921511688793932        7.4712965985585272E-002   2.1703378997478580        2.4248326083747687     
  0.20437500000000003       0.89099837813176419       0.11984387304231101        7.5117561564659346E-002   2.1721036535152360        2.4252315406952261     
  0.20512500000000003       0.89135924678800782       0.12068057214914285        7.5443860822394793E-002   2.1733356962733108        2.4254794230887837     
  0.20587500000000003       0.89157204739209472       0.12169952541821419        7.5675083485506861E-002   2.1741493998872499        2.4256388846549730     
  0.20662500000000003       0.89164532306661437       0.12281541714297345        7.5821392152803604E-002   2.1745659892948379        2.4257222824959381     
  0.20737500000000003       0.89155921066321464       0.12390926782782435        7.5904195321486109E-002   2.1744744535425515        2.4256749745588859     
  0.20812500000000000       0.89128961821376518       0.12484855551036897        7.5941800494144077E-002   2.1737289792751868        2.4254176028486381     
  0.20887500000000001       0.89084309845869547       0.12550325365135279        7.5945187305712591E-002   2.1722929042751491        2.4249109304838496     
  0.20962500000000001       0.89024984990031042       0.12579647323441193        7.5920797429613746E-002   2.1702429910251126        2.4241710354390529     
  0.21037500000000001       0.88949882726910057       0.12580145360261744        7.5872705864590079E-002   2.1675704865831165        2.4232056204138557     
  0.21112500000000001       0.88852369757695315       0.12576600265002955        7.5809359082838895E-002   2.1641266225599365        2.4219858295698637     
  0.21187500000000001       0.88741629417078616       0.12586590141681431        7.5769931985076713E-002   2.1602883623844504        2.4206537783289255     
  0.21262500000000001       0.88677055255913628       0.12577612715616618        7.5855780962792690E-002   2.1580400417412888        2.4198771840998172     
  0.21337500000000001       0.88747381271344794       0.12477761681066768        7.6188890368366277E-002   2.1602774407423522        2.4206182215706900     
  0.21412500000000001       0.88928623206847712       0.12312214413936842        7.6728334852663255E-002   2.1662110027848049        2.4225920418916296     
  0.21487500000000001       0.88942572061725367       0.12348152580228682        7.7098994874121557E-002   2.1667636322233355        2.4227434732569715     
  0.21562500000000001       0.88479370546271285       0.12871960693871118        7.6873481096409416E-002   2.1518491822526240        2.4176784044551356     
  0.21637500000000001       0.87944122460920116       0.13438340899584530        7.6483409526695550E-002   2.1346140516332639        2.4117825297644777     
  0.21712500000000001       0.88938714117762474       0.12416294655510780        7.7797099274065071E-002   2.1667174510553506        2.4226210409772451     
  0.21787500000000001       0.92653706603631358        8.4605084069284187E-002   8.2310310304680667E-002   2.2893323927783298        2.4627331329658175     
  0.21862500000000001       0.96986295699981884        3.6009756247963549E-002   8.7667675429503378E-002   2.4369853491823776        2.5079364187973696     
  0.21937500000000001       0.98460364555843105        1.9239632944281375E-002   8.9598864854512628E-002   2.4881757605685069        2.5227522268325409     
  0.22012500000000002       0.97241625019207523        3.4186521721220636E-002   8.8292778645219783E-002   2.4454901512995564        2.5101193468230032     
  0.22087500000000002       0.96137730014355782        4.8226644840813251E-002   8.7300452184079308E-002   2.4072820139082149        2.4986117456388306     
  0.22162500000000002       0.96382699903822711        4.7432632652789394E-002   8.8111070693288746E-002   2.4158745278403488        2.5011541675175311     
  0.22237500000000002       0.97087303471934161        4.1852499499492275E-002   8.9506721894520372E-002   2.4403655418004893        2.5083996177189278     
  0.22312500000000002       0.97274019157692904        4.2590059818302585E-002   9.0126939085562546E-002   2.4468263287103920        2.5101447723503476     
  0.22387500000000002       0.97018431786981385        4.8741531699081034E-002   9.0008640773490647E-002   2.4378382735357382        2.5071922815244663     
  0.22462500000000002       0.96884396920874682        5.3812754357009322E-002   8.9821670643941171E-002   2.4330220297830474        2.5054229046680909     
  0.22537500000000002       0.97073023091604216        5.5422418961744505E-002   8.9791392334936215E-002   2.4393699096197161        2.5070147222403225     
  0.22612500000000002       0.97361313671964644        5.5774766339556484E-002   8.9833360077902935E-002   2.4492447250451996        2.5097265972714822     
  0.22687500000000002       0.97515290889645512        5.7189644978577793E-002   8.9846906408766178E-002   2.4545657565650170        2.5111443145719372     
  0.22762500000000002       0.97508285120519034        5.9785402133674059E-002   8.9818836435479971E-002   2.4544828137109946        2.5110822186248418     
  0.22837500000000002       0.97434740266660302        6.2443176463986776E-002   9.0065725273514682E-002   2.4520684741103813        2.5103005995190095     
  0.22912500000000002       0.97347512174469553        6.4626512444275863E-002   9.0725091047987955E-002   2.4492510077015330        2.5094407652016750     
  0.22987500000000002       0.97248112016152333        6.6756007688484942E-002   9.1412448826292403E-002   2.4459390358331508        2.5083792396289164     
  0.23062500000000002       0.97126069231302781        6.9115798273177403E-002   9.1924419451843015E-002   2.4418570119735374        2.5071000939276158     
  0.23137500000000003       0.96996102730760880        7.1408671470063856E-002   9.2368136322985961E-002   2.4375681023071962        2.5058135598466795     
  0.23212500000000003       0.96878815185398903        7.3260182650662822E-002   9.2644939788978226E-002   2.4337399940093083        2.5047170540337107     
  0.23287500000000003       0.96774904610365298        7.4456929442666922E-002   9.2650367778660578E-002   2.4303928160039794        2.5038448257641832     
  0.23362500000000003       0.96675747154239344        7.4952324237411661E-002   9.2478718289594405E-002   2.4271672553256520        2.5030461306865055     
  0.23437500000000003       0.96578677257729051        7.4872593590672873E-002   9.2166228959604676E-002   2.4238733059935504        2.5021809761374212     
  0.23512500000000003       0.96488001891686814        7.4347341603042877E-002   9.1675839053948660E-002   2.4206147771425579        2.5012386890168328     
  0.23587500000000003       0.96405656204229428        7.3439851914350290E-002   9.1015390577410218E-002   2.4174981448021597        2.5002729774199954     
  0.23662500000000003       0.96325988965617770        7.2310496457706666E-002   9.0258561049981811E-002   2.4144455759254324        2.4993283901481420     
  0.23737500000000003       0.96245473207423804        7.1324898614304605E-002   8.9640963333291912E-002   2.4114818752975600        2.4984702811845332     
  0.23812500000000003       0.96171156235878774        7.0922325050402177E-002   8.9541214567411709E-002   2.4089376596841978        2.4977906267891328     
  0.23887500000000003       0.96100856091565479        7.1237478559490849E-002   9.0110633168856910E-002   2.4066953231711281        2.4971997036297826     
  0.23962500000000000       0.95985920425580429        7.1725964410009432E-002   9.0821414842316775E-002   2.4028939870401329        2.4961133442366688     
  0.24037500000000001       0.95737636509234925        7.1348927414419283E-002   9.0554097331201205E-002   2.3942454648357856        2.4935901229583175     
  0.24112500000000001       0.95320716415817219        6.9569128683559356E-002   8.8612589079698628E-002   2.3794734729458300        2.4892971948524676     
  0.24187500000000001       0.94861479959243566        6.7339588479263648E-002   8.5933537701725710E-002   2.3631971485682697        2.4845856607272179     
  0.24262500000000001       0.94612076540188372        6.6688254399571933E-002   8.4873016216671038E-002   2.3545295920535065        2.4821064721437684     
  0.24337500000000001       0.94710646551393562        6.8609808509675047E-002   8.6900191853053116E-002   2.3584041736451766        2.4832819422401111     
  0.24412500000000001       0.94910291209561004        7.0874307889282673E-002   8.9782625266705357E-002   2.3658428182805151        2.4854522281113667     
  0.24487500000000001       0.94620783535834618        6.8561945376383895E-002   8.7704916491977591E-002   2.3554360745885492        2.4824222235761071     
  0.24562500000000001       0.93409662549016481        5.8548575322367041E-002   7.6240962675032956E-002   2.3118448220830028        2.4696572839393509     
  0.24637500000000001       0.91484332263074197        4.3428033696810933E-002   5.7376492850393708E-002   2.2433992764801185        2.4491289356795698     
  0.24712500000000001       0.89518045238264088        2.9114130086222632E-002   3.7726935959046304E-002   2.1746142072865537        2.4278297942187077     
  0.24787500000000001       0.88044227621313520        1.9371903797132689E-002   2.2577671351495351E-002   2.1238250868108599        2.4116543962329771     
  0.24862500000000001       0.87170555775447767        1.4277427974334653E-002   1.3266384684671017E-002   2.0940539991303773        2.4019992848215148     
  0.24937500000000001       0.86749161402653052        1.2344422726222711E-002   8.6816995937597334E-003   2.0797996742575857        2.3973354525858914     
  0.25012499999999999       0.86604009001896687        1.2313449374476230E-002   7.2370002330017068E-003   2.0749228909021271        2.3957379573106796     
  0.25087500000000001       0.86607208920705647        1.3408167657563188E-002   7.6238393810310976E-003   2.0750731558000632        2.3958003454254682     
  0.25162499999999999       0.86670660933224175        1.5040580820431779E-002   8.8442440986575659E-003   2.0772842919774859        2.3965533888904540     
  0.25237500000000002       0.86734959082895424        1.6694236172387474E-002   1.0178889143667064E-002   2.0795466103418061        2.3973334905376107     
  0.25312499999999999       0.86767090316831996        1.7996404041948980E-002   1.1206699552351970E-002   2.0807214339564668        2.3977552113848737     
  0.25387500000000002       0.86755152243100375        1.8786318590742042E-002   1.1785924055752107E-002   2.0803803311278362        2.3976637888386860     
  0.25462499999999999       0.86699911959196019        1.9099317748486399E-002   1.1971232227853210E-002   2.0785391455251219        2.3970567900408351     
  0.25537500000000002       0.86610480578714877        1.9087910496589960E-002   1.1902921932027175E-002   2.0755195027788083        2.3960464834799629     
  0.25612499999999999       0.86506028744331476        1.8921021747767539E-002   1.1713908807317892E-002   2.0719911604279044        2.3948676822824670     
  0.25687499999999996       0.86415570449886936        1.8715090602406437E-002   1.1483664302678494E-002   2.0689490893405589        2.3938627250985394     
  0.25762499999999999       0.86366364289010877        1.8568841273855052E-002   1.1249437303836990E-002   2.0673144880607950        2.3933410024455171     
  0.25837499999999997       0.86360671288935675        1.8719456724892100E-002   1.1067265660779082E-002   2.0671604807302950        2.3933193835399185     
  0.25912499999999999       0.86357895666649953        1.9677369509208953E-002   1.1071372791555706E-002   2.0671205425225967        2.3933253288958851     
  0.25987499999999997       0.86290121900649375        2.2050417273782204E-002   1.1432813760026918E-002   2.0649212819088598        2.3925841823701193     
  0.26062500000000000       0.86129726041262611        2.5851288831444701E-002   1.2152498765223193E-002   2.0596463091735968        2.3907804143983618     
  0.26137499999999997       0.85988437802878959        2.9513485163732082E-002   1.2782065412846492E-002   2.0550031672259550        2.3891603659788818     
  0.26212500000000000       0.86158307011740398        2.9562760552535934E-002   1.2380099361775410E-002   2.0606321288106617        2.3909894176551756     
  0.26287499999999997       0.86943908745592036        2.2437987249155723E-002   1.0089032865192298E-002   2.0866969317020003        2.3996492583538327     
  0.26362500000000000       0.88279323123581344        8.5826969860518416E-003   6.2746562713485391E-003   2.1314027451081072        2.4143124902205186     
  0.26437499999999997       0.89578333287035150       -5.5713264243508250E-003   2.9657573803312989E-003   2.1753980979494147        2.4284620880688021     
  0.26512500000000000       0.90246362978680761       -1.2889598728741423E-002   2.1347749678592197E-003   2.1982710117932047        2.4357507220620978     
  0.26587499999999997       0.90278078007920526       -1.2677979122363747E-002   3.5698623771869826E-003   2.1994815338630769        2.4362342489039346     
  0.26662500000000000       0.90118655829639993       -9.6088882632424585E-003   5.4795255310405152E-003   2.1941702177241593        2.4346816000606553     
  0.26737499999999997       0.90111359982371275       -7.5017388416090403E-003   6.5384446295575077E-003   2.1940217756312381        2.4347283504071324     
  0.26812500000000000       0.90271190967436865       -6.7843845105213761E-003   6.5807605006138305E-003   2.1994801502592245        2.4364702023195113     
  0.26887499999999998       0.90452170515011088       -6.3702513619899748E-003   6.0276547466377971E-003   2.2055439239022716        2.4383067820896969     
  0.26962500000000000       0.90564776059779895       -5.9109705700647296E-003   5.2784510442564388E-003   2.2092168318727996        2.4393392837461025     
  0.27037499999999998       0.90631541137401572       -6.0796733605433294E-003   4.5740186335448503E-003   2.2113920679873189        2.4399454169035208     
  0.27112500000000000       0.90711695304472650       -7.4365331609894808E-003   4.1507779997835238E-003   2.2142000611831909        2.4408760908969329     
  0.27187499999999998       0.90820972975813441       -9.5540451131289408E-003   4.2398018260012982E-003   2.2181772570342102        2.4422961298697685     
  0.27262500000000001       0.90918442887779916       -1.1252154359078911E-002   4.7871350539090878E-003   2.2217933211967602        2.4436308177829988     
  0.27337499999999998       0.90947966829038029       -1.1489629220369814E-002   5.3864788164104428E-003   2.2229190939420826        2.4440684549044946     
  0.27412500000000001       0.90879766498419001       -1.0024585133027716E-002   5.5840423860396941E-003   2.2204216271057740        2.4431721918719953     
  0.27487499999999998       0.90722106755320109       -7.4308726487521265E-003   5.1180347907254578E-003   2.2146426665027219        2.4410784501579736     
  0.27562500000000001       0.90508458130190683       -4.6272449490450422E-003   4.0674092779577706E-003   2.2069174640593361        2.4383317779129352     
  0.27637499999999998       0.90281132385138663       -2.3723366577778067E-003   2.8965564915988799E-003   2.1989225549371803        2.4356304947729770     
  0.27712500000000001       0.90082808337617370       -1.0737395939838259E-003   2.1188394033114610E-003   2.1923107957148558        2.4336582133572700     
  0.27787499999999998       0.89953751532267334       -8.2976887273874611E-004   1.9577409857558206E-003   2.1885106106232737        2.4329258760623134     
  0.27862500000000001       0.89921204768053564       -1.4879227928807279E-003   2.3950183502870416E-003   2.1883815036378911        2.4336607685926070     
  0.27937499999999998       0.89984255542790148       -2.7029904753111942E-003   3.2572579746198193E-003   2.1917876663016687        2.4357346716585679     
  0.28012500000000001       0.90111143685823647       -4.0212746011468268E-003   4.2388545574810650E-003   2.1974699481448319        2.4386007277244772     
  0.28087499999999999       0.90251457395822365       -4.9958136373567854E-003   5.0658831886582567E-003   2.2034459484293842        2.4414208561335524     
  0.28162500000000001       0.90354443749262070       -5.3388005286416369E-003   5.6216291608837130E-003   2.2077933037281063        2.4434437877761370     
  0.28237499999999999       0.90385882247523552       -5.0197373199184943E-003   5.9200465767830779E-003   2.2093751282021268        2.4443439029070073     
  0.28312500000000002       0.90337798938923319       -4.2190895628984228E-003   6.0510667552892495E-003   2.2081073875004460        2.4442451502006013     
  0.28387499999999999       0.90227967890499827       -3.1875643205365543E-003   6.1307780570721742E-003   2.2047489092940515        2.4435022773377506     
  0.28462500000000002       0.90090379304114210       -2.1189214513451776E-003   6.2633693334039411E-003   2.2004704274526752        2.4424874000269923     
  0.28537499999999999       0.89960864109640848       -1.0961573443814920E-003   6.5239986344101646E-003   2.1964245533513345        2.4415063718127770     
  0.28612500000000002       0.89863383871545999       -1.0692214070978057E-004   6.9399706804928619E-003   2.1934037064413543        2.4407904616723495     
  0.28687499999999999       0.89802568418201734        9.0606775388458647E-004   7.4747755316446774E-003   2.1916329680038644        2.4404662818944107     
  0.28762500000000002       0.89766940539731821        1.9787639943190439E-003   8.0373968660653657E-003   2.1907991134828366        2.4404986261705544     
  0.28837499999999999       0.89742709490259054        3.0423311400421954E-003   8.5372763714873651E-003   2.1904109704524171        2.4407165977579171     
  0.28912499999999997       0.89730950361908901        3.8425256166851646E-003   8.9844762317418114E-003   2.1903968662037507        2.4410124384456422     
  0.28987499999999999       0.89755914991601748        3.9430843578061184E-003   9.5656799770463159E-003   2.1915358063044659        2.4415952669798209     
  0.29062499999999997       0.89853782572508656        2.9158317175052113E-003   1.0584608365346087E-002   2.1951730838629251        2.4429756295147200     
  0.29137500000000000       0.90041874765919838        6.9739795667708346E-004   1.2241298337112311E-002   2.2020644257087101        2.4455076600907200     
  0.29212499999999997       0.90290367548486561       -2.1473572909867693E-003   1.4396137864959097E-002   2.2111553198803140        2.4488082820655728     
  0.29287500000000000       0.90530107802586790       -4.6046646359761221E-003   1.6527752424041080E-002   2.2196770120975859        2.4516864996144361     
  0.29362499999999997       0.90693531042415809       -5.8245453855280474E-003   1.7923784220061859E-002   2.2248853870702652        2.4529749190848582     
  0.29437500000000000       0.90742949774848203       -5.6402502341748127E-003   1.7982337276406198E-002   2.2258470320171453        2.4526988957227451     
  0.29512499999999997       0.90680015784305001       -4.5137539276196830E-003   1.6651948033300404E-002   2.2236175751027232        2.4519773497590469     
  0.29587500000000000       0.90567347116213504       -3.0756148105909814E-003   1.4914546677694724E-002   2.2200445229796011        2.4511223588569937     
  0.29662499999999997       0.90515924491233624       -1.7586868778587614E-003   1.4472989925921081E-002   2.2166119228838532        2.4487343186388726     
  0.29737500000000000       0.90537984665424487       -7.7016334710361769E-004   1.5661553098080039E-002   2.2140011815101426        2.4452337908978325     
  0.29812499999999997       0.90459286171255848       -1.8825594200747438E-004   1.4986163916395779E-002   2.2122720127168747        2.4454624292781011     
  0.29887500000000000       0.90115636458186832        1.5732722252234316E-005   7.1715727832812326E-003   2.2111716450456860        2.4536730754468272     
  0.29962499999999997       0.89515361051176834        3.2461685867166094E-005  -4.8465409258783053E-003   2.2107164314247840        2.4696356969399913     
