   5.3033008588991072E-004  0.44096164691186290     
   1.5909902576697319E-003  0.51764932170189970     
   2.6516504294495534E-003  0.52562858210840990     
   3.7123106012293744E-003  0.50680045967557619     
   4.7729707730091962E-003  0.48997449093521822     
   5.8336309447890172E-003  0.47903674163884880     
   6.8942911165688382E-003  0.47025186290053100     
   7.9549512883486592E-003  0.46121737503802784     
   9.0156114601284802E-003  0.45011153009900612     
   1.0076271631908301E-002  0.43838478681430282     
   1.1136931803688122E-002  0.43074366565296485     
   1.2197591975467947E-002  0.42913474833361254     
   1.3258252147247764E-002  0.43313194953602546     
   1.4318912319027589E-002  0.43810281409998009     
   1.5379572490807406E-002  0.44016461005177643     
   1.6440232662587227E-002  0.43944799647259902     
   1.7500892834367052E-002  0.43789548868140199     
   1.8561553006146869E-002  0.43684385623094113     
   1.9622213177926694E-002  0.43670002337216679     
   2.0682873349706511E-002  0.43665194255577988     
   2.1743533521486336E-002  0.43756135628818194     
   2.2804193693266160E-002  0.43797126878298420     
   2.3864853865045978E-002  0.43809947440230934     
   2.4925514036825802E-002  0.43555841646786808     
   2.5986174208605620E-002  0.44948761068077381     
   2.7046834380385444E-002  0.46249130467996197     
   2.8107494552165262E-002  0.41907352683675059     
   2.9168154723945086E-002  0.41274671892852632     
   3.0228814895724911E-002  0.41569444176530035     
   3.1289475067504721E-002  0.41432692566176382     
   3.2350135239284553E-002  0.41280751417985689     
   3.3410795411064370E-002  0.41272112455906618     
   3.4471455582844188E-002  0.41262657935790847     
   3.5532115754624019E-002  0.41235922142707926     
   3.6592775926403837E-002  0.41491099108672913     
   3.7653436098183654E-002  0.41586427667385023     
   3.8714096269963472E-002  0.41198221314846484     
   3.9774756441743303E-002  0.40786782738154259     
   4.0835416613523121E-002  0.40850420251698177     
   4.1896076785302938E-002  0.41428606777204691     
   4.2956736957082756E-002  0.42148990528660979     
   4.4017397128862587E-002  0.42582657986237454     
   4.5078057300642405E-002  0.42671675398086883     
   4.6138717472422222E-002  0.42614884138373688     
   4.7199377644202054E-002  0.42585043397219824     
   4.8260037815981871E-002  0.42615115342776189     
   4.9320697987761689E-002  0.42681455893260101     
   5.0381358159541520E-002  0.42728159099441454     
   5.1442018331321324E-002  0.42719754278000377     
   5.2502678503101155E-002  0.42687842235912421     
   5.3563338674880973E-002  0.42549665253553559     
   5.4623998846660790E-002  0.41994302581526766     
   5.5684659018440621E-002  0.41949979838128310     
   5.6745319190220439E-002  0.41622119946708575     
   5.7805979362000257E-002  0.43062652718402927     
   5.8866639533780088E-002  0.42351029463222534     
   5.9927299705559905E-002  0.52081426234510564     
   6.0987959877339723E-002  0.68258631296454619     
   6.2048620049119541E-002  0.73715537682806564     
   6.3109280220899372E-002  0.76190865876516867     
   6.4169940392679176E-002  0.77040553985285332     
   6.5230600564459007E-002  0.76089511986810765     
   6.6291260736238838E-002  0.75512072806382835     
   6.7351920908018642E-002  0.67628728324965270     
   6.8412581079798473E-002  0.68032719400288377     
   6.9473241251578305E-002  0.79162054358364264     
   7.0533901423358109E-002  0.80298776315899767     
   7.1594561595137940E-002  0.80773644960408841     
   7.2655221766917771E-002  0.81008738222689314     
   7.3715881938697575E-002  0.80870783525350798     
   7.4776542110477406E-002  0.80619307861454514     
   7.5837202282257210E-002  0.80046426445465091     
   7.6897862454037041E-002  0.79024345448220490     
   7.7958522625816873E-002  0.76613240034262520     
   7.9019182797596677E-002  0.74795969445946342     
   8.0079842969376508E-002  0.77497712131983965     
   8.1140503141156339E-002  0.79585862800142748     
   8.2201163312936143E-002  0.79241949619395302     
   8.3261823484715974E-002  0.77531689840659812     
   8.4322483656495778E-002  0.75530109401262135     
   8.5383143828275609E-002  0.80175893771986462     
   8.6443804000055441E-002  0.84567162472773316     
   8.7504464171835245E-002  0.83399538790446792     
   8.8565124343615076E-002  0.82616936516978767     
   8.9625784515394907E-002  0.82709618022639719     
   9.0686444687174711E-002  0.82653061425098162     
   9.1747104858954542E-002  0.82388884468108581     
   9.2807765030734374E-002  0.81894323848629003     
   9.3868425202514177E-002  0.81269903795648779     
   9.4929085374294009E-002  0.80677080918730526     
   9.5989745546073840E-002  0.80089578246979587     
   9.7050405717853644E-002  0.79548209126833724     
   9.8111065889633475E-002  0.79153163051498043     
   9.9171726061413307E-002  0.78862095124989340     
  0.10023238623319311       0.78577674214157089     
  0.10129304640497294       0.78246027331076307     
  0.10235370657675275       0.77740786850261756     
  0.10341436674853258       0.77020233560728180     
  0.10447502692031238       0.76293179390618626     
  0.10553568709209221       0.74745257610443405     
  0.10659634726387204       0.73402173925257619     
  0.10765700743565185       0.74915829464975991     
  0.10871766760743168       0.77355299728690463     
  0.10977832777921151       0.78586637577465823     
  0.11083898795099131       0.78928440325996352     
  0.11189964812277114       0.79811254239836282     
  0.11296030829455098       0.81628991493060066     
  0.11402096846633078       0.81080371501970594     
  0.11508162863811061       0.78919048460610042     
  0.11614228880989044       0.77274980482883526     
  0.11720294898167025       0.76738535642484373     
  0.11826360915345008       0.77091791413769728     
  0.11932426932522991       0.77833391411986186     
  0.12038492949700971       0.78749583627302022     
  0.12144558966878954       0.79693122547134099     
  0.12250624984056938       0.80444156891134888     
  0.12356691001234918       0.80872857279476207     
  0.12462757018412898       0.81051010784433164     
  0.12568823035590881       0.81185539155745579     
  0.12674889052768862       0.81535606606341426     
  0.12780955069946848       0.82199629621073078     
  0.12887021087124828       0.82852248796503114     
  0.12993087104302808       0.83465002720471171     
  0.13099153121480794       0.84231906198416673     
  0.13205219138658775       0.84981237119176933     
  0.13311285155836755       0.85554450993672648     
  0.13417351173014741       0.85814021991226186     
  0.13523417190192721       0.85590193567210093     
  0.13629483207370702       0.84886710562575507     
  0.13735549224548688       0.83793394504697594     
  0.13841615241726668       0.83112696165917288     
  0.13947681258904648       0.82854903828517767     
  0.14053747276082634       0.82629065712434580     
  0.14159813293260615       0.80968845837852732     
  0.14265879310438595       0.82642682194876327     
  0.14371945327616581       0.87601753451526931     
  0.14478011344794561       0.87230631382213109     
  0.14584077361972542       0.87047584971536296     
  0.14690143379150522       0.86781646970787829     
  0.14796209396328508       0.86466811887487516     
  0.14902275413506488       0.85855552760763520     
  0.15008341430684469       0.85551517543878353     
  0.15114407447862455       0.82590943987111953     
  0.15220473465040435       0.81668153104227292     
  0.15326539482218415       0.81872047924984104     
  0.15432605499396401       0.79903437382466169     
  0.15538671516574382       0.79288542277998131     
  0.15644737533752362       0.79032794302732534     
  0.15750803550930348       0.79087857644401227     
  0.15856869568108328       0.79488816059601830     
  0.15962935585286309       0.80190944758005134     
  0.16069001602464295       0.81076996904901155     
  0.16175067619642275       0.82003718360871147     
  0.16281133636820255       0.82797897358483130     
  0.16387199653998241       0.83199823165533870     
  0.16493265671176222       0.83077827536661908     
  0.16599331688354202       0.82683622085709385     
  0.16705397705532188       0.82421600280417184     
  0.16811463722710168       0.82283258306468476     
  0.16917529739888149       0.82258921103438243     
  0.17023595757066129       0.82459239506176718     
  0.17129661774244115       0.81957180297254073     
  0.17235727791422095       0.81569867283920106     
  0.17341793808600076       0.83304810722894262     
  0.17447859825778061       0.85645886569562402     
  0.17553925842956042       0.86654772969053950     
  0.17659991860134022       0.86951827097904832     
  0.17766057877312008       0.88721080353842219     
  0.17872123894489989       0.89361721291328977     
  0.17978189911667974       0.85443606282106666     
  0.18084255928845955       0.82322354198388670     
  0.18190321946023935       0.83848687834799140     
  0.18296387963201921       0.86515203779230787     
  0.18402453980379901       0.87568027460856757     
  0.18508519997557882       0.87617957842635708     
  0.18614586014735868       0.87555190695938823     
  0.18720652031913848       0.87582695857021697     
  0.18826718049091828       0.87671874360550439     
  0.18932784066269814       0.87788745393509138     
  0.19038850083447795       0.87896863424894189     
  0.19144916100625775       0.87942274235585427     
  0.19250982117803761       0.87938136763334729     
  0.19357048134981741       0.87838570512410974     
  0.19463114152159722       0.87769591414875070     
  0.19569180169337708       0.87635608523043951     
  0.19675246186515688       0.87655032573268965     
  0.19781312203693668       0.87417354397625879     
  0.19887378220871654       0.88191101003807737     
  0.19993444238049635       0.88852505482064514     
  0.20099510255227615       0.88793827243924439     
  0.20205576272405601       0.88674552726676359     
  0.20311642289583581       0.88406679612088535     
  0.20417708306761562       0.88590514922415142     
  0.20523774323939542       0.89298672318350270     
  0.20629840341117522       0.89305856938719119     
  0.20735906358295508       0.88748837522938884     
  0.20841972375473489       0.88342549512522006     
  0.20948038392651469       0.88010358651027543     
  0.21054104409829455       0.87528835527838234     
  0.21160170427007435       0.86801112113913481     
  0.21266236444185416       0.85880251732845370     
  0.21372302461363402       0.84984125126718935     
  0.21478368478541382       0.84306989589151471     
  0.21584434495719362       0.83880119746901327     
  0.21690500512897348       0.83609289719657831     
  0.21796566530075329       0.83372294997966412     
  0.21902632547253309       0.83081464552973183     
  0.22008698564431295       0.82690871412162692     
  0.22114764581609275       0.82191916036288948     
  0.22220830598787256       0.81633811828320713     
  0.22326896615965242       0.81163488646750193     
  0.22432962633143222       0.81005697308638702     
  0.22539028650321202       0.81293577335245559     
  0.22645094667499188       0.81915429865197786     
  0.22751160684677169       0.82629335366719925     
  0.22857226701855149       0.83266024582348686     
  0.22963292719033135       0.83757209167925484     
  0.23069358736211115       0.84074557618090495     
  0.23175424753389096       0.84211092842829605     
  0.23281490770567081       0.84195446363097970     
  0.23387556787745062       0.84087190115428023     
  0.23493622804923042       0.83938648735196197     
  0.23599688822101028       0.83768133267890987     
  0.23705754839279009       0.83591185294216941     
  0.23811820856456989       0.83485412794546199     
  0.23917886873634975       0.83581408465058338     
  0.24023952890812955       0.83931980965352337     
  0.24130018907990938       0.84432053703766385     
  0.24236084925168921       0.84920896247507316     
  0.24342150942346902       0.85306988038174447     
  0.24448216959524885       0.85564365162611300     
  0.24554282976702868       0.85668985756414950     
  0.24660348993880848       0.85583909371838685     
  0.24766415011058832       0.85312548458128368     
  0.24872481028236809       0.84975793404559197     
  0.24978547045414790       0.84726885094852278     
  0.25084613062592775       0.84520221747463298     
  0.25190679079770756       0.82831080152591696     
  0.25296745096948736       0.80135964765932000     
  0.25402811114126722       0.80722143008877689     
  0.25508877131304702       0.83143439663155294     
  0.25614943148482683       0.84421672521151891     
  0.25721009165660669       0.84975951195287325     
  0.25827075182838649       0.85270126869856810     
  0.25933141200016629       0.85377806600193873     
  0.26039207217194615       0.85406161686671500     
  0.26145273234372596       0.85510494818920724     
  0.26251339251550576       0.85904606181126919     
  0.26357405268728562       0.86680012805764761     
  0.26463471285906542       0.87660370003075239     
  0.26569537303084523       0.88565132161914684     
  0.26675603320262509       0.89252585332073653     
  0.26781669337440489       0.89747279139397773     
  0.26887735354618469       0.90117996856681792     
  0.26993801371796455       0.90423417980687748     
  0.27099867388974436       0.90700296608635567     
  0.27205933406152416       0.90922904342688804     
  0.27311999423330402       0.91203528530623457     
  0.27418065440508382       0.91208863102498683     
  0.27524131457686363       0.92241325512054995     
  0.27630197474864349       0.87327869911593070     
  0.27736263492042329       0.78975304601409591     
  0.27842329509220309       0.80074890448067271     
  0.27948395526398295       0.80631120698122305     
  0.28054461543576276       0.80617658046669893     
  0.28160527560754256       0.80843969164577334     
  0.28266593577932242       0.80866539856346109     
  0.28372659595110222       0.80896119996514260     
  0.28478725612288203       0.81045103070280211     
  0.28584791629466189       0.81263171785452171     
  0.28690857646644169       0.81453343579978377     
  0.28796923663822149       0.81546884619228288     
  0.28902989681000135       0.81528735243692119     
  0.29009055698178116       0.81391443897757965     
  0.29115121715356096       0.81118046929198340     
  0.29221187732534082       0.80770669000773132     
  0.29327253749712068       0.80543866524657182     
  0.29433319766890043       0.80493642183396918     
  0.29539385784068023       0.80354903472274297     
  0.29645451801246003       0.79928589784376625     
  0.29751517818423989       0.79297977013975129     
  0.29857583835601970       0.78489021248964874     
  0.29963649852779950       0.77444511253811377     
  0.30069715869957936       0.76419704667944321     
  0.30175781887135916       0.75836602446615731     
  0.30281847904313897       0.75798927357273516     
  0.30387913921491883       0.76101998561585082     
  0.30493979938669863       0.76490628160299412     
  0.30600045955847843       0.76926274077004075     
  0.30706111973025829       0.77958857810055016     
  0.30812177990203815       0.80500684423872126     
  0.30918244007381790       0.84400713260845839     
  0.31024310024559776       0.87546438649047875     
  0.31130376041737762       0.88355253795379418     
  0.31236442058915737       0.87718769163929067     
  0.31342508076093722       0.86938156828049884     
  0.31448574093271708       0.86555184199206892     
  0.31554640110449683       0.86538397251619337     
  0.31660706127627669       0.86550085282307132     
  0.31766772144805655       0.86605927460167309     
  0.31872838161983630       0.86992238678941547     
  0.31978904179161616       0.87732922465334995     
  0.32084970196339602       0.88582395657032997     
  0.32191036213517576       0.89273537842943773     
  0.32297102230695562       0.89673045870562951     
  0.32403168247873548       0.89918521109936134     
  0.32509234265051523       0.90395289912652699     
  0.32615300282229509       0.91244270575145159     
  0.32721366299407495       0.92130307230103248     
  0.32827432316585470       0.92794554586316735     
  0.32933498333763456       0.93281708609875635     
  0.33039564350941442       0.93601453447478311     
  0.33145630368119416       0.93639412721191317     
  0.33251696385297402       0.93381657661502615     
  0.33357762402475388       0.93047033378123534     
  0.33463828419653363       0.92894882957642899     
  0.33569894436831349       0.92903444534403146     
  0.33675960454009335       0.92813401020930464     
  0.33782026471187310       0.92503736460343766     
  0.33888092488365296       0.92220005060493881     
  0.33994158505543270       0.92667938179930065     
  0.34100224522721256       0.94174726690834443     
  0.34206290539899242       0.95600469013339473     
  0.34312356557077217       0.96061447088776364     
  0.34418422574255203       0.96065847407924998     
  0.34524488591433189       0.96130408565602854     
  0.34630554608611164       0.96183647740384082     
  0.34736620625789150       0.96108836376372198     
  0.34842686642967136       0.95998724680204983     
  0.34948752660145110       0.96013712854539079     
  0.35054818677323096       0.96396791896764777     
  0.35160884694501082       0.97177422289122783     
  0.35266950711679057       0.97963722213557058     
  0.35373016728857043       0.98515943149388951     
  0.35479082746035029       0.99110323275979773     
  0.35585148763213004        1.0012218533021220     
  0.35691214780390990        1.0120041631152270     
  0.35797280797568964        1.0153857064672440     
  0.35903346814746950        1.0116563252075677     
  0.36009412831924936        1.0090858455788516     
  0.36115478849102922        1.0165244678180496     
  0.36221544866280897        1.0342937621838706     
  0.36327610883458872        1.0511053251456701     
  0.36433676900636858        1.0509672144585784     
  0.36539742917814838        1.0243373171896479     
  0.36645808934992830       0.97882897312696526     
  0.36751874952170804       0.93457765837740669     
  0.36857940969348790       0.91101774233049704     
  0.36964006986526765       0.91060850013142025     
  0.37070073003704751       0.92210187418978751     
  0.37176139020882731       0.94210614128325498     
  0.37282205038060723       0.97007963604551106     
  0.37388271055238698       0.99150568200607136     
  0.37494337072416684        1.0071516343110964     
  0.37600403089594658        1.0311618232253121     
  0.37706469106772644       0.99088209559902163     
  0.37812535123950625        1.0261755970224089     
  0.37918601141128616        1.0110735411022034     
  0.38024667158306591        1.0046184904566964     
  0.38130733175484577        1.0017294758481139     
  0.38236799192662552        1.0019367577249274     
  0.38342865209840538        1.0036501816843246     
  0.38448931227018518        1.0067461032285512     
  0.38554997244196509        1.0121741079867255     
  0.38661063261374484        1.0165301167342791     
  0.38767129278552470        1.0158435720460035     
  0.38873195295730445        1.0128328202314716     
  0.38979261312908431        1.0112852944163913     
  0.39085327330086411        1.0108756881253005     
  0.39191393347264403        1.0102551149770713     
  0.39297459364442378        1.0092568849819483     
  0.39403525381620363        1.0085542100187954     
  0.39509591398798338        1.0088186822569432     
  0.39615657415976324        1.0106060055492483     
  0.39721723433154305        1.0140575352431844     
  0.39827789450332296        1.0183071960707930     
  0.39933855467510271        1.0226004930731944     
  0.40039921484688257        1.0266364957951455     
  0.40145987501866232        1.0294047384910885     
  0.40252053519044217        1.0304357478309509     
  0.40358119536222198        1.0308639668493653     
  0.40464185553400189        1.0314325646920994     
  0.40570251570578164        1.0315017617739326     
  0.40676317587756150        1.0305735649871224     
  0.40782383604934125        1.0292087619891412     
  0.40888449622112105        1.0282159620982481     
  0.40994515639290091        1.0276886016845492     
  0.41100581656468071        1.0267925562626035     
  0.41206647673646057        1.0198424074163306     
  0.41312713690824032       0.98853847591693045     
  0.41418779708002018       0.98361943382268957     
  0.41524845725179999       0.98055166470370758     
  0.41630911742357984       0.97961288706823380     
  0.41736977759535965       0.97982676893447096     
  0.41843043776713951       0.98067604639690387     
  0.41949109793891926       0.98119452464246559     
  0.42055175811069911       0.98034746432830489     
  0.42161241828247892       0.97679494269643330     
  0.42267307845425878       0.96022448473791355     
  0.42373373862603858       0.90299158809172764     
