   1.2500000000000000E-003   7.0815500000011280        3.2130672543641449E-113   0.0000000000000000        2.5000000000000004       0.35303005697899503     
   3.7499999999999999E-003   7.0815500000011280       -1.6537219241372726E-106   0.0000000000000000        2.5000000000000004       0.35303005697899503     
   6.2499999999999995E-003   7.0815500000011280        4.8645788203578576E-101   0.0000000000000000        2.5000000000000004       0.35303005697899503     
   8.7500000000000008E-003   7.0815500000011280       -1.6942440621379473E-099   0.0000000000000000        2.5000000000000004       0.35303005697899503     
   1.1250000000000001E-002   7.0815500000011280       -1.5137708904037627E-090   0.0000000000000000        2.5000000000000004       0.35303005697899503     
   1.3750000000000000E-002   7.0815500000011280       -2.7861487852056384E-087   0.0000000000000000        2.5000000000000004       0.35303005697899503     
   1.6250000000000001E-002   7.0815500000011280        8.0477262707206003E-086   0.0000000000000000        2.5000000000000004       0.35303005697899503     
   1.8749999999999999E-002   7.0815500000011280        3.3156780853627898E-077   0.0000000000000000        2.5000000000000004       0.35303005697899503     
   2.1249999999999998E-002   7.0815500000011280        1.5668817451500870E-073   0.0000000000000000        2.5000000000000004       0.35303005697899503     
   2.3750000000000000E-002   7.0815500000011280       -3.4735090848980247E-072   0.0000000000000000        2.5000000000000004       0.35303005697899503     
   2.6249999999999999E-002   7.0815500000011280       -1.2369716947453492E-062   0.0000000000000000        2.5000000000000004       0.35303005697899503     
   2.8749999999999998E-002   7.0815500000011280       -8.1777001485259863E-060   0.0000000000000000        2.5000000000000004       0.35303005697899503     
   3.1250000000000000E-002   7.0815500000011280        1.1087190208603562E-058   0.0000000000000000        2.5000000000000004       0.35303005697899503     
   3.3750000000000002E-002   7.0815500000011280       -2.0372327791534102E-049   0.0000000000000000        2.5000000000000004       0.35303005697899503     
   3.6249999999999998E-002   7.0815500000011280        4.8035830512879912E-046   0.0000000000000000        2.5000000000000004       0.35303005697899503     
   3.8750000000000000E-002   7.0815500000011280        6.7869844564784654E-046   0.0000000000000000        2.5000000000000004       0.35303005697899503     
   4.1250000000000002E-002   7.0815500000011280        2.5160190898813085E-034   0.0000000000000000        2.5000000000000004       0.35303005697899503     
   4.3749999999999997E-002   7.0815500000011280       -3.2735900571909511E-032   0.0000000000000000        2.5000000000000004       0.35303005697899503     
   4.6249999999999999E-002   7.0815500000011280       -9.3287090160239707E-031   0.0000000000000000        2.5000000000000004       0.35303005697899503     
   4.8750000000000002E-002   7.0815500000011280       -1.0842418635730510E-019   0.0000000000000000        2.5000000000000004       0.35303005697899503     
   5.1249999999999997E-002   7.0815500000011280        2.5120034366380739E-018   3.6140072416183479E-020   2.5000000000000004       0.35303005697899503     
   5.3749999999999999E-002   7.0815500000011280        2.4160695342445757E-016   5.8000749253407498E-020   2.5000000000000004       0.35303005697899503     
   5.6250000000000001E-002   7.0815500000011387       -3.5779686662588282E-015   5.7345261814378374E-018   2.5000000000000044       0.35303005697899509     
   5.8749999999999997E-002   7.0815500000010854        2.5661699057177795E-014  -4.6769437158666107E-017   2.4999999999999702       0.35303005697899292     
   6.1249999999999999E-002   7.0815500000017533       -3.4410535577086753E-013   6.1988570833662997E-016   2.5000000000003797       0.35303005697901740     
   6.3750000000000001E-002   7.0815500000393783       -2.9755915001056384E-011   6.3497327005355459E-014   2.5000000000330709       0.35303005698175810     
   6.6250000000000003E-002   7.0815499996356444        2.5152785879717774E-010  -5.2277665998332683E-013   2.4999999997203988       0.35303005695773204     
   6.8750000000000006E-002   7.0815500016366393       -9.9670427102890006E-010   2.0301949974300342E-012   2.5000000011079351       0.35303005705391505     
   7.1249999999999994E-002   7.0815499329527967        8.3045596056230644E-008  -1.9997126427664930E-010   2.4999999076894168       0.35303004728612997     
   7.3749999999999996E-002   7.0815492593087637        2.0749446149626971E-006  -6.3767032309554654E-009   2.4999976940758977       0.35302976827977617     
   7.6249999999999998E-002   7.0815498384515116       -1.8703979756800435E-007   2.2140763416424574E-009   2.5000002076641099       0.35303009435725019     
   7.8750000000000001E-002   7.0815621578119856       -1.0633329409997099E-005   2.5782867373056865E-008   2.5000118540095082       0.35303112481243293     
   8.1250000000000003E-002   7.0837443566621037       -1.5386587109514483E-002   1.1844188583797691E-004   2.5494687667815614       0.35990175913194172     
   8.3750000000000005E-002   7.1911313908171275       -2.5147604307089368        9.6213472660272747E-002   52.767026153938687        7.2765563577832744     
   8.6250000000000007E-002   8.3314273595413120       -61.725231348756601        5.2779227915398996        3209.7104954878723        357.60813227028166     
   8.8749999999999996E-002   11.877081057368152       -386.28574614599779        49.620463305572223        32294.794907624368        2181.4648853768631     
   9.1249999999999998E-002   19.471920897790000       -1412.0278014163241        226.37298529470138        154310.49515817023        5227.9000873825944     
   9.3750000000000000E-002   36.712222297269115       -4320.9011952986984        802.19274614497567        553137.88999019540        7901.8931816939621     
   9.6250000000000002E-002   40.743080664919518       -5157.1630994987190        972.30773193252594        683730.48357255280        8485.8079264593707     
   9.8750000000000004E-002   35.855298716362327       -4421.5539660827271        808.39449042278693        592776.59572063014        8674.8134171831989     
  0.10125000000000001        33.507054472356884       -4158.9911686414234        830.14957248685118        571201.45492420066        9037.0492583487248     
  0.10375000000000000        34.624858992136183       -4264.9719211952070        1169.8008580977225        581515.39635231451        8637.7881038271062     
  0.10625000000000000        37.766223980342346       -4446.9805594951358        1755.3593746579081        582577.28652484459        7413.1489517242217     
  0.10875000000000000        41.799134067036348       -4921.0449414862987        2330.4255105477528        638072.13069527503        6780.7343083985961     
  0.11125000000000000        40.709136406949938       -4814.6696040370061        2401.1917935176439        636913.28940154600        6912.0044225853808     
  0.11375000000000000        37.365876815846896       -4420.3542714850573        2121.8868876944648        595883.06287079107        7337.5311517593718     
  0.11625000000000001        37.712449879487494       -4542.2704007816519        1792.2420240112308        600075.00654652272        7529.1135318999768     
  0.11874999999999999        39.652234945717865       -4645.0735154455579        1218.1886806090738        570603.14402743522        7056.7614174480568     
  0.12125000000000000        43.359044133842019       -4748.3280580408828        497.75583047374448        517134.97876919492        5864.4941067183299     
  0.12375000000000000        50.083355140638787       -5341.2346191144979       -53.436857918280168        516682.00147608586        4629.0915107642104     
  0.12625000000000000        54.326404656847281       -5885.8502050668003       -406.98217395926088        537084.26646176097        3989.1543697178126     
  0.12875000000000000        52.254159415738542       -5776.5076805023918       -621.80985488519877        522864.10789921484        3825.1203108832674     
  0.13125000000000001        47.404765145435391       -5279.0428935702294       -676.56980972918961        480443.07409195986        3832.4251244826050     
  0.13375000000000001        42.701157849746622       -4720.4555685833202       -623.32569536138521        434543.29011979810        3959.5962483073640     
  0.13625000000000001        37.878215905708714       -4124.8141171570624       -522.96057964395868        395591.20455306035        4419.2079370046540     
  0.13875000000000001        33.108912702211661       -3544.4956411462481       -396.68121679871427        362086.95743393805        5134.0104728144515     
  0.14125000000000001        29.224687640891680       -3062.4124653405715       -275.59246131106909        330289.86706605589        5766.9584642923719     
  0.14374999999999999        26.930885393636128       -2760.5007408410734       -218.88072462529774        307566.42891926516        6134.1070451899577     
  0.14624999999999999        26.125059174070206       -2637.5288379277836       -217.01785340898272        299478.34514159261        6332.5178074721798     
  0.14874999999999999        25.391207551995365       -2524.0126178461096       -212.15279249908957        292715.48250873259        6552.6405711249354     
  0.15125000000000000        24.332444308944673       -2377.2875364953879       -196.81024181193231        283349.54558796342        6839.5402888119943     
  0.15375000000000000        23.643211709495596       -2277.5875989126394       -197.31806528500636        276717.22577582370        7029.1660925168308     
  0.15625000000000000        23.621467649629295       -2242.4122169819511       -218.45103555205830        272066.43552592024        6969.0409530350025     
  0.15875000000000000        23.931456317144811       -2219.6980214705923       -229.36116756993380        266672.38059662160        6795.7504339238503     
  0.16125000000000000        24.060440407590271       -2165.9910209694390       -196.24657507939551        261819.77527197910        6796.4270466049438     
  0.16375000000000001        24.000357726364090       -2098.4719721154388       -127.19470261650240        259773.24929792687        6987.2385034718509     
  0.16625000000000001        24.088211127288876       -2043.6706006020283       -57.274449540112023        258626.38338991898        7134.8033876247264     
  0.16875000000000001        24.351159840856234       -1988.0169519598908       -9.8547458412826749        253989.30844668564        7097.6882679635073     
  0.17125000000000001        24.359904534651612       -1899.1488133038831        15.998740874597290        243663.80444275300        6963.3998415140404     
  0.17375000000000002        23.860472625810207       -1774.5583385936529        35.507870927917793        229986.96461446508        6872.0997303628119     
  0.17624999999999999        23.186355450555030       -1652.2019676501352        61.805445443342961        218254.56156478656        6870.6911783491787     
  0.17874999999999999        22.817398432101342       -1577.5712242801901        98.584223976615334        212777.03434504016        6925.7784519192464     
  0.18124999999999999        22.940855035185891       -1571.7024563888751        139.14098057151381        215297.48699264595        7019.6172434099653     
  0.18375000000000000        23.305937680161907       -1609.1770948838011        172.80120221766552        222909.41084527137        7153.3417375370364     
  0.18625000000000000        23.211036767724025       -1605.9761834582575        198.35889538169297        226174.74908183189        7314.1183213578715     
  0.18875000000000000        22.017278099579006       -1478.1044692082810        219.68091100661502        215891.95089216396        7502.3162944153901     
  0.19125000000000000        20.521831415150437       -1333.3611150682118        246.69961309917704        205308.32176855131        7821.3965976383051     
  0.19375000000000001        20.894270297206369       -1457.0479296263029        315.16312528859362        232630.18113367166        8588.4854407168950     
  0.19625000000000001        22.394431546608097       -1734.2302932470334        410.94162200329185        282786.85783418856        9460.6921657890744     
  0.19875000000000001        22.392124743324647       -1786.6056301441938        472.15627698502067        299196.79572671081        9956.3904465930100     
  0.20125000000000001        19.898344267005658       -1487.8966178287728        474.94313893206595        262014.32083164289        10087.149795716961     
  0.20375000000000001        17.510385235750054       -1216.8413641522084        465.73548992606993        227579.86043642199        10228.525065701191     
  0.20625000000000002        17.607125981735479       -1305.1056437396780        520.35703032243237        247570.00597551756        10876.909017836804     
  0.20874999999999999        16.836927297532760       -1277.7956718209812        549.15025605642995        252078.46831714793        11560.033992608003     
  0.21124999999999999        14.656275842017692       -1050.7894658203581        509.51832164099881        224994.89319612106        12177.026589711752     
  0.21375000000000000        13.098861202805141       -911.22473503673575        488.09704617466326        210756.27460538212        12975.757244570721     
  0.21625000000000000        12.279264797892331       -864.43018833436975        490.46223509269510        210457.44946742881        13863.653035198451     
  0.21875000000000000        11.402320020065945       -797.05053043075782        477.62250527182800        204615.26727916842        14624.566706828384     
  0.22125000000000000        10.590884318968389       -737.20128331327771        466.28704048158352        200019.13694579332        15494.196124302161     
  0.22375000000000000        9.7108449131761319       -656.75724734945652        456.10888239784731        190358.57510583114        16212.636823020901     
  0.22625000000000001        8.9820709883828496       -578.75616591281323        440.80491464667915        177160.97797201961        16443.705028757755     
  0.22875000000000001        10.032149611697655       -796.17736234830647        512.11922990396340        223784.09872307305        17854.545218022889     
  0.23125000000000001        14.219483667778242       -1664.8284007492637        777.84686096061944        410341.75775354961        20507.552547323085     
  0.23375000000000001        16.800773451620898       -2190.9113488214116        959.98365077337041        511426.51970519149        20305.423794154882     
  0.23625000000000002        16.992281929940930       -2144.0878031706366        1007.7858998262403        482956.04214249877        18702.627988003023     
  0.23874999999999999        17.428270914212590       -2186.7088141013719        1067.2095491667019        481805.30400870903        17898.975165602889     
  0.24124999999999999        17.704360753852562       -2213.0097440127383        1122.3663251384264        480951.58445691597        17344.005467990955     
  0.24374999999999999        17.801505949957601       -2152.5762588555381        1168.6513960181642        453754.83257678879        16023.844622983766     
  0.24625000000000000        18.817482779085740       -2236.4574048580289        1268.4686207301791        446237.45738676580        14379.333977316397     
  0.24875000000000000        20.517922785275761       -2451.8538050784982        1412.4807995118385        460921.94029692170        12954.889657199508     
  0.25125000000000003        21.751100625311672       -2628.1846785231255        1531.0312844809191        475484.96137061738        12083.048168454628     
  0.25375000000000003        21.398426375605013       -2641.9146468434528        1547.4235422863312        486345.34907084575        12491.811821188132     
  0.25625000000000003        18.594282899355122       -2360.9137244040121        1385.7601650290414        478643.01692838158        14903.660556034069     
  0.25875000000000004        14.420691964323328       -1850.9726642403630        1108.4864233561402        438003.40252807736        19181.386097751496     
  0.26125000000000004        11.975899536284862       -1525.3038669175739        943.57481688025132        401601.30662365537        22319.382335716567     
  0.26375000000000004        12.595569785170884       -1603.2793622651143        995.70289932115088        402426.33488708700        20723.971671828152     
  0.26625000000000004        14.650200262370165       -1855.2875231950366        1145.7257637140247        415133.09083536523        17259.569626399672     
  0.26875000000000004        16.151799820649508       -2013.2916819528318        1252.7815864117356        415068.19605593686        14921.367498873848     
  0.27125000000000005        16.315536023159439       -1984.8210768235031        1261.7860813138338        397252.27663562039        13958.002481881400     
  0.27375000000000005        15.591621056990581       -1832.9837001959136        1204.4326864587104        366196.40392988280        13592.637927345408     
  0.27625000000000005        14.900755213167582       -1688.5600935643297        1151.9613980725974        337082.68247298209        13212.756392683021     
  0.27875000000000005        14.488356442517828       -1596.7222575214319        1122.3597711140169        317065.28875937470        12810.807173772047     
  0.28125000000000006        13.701159538195274       -1477.5947787296568        1058.9074033326708        294459.48950710008        12689.795113492315     
  0.28375000000000006        11.584881012085102       -1220.8335321762559        882.99084443945253        254910.02130528053        13546.351233696563     
  0.28625000000000006        8.2407781751601856       -851.88943131884344        607.32186544742399        206070.90783431058        16947.426190366026     
  0.28875000000000001        4.6992160167888972       -480.70304022164282        318.52472867295995        163800.11787785537        27327.605344841082     
  0.29125000000000001        2.0194737491440939       -204.52371664091183        101.58745807191795        134941.57619493891        60426.537338220594     
  0.29375000000000001       0.77037342534867537       -78.723365404915427        1.8363147484755351        123768.26715741439        155436.00054730495     
  0.29625000000000001       0.67363964203040927       -68.659452387168784       -5.0675633940676210        122173.48761662244        176140.81285198248     
  0.29875000000000002       0.85547193869727423       -86.184573580972085        10.625561257225380        121475.52633527030        136846.33881148670     
  0.30125000000000002       0.75595787866098929       -77.734936912585908        8.3275795210704135        120725.48855324794        154351.04644543197     
  0.30375000000000002       0.55331098657763200       -56.742040958755119      -0.52782168554544928        118391.34490523831        208710.19704978808     
  0.30625000000000002       0.62294152305601735       -64.761425105996580        8.5989570802313953        118522.96035442381        184764.19702053879     
  0.30875000000000002       0.91188458308689091       -95.297213748517578        31.995125595956370        119111.58711548099        124545.06924900244     
  0.31125000000000003        1.1318316924524296       -119.61461756915878        52.724508258562750        118835.52605707322        98324.608377373675     
  0.31375000000000003        1.1917904169326836       -127.41056496995716        65.051829211257882        116971.37238377325        90943.397750080272     
  0.31625000000000003        1.1879741921145159       -128.37647756277335        71.400785017140990        114765.22282997967        88960.793260429593     
  0.31875000000000003        1.1376646681793328       -125.57690814050457        68.909851002455866        112543.79151614502        90998.817777388482     
  0.32125000000000004        1.0224994171110320       -118.19603785901505        57.854634418002277        109524.18087382751        98832.310057746072     
  0.32375000000000004       0.92669226008855143       -117.15910235172969        50.487510271217900        108119.92379670400        107196.92410746732     
  0.32625000000000004       0.93426412240224610       -130.72419993572160        56.630417654958116        111723.39833978226        107958.19637780297     
  0.32875000000000004        1.0537754024366019       -159.75867942501174        75.586426895647605        120936.17854258433        100699.93581336898     
  0.33125000000000004        1.2194503073608902       -190.83807023711432        103.57341135549896        130096.27220590151        90832.054476501580     
  0.33375000000000005        1.2202696170021021       -190.31920196742450        112.60540260914982        131924.12082191947        91690.393785870867     
  0.33625000000000005       0.94966690121464947       -150.64964087092693        80.241123326841389        124277.36358041933        114712.14388370056     
  0.33875000000000005       0.61350552406792636       -112.65420317819323        44.087461454239488        121268.01476786632        178223.20810641552     
  0.34125000000000005       0.54784757855979527       -117.77428422598170        70.371029761900090        137972.12096001150        220486.86836625528     
  0.34375000000000006       0.68351875785654181       -141.75659685485277        146.59420803305608        165902.94283451588        198214.45609797252     
  0.34625000000000006       0.70929940986833606       -140.51780291295742        187.53508037230853        182486.05525950826        202700.80663240456     
  0.34875000000000006       0.70023210193863306       -129.02707419043611        204.31000487130427        183615.00563556227        202677.48952918718     
  0.35125000000000001       0.86222261271707457       -138.53316897161733        240.26945948066907        186274.86964409705        164306.43727478280     
  0.35375000000000001        1.1254879540092677       -154.64395312453181        283.22670501050942        185990.39940749819        124150.17177936560     
  0.35625000000000001        1.2315947125646909       -147.00305853689670        296.72507818403056        179440.67126493514        109551.39030952910     
  0.35875000000000001        1.1339276348782641       -122.37326270070106        292.16608432260750        176438.07986004374        116581.77242414768     
  0.36125000000000002       0.98828716757253443       -97.868636612458658        297.31694092577931        179387.50486271668        131357.67216880800     
  0.36375000000000002       0.94801430761913696       -87.617353299632853        326.18724812471493        190069.90763600852        137028.22502311823     
  0.36625000000000002        1.0352974161210462       -96.233174092550200        378.67638909848483        209277.05469287280        130929.59899184181     
  0.36875000000000002        1.1389603080340165       -116.27425868207986        436.75599418437133        235279.10163999864        127838.34221277595     
  0.37125000000000002        1.2342846629972619       -148.98953422951899        500.00877484675044        273189.20403481158        131995.65295107555     
  0.37375000000000003        1.3290876611669837       -172.34399245438544        550.45540268195680        306675.73551937175        136569.87507789169     
  0.37625000000000003        1.3968721115847338       -179.45516041781354        568.01809593782718        316092.36697193701        135357.34865776240     
  0.37875000000000003        1.4227954102421467       -185.36585575146376        568.36906863501792        315835.32621947431        133705.89760665887     
  0.38125000000000003        1.3296964460135778       -178.03373556164451        533.33500938248494        306515.53745035885        141113.36348644271     
  0.38375000000000004        1.1424361603776658       -153.40917788634414        470.53581304972147        292940.41980730620        162582.75073096558     
  0.38625000000000004       0.98304853785504909       -128.33273359315967        418.84817620881847        284663.59398864745        190283.06122570526     
  0.38875000000000004       0.92950428420138798       -115.44234081147309        407.32032047194070        284199.78130439366        202026.53566028390     
  0.39125000000000004       0.94770664439675212       -112.32998043039967        430.65613892964433        292676.83871462627        198553.51292377536     
  0.39375000000000004       0.93671920915370677       -105.30245347699056        444.92482861675012        298017.33211121603        199027.43455247249     
  0.39625000000000005       0.85558097451177995       -89.498385184090466        418.85831155175316        290682.63730780536        214443.14026072566     
  0.39875000000000005       0.77558496446765191       -71.521830340496010        374.97829727126890        273876.96788699902        231995.64109362051     
  0.40125000000000005       0.76273851380149749       -60.684343057598689        349.83636894267073        259699.31566055724        232134.04508987666     
  0.40375000000000005       0.78704041084903498       -57.604900165974158        341.98135354773592        251634.16497321526        222641.60682762641     
  0.40625000000000006       0.79229487212180261       -57.747764065032030        331.62110535115147        244110.76387315302        217854.44680733955     
  0.40875000000000006       0.75328494875857399       -56.895159576866760        311.11716681546852        235802.97082858544        224890.30577795400     
  0.41125000000000006       0.67792676570907462       -49.559034408212412        288.00529913400749        229504.41499217876        245625.25850745480     
  0.41375000000000006       0.60963055936261790       -37.107799845776462        275.59908096446719        227496.96079265233        269133.14875098557     
  0.41625000000000001       0.58357114545963351       -28.163416547115684        277.18317407036847        228393.34378959751        277405.53527177940     
  0.41875000000000001       0.59548334629059119       -25.226258135487818        287.53078578542647        230661.36023932853        269880.78969630948     
  0.42125000000000001       0.67251202087987416       -33.384105951477949        325.03040805719223        240987.86546954996        240314.46466336719     
  0.42375000000000002       0.85765578323802916       -61.537213065245915        396.25207888088784        255578.60351451710        188692.50852189472     
  0.42625000000000002        1.0697189403039042       -98.776385333846662        467.95816138493507        274359.45096699230        156529.67838763012     
  0.42875000000000002        1.1804958386156486       -116.13657146404189        497.80939120346602        284806.92254676484        147507.75173499680     
  0.43125000000000002        1.1720116882229297       -104.68062497053258        495.18673268898857        284212.08874424483        149253.21936257347     
  0.43375000000000002        1.0841755286794506       -83.534255063196667        474.04730681976832        272436.51245780912        152725.88330509394     
  0.43625000000000003       0.97001197072658374       -79.361717213418302        442.98421237670516        249992.24632866035        150096.01286844708     
  0.43875000000000003       0.93721247092234428       -92.825304135140641        423.38597411199265        229910.48269478977        138369.07768215638     
  0.44125000000000003       0.96813424078770072       -108.49884547669421        421.16057623856818        220718.62875637662        127081.18192879978     
  0.44375000000000003        1.0385450635339444       -123.70376828790209        445.13188903058744        221858.49948424503        114676.71846895896     
  0.44625000000000004        1.0505215879810492       -127.86714101842007        454.76607153755936        219069.09647088326        107426.77986680188     
  0.44875000000000004        1.0410731328994483       -124.66054510303753        454.03909701245107        215164.04274187540        104403.16867931306     
  0.45125000000000004        1.0175388136209209       -117.39971120920501        440.73975415861707        207997.60317352178        103950.21964359222     
  0.45375000000000004       0.98581490581988707       -110.07780665359383        422.24117035418766        198958.00808017910        103859.00666269501     
  0.45625000000000004       0.99481772431081050       -101.34160874475745        415.80441250547653        197971.47779608474        106464.41616347303     
  0.45875000000000005       0.95869650533136519       -109.74048053464823        387.83098606156153        190240.35529127019        110058.70048366042     
  0.46125000000000005        1.0012351561244828       -113.66057808579232        402.16481702606029        208843.98024306595        121474.03750725300     
  0.46375000000000005       0.88815795052780511       -138.19429798651754        351.84263417164652        195185.11418975150        129191.92235937867     
  0.46625000000000005       0.42829008736611507       -157.43617237578394        218.63050881401162        118660.50677141384        79202.992590168520     
  0.46875000000000006       0.29930354894486771       -137.35623329681761        160.99830260944594        92454.647189737865        58922.257635966074     
  0.47125000000000006       0.30181422411532255       -131.11362625841360        162.55836116969493        90689.974491234796        61075.978487216969     
  0.47375000000000006       0.24107936127239471       -100.65524748719088        131.94843619746914        70754.968594869541        56549.728843154626     
  0.47625000000000006       0.26607227010357792       -110.16364324428329        140.78832225467329        76007.369491534162        59958.982408643758     
  0.47875000000000001       0.24710611185101519       -100.77710290498888        132.60400503618843        70527.386250479773        58266.320566590861     
  0.48125000000000001       0.24500525800438452       -97.368351175222642        129.69019772058289        67688.025758289761        57204.551976148512     
  0.48375000000000001       0.23620128523666861       -91.261964186581281        126.33359253386892        64159.824633487064        53954.385838643400     
  0.48625000000000002       0.24184882235578467       -91.311311719914244        128.88693626169601        63811.308435441839        50570.143180366664     
  0.48875000000000002       0.24887698873068259       -92.328818909127676        132.47026088402373        64008.511629500543        46718.867281401166     
  0.49125000000000002       0.28062924803134548       -105.94360505661788        148.55254651981278        71837.253801652696        44616.602484189665     
  0.49375000000000002       0.33103234441606244       -129.84769274395646        173.43196301940046        85463.278032364382        43999.530586239271     
  0.49625000000000002       0.36674832415627800       -147.15091564407197        189.96720459257494        94835.035785547210        43940.034526025833     
  0.49875000000000003       0.35990078405060011       -142.79852088570627        185.36516934760496        91913.442091123768        44035.751295430011     
  0.50125000000000008       0.33406980746107506       -128.50924503243431        171.62295373965526        83538.390791795406        44112.954119807240     
  0.50375000000000003       0.32366100822214300       -122.06108587049793        165.43743843291162        79807.094834114279        44829.864857721521     
  0.50625000000000009       0.32900187553684546       -124.25571039574737        166.33743045067618        81040.257930656546        47195.863314261500     
  0.50875000000000004       0.33568463643128421       -127.73855995676068        167.59468686428386        83105.220529855869        50535.812590820009     
  0.51124999999999998       0.34171565919735153       -131.09407351727015        168.63346496439436        85007.492783431866        53412.369878203099     
  0.51375000000000004       0.33064059432435960       -128.07074047008064        161.43918237340307        83595.947334171069        58613.830105773377     
  0.51624999999999999       0.27311765087306200       -104.60553841090746        131.90248944813837        71323.015109467655        71176.434311856559     
  0.51875000000000004       0.20844109031010455       -75.265291850781523        96.928399903423625        54778.318979940290        89488.377133422095     
  0.52124999999999999       0.19507152325919758       -65.278070946827341        84.038171693152805        47701.032716449488        95742.841330682437     
  0.52375000000000005       0.18952264314480044       -58.422855552428267        76.349365222946744        42960.143642979019        98018.001719531370     
  0.52625000000000000       0.18197695611472553       -50.766770742016618        69.664430867739057        38348.934623186011        98546.370462730483     
  0.52875000000000005       0.18408155181361802       -46.583337631989536        65.242826301130890        35165.087774847052        96202.719659383089     
  0.53125000000000000       0.19549468045641963       -44.879211752231271        63.300269603826834        32527.311608812743        87612.318741604089     
  0.53375000000000006       0.22242211852992722       -48.832719233983404        68.702196805883332        33074.999300846066        76898.631728236127     
  0.53625000000000000       0.25421483919626697       -56.153312647611337        78.716601601588152        35804.177552256442        68505.867038884637     
  0.53875000000000006       0.28436561033503366       -63.458509293499517        88.287191550201229        38153.758492032022        61075.679136209343     
  0.54125000000000001       0.30566942535645564       -69.379071353179967        93.104910365886226        38631.914436519954        54237.388166682060     
  0.54375000000000007       0.31237084923668790       -73.543627418192003        90.956512665295250        37352.450863197126        49468.752758083006     
  0.54625000000000001       0.29403162914241959       -72.623700264871758        80.430599494682269        33852.417171338529        47215.993526203143     
  0.54875000000000007       0.25857064784993439       -64.293276788583597        67.671376458274963        29914.828080690026        50533.021462831843     
  0.55125000000000002       0.22561462648900485       -54.260497986739963        57.300936206686409        27084.770259109275        58876.335569084018     
  0.55375000000000008       0.18923187768464564       -42.700078353622871        46.337690632085092        23550.644940624272        69013.770027339822     
  0.55625000000000002       0.17921848276171370       -40.293363572536293        40.272781767528372        22873.091904344754        77104.965234644318     
  0.55875000000000008       0.24192188678510196       -67.711286898255594        36.140955124160612        34856.733597205093        93754.819529486806     
  0.56125000000000003       0.34068508037718037       -102.09818080538814        21.213948646965427        49134.328635687998        97377.923598774942     
  0.56375000000000008       0.37515625884094528       -94.948010097754462        9.6357731131576081        42983.952489576332        82219.198710246215     
  0.56625000000000003       0.41654896018305065       -97.401810904274214        1.9856166266229651        37549.017428769192        62793.417037685511     
  0.56875000000000009       0.47233655195294405       -113.02595355579886       -5.2597474309937731        38093.658992142242        51957.272546088716     
  0.57125000000000004       0.53816814530095014       -122.29227005471482       -3.6802612514376385        40231.949427770101        48915.266652209160     
  0.57375000000000009       0.57880961996987734       -122.88562068691456       -2.5915199910104749        40169.152152662529        46852.333661766315     
  0.57625000000000004       0.58638224673657358       -117.55638866504640       -2.8126454910946133E-002   39653.739685242588        47528.791237959769     
  0.57874999999999999       0.57827499126343362       -109.31800880113310        4.7651613184097030        39242.894534058527        49959.687176185646     
  0.58125000000000004       0.55539403156696743       -99.895589945487870        9.3606819062862865        39304.005136595690        54450.160364833770     
  0.58374999999999999       0.52536174340917563       -88.588453999488735        12.214942026116578        38851.351092476871        59464.344274391646     
  0.58625000000000005       0.48352125541191193       -76.268675070944255        10.544772591569593        36886.527095739017        63609.179127675634     
  0.58875000000000000       0.42293424284820885       -68.973202539435889        3.8139500413665606        33598.546347250624        66102.914419277222     
  0.59125000000000005       0.40251413312026496       -69.690537825151978       -2.7269894458764385        34002.842316829425        69464.792289357807     
  0.59375000000000000       0.41453209914605693       -72.316530225359315       -8.8369778616932670        37126.554594548674        74118.336186731496     
  0.59625000000000006       0.27947468781466500       -69.418305869110441       -18.445628156940721        27762.392917098037        66311.271779040806     
  0.59875000000000000       0.25517017818251225       -59.463328998755806       -18.605056688288453        25073.932500139123        68453.040019254782     
  0.60125000000000006       0.26705315940582885       -59.728130833196687       -18.701481870256238        25829.740025235653        69258.229520770881     
  0.60375000000000001       0.24981896902048539       -54.207498892276448       -19.203354732616905        23592.350667119816        67941.654101689608     
  0.60625000000000007       0.25898692254862699       -54.174545275635204       -19.897626610809649        23442.796614147315        65688.112411242299     
  0.60875000000000001       0.25719702986104409       -51.295162503704965       -19.988877286309624        22248.089618639315        63594.078037044470     
  0.61125000000000007       0.27138781156112146       -54.612008563618680       -21.895456316523806        23625.536222267714        63552.693786751435     
  0.61375000000000002       0.29313589244512206       -60.929103919747021       -25.401981209734341        26434.139125004061        64821.066002884734     
  0.61625000000000008       0.30936077576396287       -64.290322568786863       -28.468434209296746        28431.641847694147        66076.446103290044     
  0.61875000000000002       0.30049574505065807       -58.719686279572940       -28.000493845359859        26977.270607961382        66342.120593171188     
  0.62125000000000008       0.27696041691184764       -49.326416061514543       -25.270257899929842        23992.570932368944        66606.007130801343     
  0.62375000000000003       0.25436532575936943       -42.661314762002590       -23.492215203052307        21875.916255993357        67672.677939661458     
  0.62625000000000008       0.23470915636709819       -38.957949597773364       -23.046217209888390        20541.970322584813        68924.934535527747     
  0.62875000000000003       0.21200580937533384       -34.387010611702095       -21.252232130452477        18671.967775301902        69894.347227384715     
  0.63125000000000009       0.19381359992505309       -29.232017347290899       -19.051793459665745        17127.905657315612        72167.528423326919     
  0.63375000000000004       0.18201923023729305       -25.398227497287273       -17.523763965819565        16244.853646933327        74878.500835277606     
  0.63625000000000009       0.17187013675278073       -22.810433193923991       -16.214449633402293        15449.962232418082        76635.926955645220     
  0.63875000000000004       0.15594487766606785       -20.983341989741906       -15.143576199261584        13958.750841531086        75743.089826907933     
  0.64124999999999999       0.13992466030604350       -19.791384844389292       -14.725826073478135        12273.249403833594        72172.341531606522     
  0.64375000000000004       0.13508954079429705       -18.776453445995333       -14.104257935601495        11506.235890326569        70065.021673857147     
  0.64624999999999999       0.13509302149350633       -17.278863180263770       -13.319180281006108        11074.258324575598        68935.156184972031     
  0.64875000000000005       0.13467669841440366       -16.066052747215281       -12.710146378437543        10636.727935372848        67410.908795410694     
  0.65125000000000000       0.13590925017031624       -15.754500636103172       -12.426325561608509        10446.384733781015        65964.484675716507     
  0.65375000000000005       0.14215085009778655       -16.628851501087141       -12.780163332055746        10767.624186547750        64864.161070591879     
  0.65625000000000000       0.15474146433194941       -18.921987839087702       -13.825519174054923        11672.636335962348        63965.445990660934     
  0.65875000000000006       0.17196429040194450       -22.393290348551979       -15.931623866890257        12986.275711756336        62747.037347130026     
  0.66125000000000000       0.18945454582209087       -25.288520125885391       -19.783509480069057        14096.892765777644        60047.103071818659     
  0.66375000000000006       0.19602079447962747       -24.235652482142989       -23.589214068951197        13867.022596058625        55858.509457358305     
  0.66625000000000001       0.18726762017634030       -20.608389790222990       -26.262192596627557        12988.646579058608        53470.017689231376     
  0.66875000000000007       0.17019586430935207       -20.028534506506588       -35.934528323880464        15661.237068486482        62805.420545114604     
  0.67125000000000001       0.15292191319411746       -20.963633602949550       -63.951795355687302        25414.443611143826        69350.633877848668     
  0.67375000000000007       0.18485118585314292       -25.370841110699246       -106.75533316953808        41667.993532956360        49230.013802252040     
  0.67625000000000002       0.22461704913582933       -30.188507328977106       -135.61904858636080        53441.608775474284        46617.024871888716     
  0.67875000000000008       0.24722798116698361       -28.054978348573179       -149.61393532626875        58700.930947190129        47884.926900830826     
  0.68125000000000002       0.29733526090045925       -32.101940646636649       -188.20545523657643        74171.299274364079        43297.184535604458     
  0.68375000000000008       0.42319304971001614       -45.790621635522726       -277.87874415498032        106706.15132309342        30713.833588463367     
  0.68625000000000003       0.46467328886439829       -56.273149460837175       -318.08364157526188        122469.65550261014        21935.970067850252     
  0.68875000000000008       0.52535786302697773       -57.500441280276469       -364.80433005350665        141422.39242728916        22112.667862884795     
  0.69125000000000003       0.65884443231127332       -64.955989215619070       -461.06291422691697        177836.54044319503        20198.004751062890     
  0.69375000000000009       0.77248837189469810       -79.131078247377815       -551.91472376823219        214428.77453911287        17106.226069664572     
  0.69625000000000004       0.83317255286071878       -90.340924561373313       -604.14162921019317        235775.56270190363        14214.586694402073     
  0.69875000000000009       0.91016898988781059       -88.725572868967532       -665.55247229010706        260634.80042134231        14250.898764360791     
  0.70125000000000004       0.84141242615839340       -85.232932236637879       -623.83224454235892        246699.84467849130        13221.731723055060     
  0.70374999999999999       0.82925990377977254       -79.004688542495032       -620.63672477750526        247184.68195884820        13472.270590260776     
  0.70625000000000004       0.91614229011041792       -73.556070638977204       -689.81766947006827        275755.49744474096        14299.508969805805     
  0.70874999999999999       0.97589091001141393       -64.510516070385904       -736.70440774714211        295035.54883053136        15199.050842850189     
  0.71125000000000005        1.0653256872728076       -56.388865915701238       -805.68832688832765        322970.90323989670        15783.073649317195     
  0.71375000000000000        1.1658079873142537       -45.809595657962035       -883.13167364522519        354327.36874622642        16236.852633183700     
  0.71625000000000005        1.3168618344102008       -32.255487551812102       -999.44995776840938        401340.94942207093        16458.017791782437     
  0.71875000000000000        1.4854965204667552       -13.004539588620620       -1129.6840210860466        453942.49200502818        16383.033954971226     
  0.72125000000000006        1.6269562097573207        9.2430839283699981       -1236.9900927377485        496643.55144729838        16207.996474458203     
  0.72375000000000000        1.7527739989699787        35.222823020572108       -1327.5534612198430        531412.34783385706        16153.263642983789     
  0.72625000000000006        1.9460264424594289        71.687831831200953       -1470.1741963225622        588180.03951000713        16196.975724547905     
  0.72875000000000001        1.9558660219683035        85.138844905152183       -1484.8168658695981        595035.09452671488        15120.998939838357     
  0.73125000000000007        1.5230545722962177        41.911721599880181       -1174.4296661016162        472638.50069927331        12645.373684419021     
  0.73375000000000001        1.2377110022134086        20.718340164772059       -962.65674691567165        388188.82864525495        11029.857381788050     
  0.73625000000000007        1.8368065469276633        92.302095967807674       -1422.8158954804017        576129.41221159021        12382.233618237111     
  0.73875000000000002        1.9719497503857077        122.48294511566070       -1524.7947561931692        617948.39660404972        12488.505726178715     
  0.74125000000000008        1.0728862182820935        23.241224673315550       -842.79185420846670        341816.61138918018        9826.5559147282784     
  0.74375000000000002       0.58667862987848718       -9.5194797488659066       -466.96938559773616        189895.66381950077        6775.9138346594473     
  0.74625000000000008       0.59493747544324871       -3.8799189069573679       -474.44303707719894        193286.73719825025        6887.6811246160223     
  0.74875000000000003       0.58520887324561888       -1.0739862368095479       -466.53333073387307        189946.93815849710        6807.5641728746677     
  0.75125000000000008       0.56768588670986686        1.3840062890465690       -452.18707698555897        183888.64797445445        6682.2056584056172     
  0.75375000000000003       0.56841836217807418        4.4274632117717623       -452.24730587996186        183674.82631529952        6594.0378321922708     
  0.75625000000000009       0.56568159087399739        7.7013470376885547       -449.49549350733901        182318.28182965174        6504.2787810050095     
  0.75875000000000004       0.56834909932404631        11.047283207279529       -451.06088256502647        182748.92053324971        6427.4619940854946     
  0.76125000000000009       0.57153041405010740        14.487913856485049       -453.07424443354830        183397.31350348744        6349.5367286093606     
  0.76375000000000004       0.57376423805001642        18.151063815846967       -454.30757582405550        183749.00283180372        6276.2922856733421     
  0.76625000000000010       0.57421673376624971        21.716399140186905       -454.08139521196881        183518.26793149245        6212.7638176038499     
  0.76875000000000004       0.57547550385567803        25.025384780981774       -454.56622036651140        183614.23409660146        6151.2876973906687     
  0.77124999999999999       0.57871318181546527        28.566700562603735       -456.44823482955741        184252.20539224442        6117.0545862335312     
  0.77375000000000005       0.57666602333642536        31.486263988093945       -454.36301171036615        183369.36161656678        6087.3651640481021     
  0.77625000000000000       0.58035912507229082        35.057155180006511       -456.95608827278772        184445.48902581565        6014.2124205360869     
  0.77875000000000005       0.57043557836052705        37.579319354737308       -448.72509607306699        181161.82723620697        6017.0950002431100     
  0.78125000000000000       0.57481498769555495        41.382400420398412       -452.31749183871648        182807.50825508474        5837.2147133855224     
  0.78375000000000006       0.55682284913017832        43.392707724236836       -437.82765502078246        177102.10042195598        5890.9689516017570     
  0.78625000000000000       0.58995022073730574        48.105823645950302       -462.49751504774969        186674.81420082325        5803.2975164029776     
  0.78875000000000006       0.64290848297701408        53.288586409078100       -502.03327430855217        202131.12846212747        6080.5365538141368     
  0.79125000000000001       0.66909829217746142        57.796896185432253       -518.38752063581330        207712.06236341395        6582.0505153129407     
  0.79375000000000007       0.80032253819155830        64.872300940863809       -618.02704282956154        246862.17229692175        7004.4130208401739     
  0.79625000000000001        1.7774968652505998        29.324391048874006       -1316.6378665618010        512523.28133508260        13866.433934586437     
  0.79875000000000007        2.8804475276074859       -81.106288257956194       -2080.9203263262480        806650.50491498294        18694.835159284590     
  0.80125000000000002        2.9523525588890638       -64.868933962598376       -2159.9995727246710        845222.34548984491        18412.596107065867     
  0.80375000000000008        3.1346441100882183       -79.477765997397228       -2293.2688610457235        902672.35492236482        20034.328802164819     
  0.80625000000000002        2.7562198866577576       -66.338004451187444       -2017.0490620531675        804559.16084468330        23838.902226899132     
  0.80875000000000008        2.0305232106905593       -16.245673591367542       -1482.4373007370514        600994.03803253849        29442.029068401702     
  0.81125000000000003        1.6089271302238550        13.440207346107234       -1132.3870845054184        455775.55513138487        35566.494463725292     
  0.81375000000000008        1.3505804598105513        39.675218618966824       -901.55424846845358        355454.38644046150        39956.115985293131     
  0.81625000000000003        1.0202845815544468        35.787657266729866       -639.57733298976177        254433.61078490590        52282.173211752655     
  0.81875000000000009       0.66505745297880559        10.723419438850755       -325.76966164914745        142911.07531480165        94785.235067142901     
  0.82125000000000004       0.81242205283673941       -27.373766809512681       -170.19195407968499        112152.21799955054        115536.67280639638     
  0.82375000000000009        1.0660001916414781       -51.486254325655665       -113.70333954501822        111784.35247914375        98008.422727515892     
  0.82625000000000004        1.0199442350551560       -27.020328033071237       -79.717295842240958        95200.618385049485        89933.756086191730     
  0.82875000000000010       0.98184505162289559       -22.737257065377211       -51.257767802054303        91866.589741383010        91934.413001604218     
  0.83125000000000004        1.0429492260544941       -19.438543985909838       -32.909095167410150        98884.112217691785        94140.497563882222     
  0.83374999999999999        1.1802978832961402        3.4816107660704949       -9.2205055344349400        102843.27588408976        87098.457933020647     
  0.83625000000000005        1.2552274812973365      -0.81639210514465255        23.593078588475713        93466.264337903223        74284.760452853749     
  0.83875000000000000        1.0878563075306251       -23.603600616236950        47.428414673981749        74877.350016602693        67644.401636196257     
  0.84125000000000005       0.82263923391991400       -25.845408101534403        52.823297267134450        63328.186821187279        74426.600003732354     
  0.84375000000000000       0.62724044904252574       -18.913916190430339        50.666693583158434        60753.781922730886        93141.728680216271     
  0.84625000000000006       0.52884766660520577       -12.381691338114720        52.415448717390902        59729.029037204295        107756.11607530898     
  0.84875000000000000       0.57228831607673047       -11.186901549899723        64.633967257422867        59705.892678583499        97759.621505177929     
  0.85125000000000006       0.71912565125859640       -9.3269822844025576        84.697762592319634        61354.682982442784        78298.412957680703     
  0.85375000000000001       0.88488269312341150       -4.6023113497297388        104.79654495918331        63884.848511395241        65169.496249963820     
  0.85625000000000007        1.0080045545512206        1.6068338957865933        122.13197360669955        67054.359680526657        59180.480874659035     
  0.85875000000000001        1.0285187525958053        11.264507249829823        126.93103033812476        70798.174577918951        61159.911128278211     
  0.86125000000000007       0.84914641162287052        14.002858779567564        105.23028370397597        72845.874097577034        77972.533440199593     
  0.86375000000000002       0.54623214030992662        8.1910843853383266        69.544165096386024        73290.976879741953        125958.37827867939     
  0.86625000000000008       0.36367811035706799        4.9638661037744782        54.078365834274337        72733.249234460643        188844.71468440001     
  0.86875000000000002       0.35167615126763574        4.0697268353571969        60.292165165777021        71553.201237034053        188700.14168520042     
  0.87125000000000008       0.37095032238174996        3.5630501306888256        65.572141084609783        68746.348219108346        169655.35516537222     
  0.87375000000000003       0.35388668593005734        3.6086033576215022        63.236245451391710        67023.509064529208        173375.40438152707     
  0.87625000000000008       0.32889330784421295        4.4988455919555399        60.045945695370150        67854.937090800988        189553.51725559324     
  0.87875000000000003       0.32526695037609266        5.4118833554763475        59.418222289829849        68801.052385440154        194698.26464277017     
  0.88125000000000009       0.34337710654467968        6.7584846722935588        60.841119151630366        69469.483339494225        186421.62589400844     
  0.88375000000000004       0.36718294404354412        9.7461876938469274        62.785604747170439        71355.812056521856        179361.61178623469     
  0.88625000000000009       0.37215603935941677        8.7029356014113830        63.720278303694670        70546.978364235954        174631.45153086519     
  0.88875000000000004       0.35303170469271217        2.2398437365921828        64.049029689595514        64898.176615321805        167353.24292920245     
  0.89125000000000010       0.33674718666171788       -2.9208954475126676        66.326795893761442        60236.652702530671        159443.10416005677     
  0.89375000000000004       0.33888901044088893       -2.9955602993416433        71.223241162249920        59657.863152563063        153915.41021710885     
  0.89624999999999999       0.34166464353646714       -2.3926854785865030        75.520054036217942        59332.474501793164        149204.15886994486     
  0.89875000000000005       0.33557544043499965       -5.1418592953155580        75.671787401842593        56038.929181081010        141451.33945216582     
  0.90125000000000000       0.32725922514999956       -7.7901897174652870        74.335022328243724        52860.547609651869        135444.44550324528     
  0.90375000000000005       0.31909216138974411       -7.5770647236751794        74.715909902659547        51691.405836059188        134299.83029204968     
  0.90625000000000000       0.30806685317243021       -6.1989302898238519        75.105397602170186        50972.475717310161        135538.49888231594     
  0.90875000000000006       0.29858776080310495       -4.8283278084514007        74.815802550955354        50575.832387073831        137861.18714565161     
  0.91125000000000000       0.29957891475446030       -3.3829695801909336        74.923933788622719        51691.435653948996        141208.83959714283     
  0.91375000000000006       0.30978809220180481       -1.2407442550949614        76.100029035003217        53849.081102714190        143645.09071568193     
  0.91625000000000001       0.32378651258918167        1.4534897083835159        78.518478947433920        55978.198908410806        143472.74786202222     
  0.91875000000000007       0.33729223216790061        4.5240573151160461        81.548619051215269        57385.717643584096        140819.11636618263     
  0.92125000000000001       0.34851203964040134        7.7256874740855652        84.554536204862671        58138.300290683532        137141.70658343847     
  0.92375000000000007       0.35724740646131020        10.644304524860926        87.112303134152071        58601.966358853846        133863.88435646109     
  0.92625000000000002       0.36483754244296190        13.639286025189381        89.364638982824090        59380.174773749866        132060.35432422857     
  0.92875000000000008       0.37128603781487235        17.069012149875629        91.403954283360008        60741.468645750305        132237.96103873051     
  0.93125000000000002       0.37395160100861152        19.970209943450097        92.688575399905943        62068.252000324996        133835.51445082630     
  0.93375000000000008       0.36941616601592886        20.678471506148128        92.505866597460567        62140.104924644620        135292.16341991650     
  0.93625000000000003       0.36099864969419626        20.376531055804492        92.018620393477732        61579.302956564337        136500.36091441015     
  0.93875000000000008       0.35865084836557098        22.091114188504772        93.145785452389362        62681.408328134101        139147.96672164058     
  0.94125000000000003       0.37313843740531150        27.416752708154789        98.015421471363652        68158.215502397332        145462.65766808906     
  0.94375000000000009       0.38756089959829204        30.124018466708158        103.99097354939084        74411.443144129298        152980.34881282208     
  0.94625000000000004       0.38120327764779255        25.072811284083336        105.62542567130039        74938.167244354001        156032.34539023909     
  0.94875000000000009       0.35967653199288835        15.201701518808122        105.66192339071836        70280.486631154374        151355.78141956375     
  0.95125000000000004       0.35448974528696464        11.638614344560125        109.69579182405352        69962.920824200934        148944.62960422749     
  0.95375000000000010       0.36475394548065543        13.786696333710502        116.27357291752494        73095.445620325117        148874.27707826198     
  0.95625000000000004       0.37509628000514883        14.733754156504332        122.44149039765276        75206.481253876787        146450.44454895097     
  0.95874999999999999       0.38023207199315934        12.097881113260414        125.69993475655615        75071.588714234618        142286.05427018515     
  0.96125000000000005       0.36288325604236898        7.7293702855805630        122.64186180589820        73520.986320795957        145265.27732528083     
  0.96375000000000000       0.34851050005755191        5.5836486879244598        126.18279679093766        74990.079150068676        149499.89133330146     
  0.96625000000000005       0.38115358779126240        2.7370634676579844        149.89346139851904        80079.708028004447        132744.73595409482     
  0.96875000000000000       0.46333876707080052        4.6581052704746995        201.31355341289293        97601.734945870223        116209.79253405578     
  0.97125000000000006       0.47950225744747454       -6.3568660034482596        243.90872847563566        113587.39683228961        107425.25657497175     
  0.97375000000000000       0.53132731053898863       -12.311813628712377        303.47328556693282        136252.62372825277        93057.462270874428     
  0.97625000000000006       0.60057916398808497       -11.157746107901296        332.51101421736746        137050.11723412652        74759.519981008343     
  0.97875000000000001       0.61353846013545410       -24.573722704078502        307.96472443253845        106158.44028592027        46248.285513246388     
  0.98125000000000007       0.59344247931826521       -41.357373896660050        275.30074880813390        82379.686535665227        28784.461009538150     
  0.98375000000000001       0.58179798368293589       -41.596730325691468        263.62354296269871        78798.323523774263        30225.143990235720     
  0.98625000000000007       0.42016843698047401       -32.046599423849685        196.86781679910388        67544.112711047390        48079.021703188628     
  0.98875000000000002       0.22961036834700271       -22.934720930305474        93.816881349455173        41001.295283380910        90106.888778172070     
  0.99125000000000008       0.29539407147449287       -50.646440485015553        79.979198145137289        34592.634753418308        65754.597989889924     
  0.99375000000000002       0.44493834428014029       -80.084527359622058        112.88042935908301        45489.274263187472        53857.422503408699     
  0.99625000000000008       0.50495310728078491       -78.416252054373302        126.68441775440027        54629.495019796392        64657.858154496971     
  0.99875000000000003       0.40360556836112832       -62.061630834385120        106.78286775992041        55377.597422840663        90385.655594643249     
   1.0012500000000000       0.26657319102214994       -41.409474123049378        74.981470606331612        50789.129817803070        138901.79834677195     
   1.0037500000000001       0.21856228616128892       -32.787293564439125        64.728541832925885        50603.258762666606        176421.63565042714     
   1.0062500000000001       0.21797864115322962       -29.975225231093749        68.999402935826083        54470.257248306909        190333.49838820114     
   1.0087500000000000       0.22212156142810507       -26.745451226425601        73.057868558129542        57882.978236802926        199251.57540013874     
   1.0112500000000000       0.22467331849523015       -22.864611742302124        75.548447693256179        61040.251233888048        209970.98915845886     
   1.0137500000000002       0.23931262250389509       -18.004234521383140        79.763735959819627        63554.707345703755        207196.27359244283     
   1.0162500000000001       0.27871345759617661       -12.608934378401194        89.036555984459156        66798.380531798524        187617.62744402437     
   1.0187500000000000       0.33719460680337848       -5.8380561256401453        101.76161954530917        70456.584823686120        163261.14548560962     
   1.0212500000000000       0.39654275371406522       0.56065728654783831        115.17565430662189        74741.516233192509        146301.40715722903     
   1.0237499999999999       0.43515808597786571        5.6284713360996150        125.05492929099653        78430.768664166186        138858.36612995894     
   1.0262500000000001       0.44958033616413967        10.060297385386297        130.65523496438763        81204.147225508874        138142.91210152785     
   1.0287500000000001       0.45071651792030559        14.525615487902027        133.30220007105461        83383.807429717403        140747.59848243705     
   1.0312500000000000       0.44812148245211791        18.744576762423890        133.77280437044575        85168.738518707818        144625.59694165681     
   1.0337499999999999       0.44851743244907960        22.009060447808224        133.65517863240092        86878.062734308711        148096.56396107073     
   1.0362500000000001       0.45570647000076403        24.938201556789430        134.45146375737662        88521.033629334328        149228.55246191763     
   1.0387500000000001       0.46516826464418026        29.336672633273782        136.04686878438139        90317.214828574331        149402.81169830699     
   1.0412500000000000       0.46897141364316403        33.944429762377148        137.23230101156739        91482.834036199056        149637.35334784765     
   1.0437500000000000       0.47010381445171845        37.504523037780558        138.58451676736962        91707.681409726065        148445.06283010158     
   1.0462500000000001       0.47746510277058729        40.879164494785307        141.20024863188308        91009.359801520157        143216.50375848028     
   1.0487500000000001       0.50219525626989314        46.312272425899437        146.41908282328728        90761.044319645065        133973.30932248529     
   1.0512500000000000       0.53235635776595158        52.296959271092391        151.68784995846028        90048.111925840014        123730.38011273832     
   1.0537500000000000       0.58497923439183352        64.969545002089831        167.01524938661834        95396.579393463544        116152.45024942867     
   1.0562500000000001       0.61337762895324310        72.275203828448099        169.85355580377444        94381.236640336429        108588.20842092417     
   1.0587500000000001       0.62334649442196688        76.902936120715111        179.89571021375605        98737.205349025098        109144.36316626899     
   1.0612500000000000       0.60842852025216820        51.080008464410724        180.44959327991035        95299.279049011267        109126.94735228762     
   1.0637500000000000       0.88202856256168005        93.290958371538551        239.63659391205823        138039.00763096468        114001.05085779511     
   1.0662500000000001        2.1113303648536150        222.15272972968114        285.14456034242534        107667.56253125280        36339.724100687476     
   1.0687500000000001        2.7201395858201263        129.31536088854196        224.60188879131630        42032.184093853328        10913.290054849804     
   1.0712500000000000        3.0458980425852293        132.48862534923538        245.60215951605167        40637.305677411299        9144.7381604549919     
   1.0737500000000000        3.3904412991158708        153.79602038239682        274.42505431769030        44735.403139166214        8890.0196163550427     
   1.0762500000000002        3.2176162209719115        122.09819206950344        249.17729759526839        38548.948917844071        8262.0138044200376     
   1.0787500000000001        2.8836762657871358        84.635322995283573        212.59013965409568        31580.735071053241        7803.3877103707127     
   1.0812500000000000        2.8093074670872040        75.198743149123004        204.49454398342283        30029.086721931952        7681.5638154957724     
   1.0837500000000000        2.9094205835944136        82.044621348074884        213.25737932000780        31521.434523545788        7750.2897363050370     
   1.0862500000000002        3.0038839362379006        88.957326981660046        221.94608372236715        33032.080048909891        7828.3613731875539     
   1.0887500000000001        3.0759375498045682        94.008194483618695        228.63675016262573        34207.020217114485        7891.2814702363075     
   1.0912500000000001        3.1759602540634342        100.83344624475674        236.95857741922646        35759.201820544789        7972.0067442990257     
   1.0937500000000000        3.3191320982962766        110.70425958180630        247.84339683608553        37909.452281410639        8077.3816471921255     
   1.0962499999999999        3.4984833731422755        123.59521913712925        260.42986149735827        40555.031504799495        8197.4176368305580     
   1.0987500000000001        3.7109279898686669        140.88228136301794        275.00877870245080        43782.138566224661        8331.5411205876226     
   1.1012500000000001        3.9559364741358611        163.01555029814480        292.87207338559847        47747.905612595787        8480.4106057435311     
   1.1037500000000000        4.1903326151118101        186.04769230043772        311.07655242445736        51731.459686918373        8604.2376407463253     
   1.1062500000000000        4.3458073225647507        202.76093018604817        321.19418530247179        54209.207047934753        8654.2180403563871     
   1.1087500000000001        4.4132812177385965        210.97422507940644        323.01629482185831        54971.497823840531        8634.7698504352138     
   1.1112500000000001        4.4628185482099809        215.02033096989607        323.70249802328919        55306.518492605610        8601.5256905698789     
   1.1137500000000000        4.5397665521384312        213.86080641292656        327.67040985461148        55839.847147329448        8585.7428892879961     
   1.1162500000000000        4.6982314799364708        214.71964252097530        338.22638298605193        57637.844915098525        8632.3499253330883     
   1.1187500000000001        5.0662232859055791        240.26236336614221        359.71837801688395        63206.982266281360        8830.8878342837561     
   1.1212500000000001        5.4419845921863015        274.93121963270738        380.67052092744950        69282.123627714813        9008.3359928857662     
   1.1237500000000000        5.3553689899123338        262.74988406808728        380.29079767553446        67517.695828721247        8882.6039910463678     
   1.1262500000000000        4.9628306107784752        216.27271590968923        368.42144022447417        60818.576896765138        8549.7703140095782     
   1.1287500000000001        4.8962686012825678        205.63204930690807        376.38890815832997        60173.479581434374        8453.0585188313489     
   1.1312500000000001        5.1338839328530579        227.83758464418321        398.77882706403381        64565.966312994278        8574.9114001303369     
   1.1337500000000000        5.1872172214648735        231.24442284981967        400.59569741873571        65116.117918663971        8577.4739587122112     
   1.1362500000000000        5.0499194305514710        214.43504306316771        385.82051052383412        62080.288967640459        8473.1859820393292     
   1.1387500000000002        5.2253268856062496        231.78129158344473        403.44117618362918        65716.473894372190        8612.1458158562800     
   1.1412500000000001        5.6564118719776619        279.31371278999870        447.04232821461210        75070.656312563820        8929.4920205229355     
   1.1437500000000000        5.5159663348849293        264.32493269020472        429.84941997489182        72270.296221477533        8917.4539219473227     
   1.1462500000000000        4.7947757091295156        185.46217668861522        353.08863412838036        57347.964155067239        8500.9914962990897     
   1.1487500000000002        4.4176458142923387        144.73906429185087        313.40860016790339        50012.020006414372        8267.6557362816820     
   1.1512500000000001        4.5375822660913236        154.35535520237630        322.56193149943635        52270.489856551023        8414.2147343808665     
   1.1537500000000001        4.6906836236854019        168.60889346966320        335.44524981542327        55197.115181658846        8564.2930054039098     
   1.1562500000000000        4.7422631765084482        173.90841533243275        339.30259619646563        56254.220701571176        8630.2906700999192     
   1.1587499999999999        4.7919962214622123        179.27650136474335        343.05765179603338        57224.252068740025        8679.2716313081837     
   1.1612500000000001        4.8830103081122775        188.17405781880387        350.33068851612097        58893.054723871770        8744.6191444449414     
   1.1637500000000001        4.9979951394201265        197.87057973211816        359.16044565199883        60902.571132814715        8819.7218461495740     
   1.1662500000000000        5.1199544553285481        206.76383009869744        368.04540927199702        62981.262967709641        8902.0155812393150     
   1.1687500000000000        5.2370391663649212        215.18655671358380        376.44046870115926        65101.148978794416        9003.3439669261952     
   1.1712500000000001        5.3329026886957083        223.13505735823395        383.48417282839330        67236.780656593415        9147.1128041432585     
   1.1737500000000001        5.3891371931875653        229.73564976858364        387.98962264980310        69302.191411294858        9359.3528242541470     
   1.1762500000000000        5.4011534088426663        234.07764830136693        389.44794703065043        71287.686271765531        9659.9574799620314     
   1.1787500000000000        5.3776571362534522        235.75278396051206        388.20735289537652        73280.524601098004        10060.285607813801     
   1.1812500000000001        5.3105731720848848        234.82420666132072        384.33255105060522        75189.524364188372        10562.035759856748     
   1.1837500000000001        5.1810635509423690        231.54540933392059        377.67837936041030        76782.064389953986        11164.212426658161     
   1.1862500000000000        5.0051812149124064        226.56876204130035        369.45054290725938        78093.057112243812        11853.674644379618     
   1.1887500000000000        4.8406976453751200        221.56634156699837        362.52916993227751        79467.449676290606        12564.609556253814     
   1.1912500000000001        4.7464414215603270        218.67962757695932        359.66792108238684        81248.008661759362        13185.311887237081     
   1.1937500000000001        4.7315814958895857        218.69367902526420        361.03104001306923        83457.301269414398        13659.179871553155     
   1.1962500000000000        4.7343183690658091        219.88502996218938        363.25735153885711        85689.721896811825        14077.495824397674     
   1.1987500000000000        4.6693894129324836        219.16445986948381        361.86342758208332        87470.847432005685        14628.420842659434     
   1.2012500000000002        4.5169922834822440        215.36374310036200        355.67731894349265        88732.532419958574        15407.383082784867     
   1.2037500000000001        4.3618655878959380        212.06315837556824        349.03835309785791        89823.991192275018        16209.554454411840     
   1.2062500000000000        4.3553136163732447        217.03068398027568        350.13731238944365        91245.582900195848        16477.300382633992     
   1.2087500000000000        4.6397090799190313        238.20129365202536        367.28656002093823        93510.152431920782        15703.155639246788     
   1.2112500000000002        5.2812439884421725        279.54905082993292        405.18121705304088        97070.617539374303        14036.295495041255     
   1.2137500000000001        6.2407324945299454        339.30682420072611        462.37796772825322        102163.94186078367        12147.783193663296     
   1.2162500000000001        7.3796913311105197        410.23560986293705        530.61209651415231        108528.51905936653        10576.338475932886     
   1.2187500000000000        8.4941311732872311        481.95912607713240        596.76237146001540        115326.53238946345        9499.5317907809967     
   1.2212499999999999        9.4126673380677559        545.35212094060216        649.74602620403573        121788.18179889969        8877.8471688475875     
   1.2237500000000001        10.096137333304151        595.99828633505854        686.98670103741756        127866.04958583663        8607.4142443323326     
   1.2262500000000001        10.570022106947340        633.24531504339586        710.34572837590963        133656.19441798271        8592.0826321601508     
   1.2287500000000000        10.818562786967773        656.38017513039767        719.79390569098814        138865.52406544212        8781.9964726051494     
   1.2312500000000000        10.811886176159970        663.25398839207674        714.18930606650861        143231.61758430806        9184.3153766692994     
   1.2337500000000001        10.568485469386198        653.64121148430468        695.06567873153517        146696.43086280886        9805.2577949817751     
   1.2362500000000001        10.195483671818183        634.21801661873144        668.97010998474673        149308.01340799982        10557.123294415165     
   1.2387500000000000        9.8612107724528499        616.54758817548782        645.19685455439424        151338.29634864174        11251.899943061539     
   1.2412500000000000        9.6682902620958142        607.06357442912656        628.54548912142832        153258.56461107038        11767.217285945540     
   1.2437500000000001        9.5574563535419639        601.43493770731209        614.83534919100862        155184.08166688465        12187.773646172083     
   1.2462500000000001        9.3964772591394681        592.35073073577394        597.12719332927770        156785.04796881432        12679.340937824605     
   1.2487500000000000        9.1846304482753212        581.24458614461923        576.91220117000921        158135.74752602851        13242.245971718507     
   1.2512500000000000        9.0751253440908037        577.05615739080986        563.43506608153109        160007.20189210371        13682.463634231346     
   1.2537500000000001        9.1574554367243639        585.02009212933399        560.43535922784883        162904.00370958584        13875.888600037599     
   1.2562500000000001        9.3075510683443987        598.27926068901354        559.71675674546441        166418.36854404147        14005.885994653145     
   1.2587500000000000        9.3086076808830640        602.55416898040016        549.08695709283199        169580.89981392713        14382.868031079799     
   1.2612500000000000        9.1057339305131819        592.76171150152322        525.38615608285022        171853.16288118841        15089.668274274662     
   1.2637500000000002        8.8681963394846903        579.75619419676002        498.07091716331951        173704.49646925015        15873.242103099992     
   1.2662500000000001        8.7762802640540016        576.98556281224819        478.82403945476005        176233.87670322767        16431.246877992708     
   1.2687500000000000        8.8305896380372388        585.51133448391533        469.05058150145146        179480.95137688942        16716.056963784329     
   1.2712500000000000        8.9626229449159638        597.67178920408548        463.06332501704753        182198.94435788185        16770.622983068009     
   1.2737500000000002        9.2606428845198359        621.41153010879111        462.13404921023562        185875.19634202152        16574.998919642163     
   1.2762500000000001        9.8145325061880548        669.03526250471100        468.44009289446694        192188.23537797073        16119.540649418032     
   1.2787500000000001        10.453913435771145        719.76536979535661        472.02125751690232        196719.09055421094        15428.118419617098     
   1.2812500000000000        11.171411120901670        774.86229362474114        478.13209802809592        201099.07125300594        14679.833352740732     
   1.2837499999999999        12.197667785390429        865.50508624225188        501.46750544968711        211761.66838086658        13998.324623453444     
   1.2862500000000001        13.268941344301783        943.16474691845144        514.50522816329385        217537.95134230953        13116.537627105228     
   1.2887500000000001        14.339371925560043        1001.3752068899821        509.15833623968001        216786.12553890049        12049.453831932949     
   1.2912500000000000        16.056198166014880        1154.4810062785375        527.67600191513441        231776.83527847339        11310.332268146169     
   1.2937500000000000        17.793752541367002        1326.7109930401054        545.99896709070674        251687.10754004680        10894.275373330516     
   1.2962500000000001        18.227451735304012        1318.8701160068692        503.63595754521151        244181.93898310204        10396.944259540738     
   1.2987500000000001        18.586673677197755        1301.1442980024415        457.73875524577500        234787.31913058879        9878.4832212031397     
   1.3012500000000000        20.693618432514992        1535.9840764028695        456.89245344736895        262212.73180146271        9672.7728632744402     
   1.3037500000000000        22.443229837144528        1728.6375680822273        430.06132433301445        282200.74991408666        9424.1403951039829     
   1.3062500000000001        22.157371255517681        1624.7294347902489        354.36644051839198        257380.99467117124        8799.7423550047133     
   1.3087500000000001        21.326518964035486        1439.5414103999801        263.91516280415789        220420.22159128039        7980.7999033087317     
   1.3112500000000000        21.954169677130430        1467.7104317139042        216.57039099318933        214959.87484965191        7507.9577005884094     
   1.3137500000000000        23.132708577286820        1593.9476528968623        199.12916873044290        225082.60869939826        7319.0937977272706     
   1.3162500000000001        23.345939046811264        1613.6850826241919        177.81063363789679        223578.74238626435        7158.9399890960094     
   1.3187500000000001        22.882982169945990        1562.9687213431621        142.28828685313715        214049.03051844033        7002.1111201380845     
   1.3212500000000000        22.756078515372558        1566.3078268732654        100.41047914851029        211314.81962136488        6907.5419863548823     
   1.3237500000000000        23.244444536658815        1655.2348610106669        62.891436325876221        218661.66974975338        6867.9646639293978     
   1.3262500000000002        23.995002881367096        1787.7017788758164        34.249519648135568        231524.44016983346        6872.4870553152632     
   1.3287500000000001        24.500575484498050        1912.3573012701740        11.753225179385566        244992.42886627087        6953.1614008509141     
   1.3312500000000000        24.479710431006424        1998.3799686689592       -15.339472472908833        254778.13859222108        7075.4645448321489     
   1.3337500000000000        24.190556249106109        2052.3612538462889       -60.978054187283462        259129.53465191071        7109.8015173789445     
   1.3362500000000002        24.060027800994604        2106.2426579079261       -127.84639346925371        260309.04305548314        6973.3052842186298     
   1.3387500000000001        24.110654709825692        2174.9549001102523       -196.35125612771463        262838.94572579523        6799.5300180938129     
   1.3412500000000001        24.023430798401460        2233.0838644001228       -232.63682279376883        268605.06152008462        6813.8130217755506     
   1.3437500000000000        23.727811007015088        2259.1315122273172       -224.39844685921386        274780.99718902609        7003.3277212829344     
   1.3462499999999999        23.698127455319046        2291.1965436583673       -201.82866504673893        279259.04831950885        7073.9841665805834     
   1.3487500000000001        24.357580130417023        2386.8253352967445       -198.55907195966424        285164.29703421611        6873.0637977683009     
   1.3512500000000001        25.432888662038835        2530.9986659780889       -213.07844101326532        293750.01063623442        6563.1170448587591     
   1.3537500000000000        26.177978504340032        2642.3974205399409       -219.21337503368278        299878.20236023446        6325.8877109659597     
   1.3562500000000000        26.951251868043293        2762.8650945159875       -221.01528112400317        307660.87207762024        6127.3320073532395     
   1.3587500000000001        29.091409483760444        3049.3230333530446       -272.27155577426828        329229.19550309551        5779.7844149971479     
   1.3612500000000001        32.962964602138065        3533.0829599176445       -390.25262582796051        361645.04288579716        5157.0294130987450     
   1.3637500000000000        37.805638307287779        4120.6302391031331       -518.59049473828611        395848.81836996233        4436.5787336978810     
   1.3662500000000000        42.779311981002209        4729.8024876670142       -613.92830086193271        435846.03148612636        3973.1952572209229     
   1.3687500000000001        47.626379447606901        5299.7988485765381       -672.96272645169938        482864.79852429521        3847.3025761119020     
   1.3712500000000001        52.462391725656801        5791.3382191086785       -623.69194507787927        524175.63064008503        3827.7813169138963     
   1.3737500000000000        54.599369268939540        5908.0243398872353       -396.54235795834035        538463.60122908477        3981.3523922184877     
   1.3762500000000000        50.390866431954976        5372.6220364441142       -37.738940328396424        519511.31541992922        4625.5502048166645     
   1.3787500000000001        43.501749303948330        4766.4793185144881        502.05061939630343        519939.20270525926        5882.7742508159718     
   1.3812500000000001        39.710656635989565        4656.6311961089505        1226.4557587851282        573033.86852263170        7077.8684160584862     
   1.3837500000000000        37.986169070004507        4567.1952736667745        1816.5775843366891        602721.52481694985        7495.3917605841661     
   1.3862500000000000        37.949440279090489        4481.6338255534702        2152.9879313712991        601828.91920224484        7276.1853618357800     
   1.3887500000000002        41.042920362770509        4837.3370413648654        2414.9444157500211        638378.20804125874        6877.3323202451611     
   1.3912500000000001        41.701424296169044        4890.0868358488315        2314.6699173360103        634549.03162217978        6800.5840106084315     
   1.3937500000000000        37.361766539790132        4379.1556564556995        1732.0303335358151        575977.02532531705        7472.6273616118551     
   1.3962500000000000        34.306230691261135        4206.4047907778440        1148.8036906621619        574583.27885721915        8670.9486723526770     
   1.3987500000000002        33.761258741646415        4193.7280752051083        830.00998760084678        575865.60169874178        9039.8381109192414     
   1.4012500000000001        35.883691461661414        4419.5715103504663        822.50490331293508        592871.83601536159        8674.6859949883074     
   1.4037500000000001        40.379700897994134        5098.1052738578528        966.60964043167189        676215.80179160298        8489.8584206076157     
   1.4062500000000000        36.801858985421333        4340.1884757628304        795.69885488562022        555951.18189654523        7918.6607938667594     
   1.4087499999999999        19.557020934700823        1425.6869591414024        226.02425531723287        156038.18720047775        5254.7123159884832     
   1.4112500000000001        11.923723602675487        390.94863687657278        49.994800028905551        32733.667397765348        2198.9564858523372     
   1.4137500000000001        8.3553100781737939        63.063094807230733        5.4331365811933630        3290.6924741764215        365.14939106346520     
   1.4162500000000000        7.1947802790320354        2.6073538044024041       0.10175783615763095        55.051515802189037        7.5858258132722796     
   1.4187500000000000        7.0838537605582621        1.6277422970734638E-002   1.3019517508813518E-004   2.5532398439164670       0.36042826796333405     
   1.4212500000000001        7.0815633029148284        1.1572400600410249E-005   2.9911156221576678E-008   2.5000129035477547       0.35303121593353171     
   1.4237500000000001        7.0815495855916630       -6.6701412290433050E-007  -2.6302180168222418E-010   2.4999992588904494       0.35302997298458416     
   1.4262500000000000        7.0815494582540541       -1.3753337058844853E-006  -3.8592123085176623E-009   2.4999984714788743       0.35302986814062465     
   1.4287500000000000        7.0815499315717378       -8.7819860887077221E-008  -2.1540179202309230E-010   2.4999999023827764       0.35303004660561721     
   1.4312500000000001        7.0815500009709549        5.6634407714439014E-010   1.2023637464086783E-012   2.5000000006295329       0.35303005701954471     
   1.4337500000000001        7.0815499997481348       -1.6989930574318772E-010  -3.4615266713295724E-013   2.4999999998111351       0.35303005696493717     
   1.4362500000000000        7.0815500000302247        2.2373638746700627E-011   4.4598308861766580E-014   2.5000000000248646       0.35303005698105561     
   1.4387500000000000        7.0815500000016707        3.0258248445432253E-013   5.5915799085928603E-016   2.5000000000003335       0.35303005697901502     
   1.4412500000000001        7.0815500000011005       -1.7076106052669048E-014  -3.2727847542826288E-017   2.4999999999999796       0.35303005697899342     
   1.4437500000000001        7.0815500000011369        2.7925094987181079E-015   4.0752259966718591E-018   2.5000000000000018       0.35303005697899476     
   1.4462500000000000        7.0815500000011280       -2.1089515935093927E-016   1.8427199607861491E-019   2.5000000000000004       0.35303005697899503     
   1.4487500000000000        7.0815500000011280       -1.4716922743863443E-018   3.2124508814385315E-020   2.5000000000000004       0.35303005697899503     
   1.4512500000000002        7.0815500000011280        1.5948142368751066E-023  -3.6140072416183479E-020   2.5000000000000004       0.35303005697899503     
   1.4537500000000001        7.0815500000011280       -4.5733648855386072E-025   0.0000000000000000        2.5000000000000004       0.35303005697899503     
   1.4562500000000000        7.0815500000011280        1.7335373693415183E-032   0.0000000000000000        2.5000000000000004       0.35303005697899503     
   1.4587500000000000        7.0815500000011280        1.2798028663133500E-033   0.0000000000000000        2.5000000000000004       0.35303005697899503     
   1.4612500000000002        7.0815500000011280       -1.8703218345027017E-034   0.0000000000000000        2.5000000000000004       0.35303005697899503     
   1.4637500000000001        7.0815500000011280        8.5271091917435674E-046   0.0000000000000000        2.5000000000000004       0.35303005697899503     
   1.4662500000000001        7.0815500000011280       -1.0865310772814575E-046   0.0000000000000000        2.5000000000000004       0.35303005697899503     
   1.4687500000000000        7.0815500000011280       -4.9779180551906569E-054   0.0000000000000000        2.5000000000000004       0.35303005697899503     
   1.4712499999999999        7.0815500000011280       -5.9268150694927710E-059   0.0000000000000000        2.5000000000000004       0.35303005697899503     
   1.4737500000000001        7.0815500000011280        4.0257567128393475E-060   0.0000000000000000        2.5000000000000004       0.35303005697899503     
   1.4762500000000001        7.0815500000011280        3.6431873652410858E-068   0.0000000000000000        2.5000000000000004       0.35303005697899503     
   1.4787500000000000        7.0815500000011280        2.1025060642594766E-072   0.0000000000000000        2.5000000000000004       0.35303005697899503     
   1.4812500000000000        7.0815500000011280       -1.0359262575465826E-073   0.0000000000000000        2.5000000000000004       0.35303005697899503     
   1.4837500000000001        7.0815500000011280       -4.8823060981189506E-082   0.0000000000000000        2.5000000000000004       0.35303005697899503     
   1.4862500000000001        7.0815500000011280       -5.3833237165154528E-086   0.0000000000000000        2.5000000000000004       0.35303005697899503     
   1.4887500000000000        7.0815500000011280        2.1272234786006426E-087   0.0000000000000000        2.5000000000000004       0.35303005697899503     
   1.4912500000000000        7.0815500000011280       -1.9364687112576357E-098   0.0000000000000000        2.5000000000000004       0.35303005697899503     
   1.4937500000000001        7.0815500000011280        1.1214963454978822E-099   0.0000000000000000        2.5000000000000004       0.35303005697899503     
   1.4962500000000001        7.0815500000011280       -3.7620907248132031E-101   0.0000000000000000        2.5000000000000004       0.35303005697899503     
   1.4987500000000000        7.0815500000011280       -1.6935311740232186E-110   0.0000000000000000        2.5000000000000004       0.35303005697899503     
