   1.7677669529663688E-003   13.999999999999998     
   5.3033008588991067E-003   13.999999999999998     
   8.8388347648318440E-003   13.999999999999998     
   1.2374368670764583E-002   13.999999999999998     
   1.5909902576697318E-002   13.999999999999998     
   1.9445436482630057E-002   13.999999999999998     
   2.2980970388562796E-002   13.999999999999998     
   2.6516504294495528E-002   13.999999999999998     
   3.0052038200428267E-002   13.999999999999998     
   3.3587572106361013E-002   13.999999999999998     
   3.7123106012293738E-002   13.999999999999998     
   4.0658639918226477E-002   13.999999999999998     
   4.4194173824159216E-002   13.999999999999998     
   4.7729707730091955E-002   13.999999999999998     
   5.1265241636024694E-002   13.999999999999998     
   5.4800775541957433E-002   13.999999999999998     
   5.8336309447890172E-002   13.999999999999998     
   6.1871843353822904E-002   13.999999999999998     
   6.5407377259755650E-002   13.999999999999998     
   6.8942911165688375E-002   13.999999999999998     
   7.2478445071621128E-002   13.999999999999998     
   7.6013978977553853E-002   13.999999999999998     
   7.9549512883486606E-002   13.999999999999998     
   8.3085046789419331E-002   13.999999999999998     
   8.6620580695352056E-002   13.999999999999998     
   9.0156114601284809E-002   13.999999999999998     
   9.3691648507217562E-002   13.999999999999998     
   9.7227182413150287E-002   13.999999999999998     
  0.10076271631908301        13.999999999999998     
  0.10429825022501577        13.999999999999998     
  0.10783378413094849        13.999999999999998     
  0.11136931803688124        13.999999999999998     
  0.11490485194281397        13.999999999999998     
  0.11844038584874672        13.999999999999998     
  0.12197591975467945        13.999999999999998     
  0.12551145366061217        13.999999999999998     
  0.12904698756654492        13.999999999999998     
  0.13258252147247768        13.999999999999998     
  0.13611805537841040        13.999999999999998     
  0.13965358928434313        13.999999999999998     
  0.14318912319027588        13.999999999999998     
  0.14672465709620860        13.999999999999998     
  0.15026019100214133        13.999999999999998     
  0.15379572490807408        13.999999999999998     
  0.15733125881400684        13.999999999999998     
  0.16086679271993959        13.999999999999998     
  0.16440232662587229        13.999999999999998     
  0.16793786053180504        13.999999999999998     
  0.17147339443773779        13.999999999999998     
  0.17500892834367049        13.999999999999998     
  0.17854446224960324        13.999999999999998     
  0.18207999615553599        13.999999999999998     
  0.18561553006146875        13.999999999999998     
  0.18915106396740147        13.999999999999998     
  0.19268659787333420        13.999999999999998     
  0.19622213177926695        13.999999999999998     
  0.19975766568519970        13.999999999999998     
  0.20329319959113240        13.999999999999998     
  0.20682873349706515        13.999999999999998     
  0.21036426740299788        13.999999999999998     
  0.21389980130893060        13.999999999999998     
  0.21743533521486336        13.999999999999998     
  0.22097086912079611        13.999999999999998     
  0.22450640302672886        13.999999999999998     
  0.22804193693266156        13.999999999999998     
  0.23157747083859431        13.999999999999998     
  0.23511300474452707        13.999999999999998     
  0.23864853865045982        13.999999999999998     
  0.24218407255639254        13.999999999999998     
  0.24571960646232527        13.999999999999998     
  0.24925514036825797        13.999999999999998     
  0.25279067427419072        13.999999999999998     
  0.25632620818012347        13.999999999999998     
  0.25986174208605617        13.999999999999998     
  0.26339727599198892        13.999999999999998     
  0.26693280989792167        13.999999999999998     
  0.27046834380385443        13.999999999999998     
  0.27400387770978718        13.999999999999998     
  0.27753941161571993        13.999999999999998     
  0.28107494552165269        13.999999999999998     
  0.28461047942758544        13.999999999999998     
  0.28814601333351814        13.999999999999998     
  0.29168154723945083        13.999999999999998     
  0.29521708114538359        13.999999999999998     
  0.29875261505131634        13.999999999999998     
  0.30228814895724909        13.999999999999998     
  0.30582368286318184        13.999999999999998     
  0.30935921676911449        13.999999999999998     
  0.31289475067504724        13.999999999999998     
  0.31643028458097999        13.999999999999998     
  0.31996581848691275        13.999999999999998     
  0.32350135239284550        13.999999999999998     
  0.32703688629877825        13.999999999999998     
  0.33057242020471100        13.999999999999998     
  0.33410795411064376        13.999999999999998     
  0.33764348801657640        13.999999999999998     
  0.34117902192250915        13.999999999999998     
  0.34471455582844190        13.999999999999998     
  0.34825008973437466        13.999999999999998     
  0.35178562364030741        13.999999999999998     
  0.35532115754624016        13.999999999999998     
  0.35885669145217292        13.999999999999998     
  0.36239222535810567        13.999999999999998     
  0.36592775926403842        13.999999999999998     
  0.36946329316997117        13.999999999999998     
  0.37299882707590387        13.999999999999998     
  0.37653436098183657        13.999999999999998     
  0.38006989488776932        13.999999999999957     
  0.38360542879370207        13.999999999999702     
  0.38714096269963483        14.000000000020892     
  0.39067649660556758        13.999999999925059     
  0.39421203051150033        13.999999988401912     
  0.39774756441743309        14.000000140938168     
  0.40128309832336584        14.000004702675444     
  0.40481863222929854        13.999921510613699     
  0.40835416613523123        13.999180201409043     
  0.41188970004116399        14.021239876104712     
  0.41542523394709668        14.549740946570548     
  0.41896076785302938        17.956225583485164     
  0.42249630175896213        26.193250179071473     
  0.42603183566489489        48.304079665431807     
  0.42956736957082764        82.245456287145544     
  0.43310290347676039        88.864578286970300     
  0.43663843738269315        77.287615409871890     
  0.44017397128862590        68.077233365001263     
  0.44370950519455865        64.720919872978726     
  0.44724503910049135        62.159234388478609     
  0.45078057300642405        58.698990149000892     
  0.45431610691235680        54.809084937306451     
  0.45785164081828955        50.576114703310708     
  0.46138717472422230        46.122522147597095     
  0.46492270863015506        41.933798022761195     
  0.46845824253608781        38.312484587220418     
  0.47199377644202056        35.257680111472204     
  0.47552931034795332        32.618543253593955     
  0.47906484425388601        30.274228327404789     
  0.48260037815981877        28.182634296679044     
  0.48613591206575146        26.341762614064642     
  0.48967144597168422        24.743404379436726     
  0.49320697987761697        23.356866150576295     
  0.49674251378354961        22.134420896745144     
  0.50027804768948236        21.031136655514246     
  0.50381358159541512        20.052890618318632     
  0.50734911550134787        19.328258343236481     
  0.51088464940728051        19.115406551817003     
  0.51442018331321337        19.548379600624827     
  0.51795571721914602        20.216348208060744     
  0.52149125112507888        20.376588957469199     
  0.52502678503101152        19.785984306089041     
  0.52856231893694439        18.817953843130631     
  0.53209785284287703        17.873777368309462     
  0.53563338674880978        17.092412839398740     
  0.53916892065474253        16.447148778226996     
  0.54270445456067518        15.879717488341672     
  0.54623998846660804        15.359674493967393     
  0.54977552237254068        14.887540203517666     
  0.55331105627847355        14.466335927106220     
  0.55684659018440619        14.072812736877776     
  0.56038212409033905        13.666230866309427     
  0.56391765799627169        13.226967907799015     
  0.56745319190220445        12.770525970947091     
  0.57098872580813720        12.324862044408185     
  0.57452425971406984        11.908140870351964     
  0.57805979362000270        11.524885948987212     
  0.58159532752593535        11.171845046798431     
  0.58513086143186821        10.843818768331646     
  0.58866639533780085        10.536576657165639     
  0.59220192924373349        10.248028593395322     
  0.59573746314966636        9.9784068026535540     
  0.59927299705559900        9.7290629405981459     
  0.60280853096153186        9.5000094221739850     
  0.60634406486746451        9.2875527876316504     
  0.60987959877339726        9.0841071776089315     
  0.61341513267933001        8.8811582616788805     
  0.61695066658526265        8.6734047304909758     
  0.62048620049119552        8.4607801312745838     
  0.62402173439712816        8.2473484617086097     
  0.62755726830306102        8.0388400274933733     
  0.63109280220899366        7.8407609964145593     
  0.63462833611492653        7.6575162865820916     
  0.63816387002085917        7.4919993495571484     
  0.64169940392679203        7.3452084002919182     
  0.64523493783272468        7.2160076712090007     
  0.64877047173865732        7.1014450399657703     
  0.65230600564459018        6.9977824239338258     
  0.65584153955052282        6.9018245246159591     
  0.65937707345645569        6.8118301238610961     
  0.66291260736238833        6.7276293831029150     
  0.66644814126832119        6.6501479123791682     
  0.66998367517425383        6.5806852001627796     
  0.67351920908018670        6.5201221383124821     
  0.67705474298611934        6.4684420814939685     
  0.68059027689205198        6.4253887612473966     
  0.68412581079798485        6.3924524433712149     
  0.68766134470391749        6.3743847509324283     
  0.69119687860985013        6.3771712087006964     
  0.69473241251578299        6.4013101758860174     
  0.69826794642171564        6.4350987557149804     
  0.70180348032764850        6.4574883556001694     
  0.70533901423358114        6.4521767373155097     
  0.70887454813951400        6.4186440683832702     
  0.71241008204544665        6.3684318419110850     
  0.71594561595137951        6.3129020364993416     
  0.71948114985731215        6.2523923170957794     
  0.72301668376324479        6.1724313022714163     
  0.72655221766917766        6.0692042991645474     
  0.73008775157511030        6.0522156422353612     
  0.73362328548104316        6.4374499218226493     
  0.73715881938697581        7.3121501666243276     
  0.74069435329290867        8.0145346740301235     
  0.74422988719884131        8.1216071834532002     
  0.74776542110477418        7.9997924086862575     
  0.75130095501070682        7.9865737330428530     
  0.75483648891663946        8.0752228974413676     
  0.75837202282257232        8.1715172766823745     
  0.76190755672850496        8.2560273234905228     
  0.76544309063443761        8.3761385342873389     
  0.76897862454037047        8.5673522234323780     
  0.77251415844630311        8.7679473581029335     
  0.77604969235223598        8.8691885229117169     
  0.77958522625816862        8.8502552713136264     
  0.78312076016410148        8.7596677984343945     
  0.78665629407003412        8.6364851365992887     
  0.79019182797596699        8.4962662048699311     
  0.79372736188189963        8.3436272958423814     
  0.79726289578783249        8.1788542394685848     
  0.80079842969376513        8.0006446591463209     
  0.80433396359969800        7.8181182809414578     
  0.80786949750563064        7.6869435951001632     
  0.81140503141156350        7.7601066915527355     
  0.81494056531749615        8.3200957947461252     
  0.81847609922342879        9.4892393589668522     
  0.82201163312936165        10.379144031214423     
  0.82554716703529429        10.221459927313235     
  0.82908270094122694        9.5894877477387581     
  0.83261823484715969        9.0377737760666648     
  0.83615376875309244        8.6467272329785345     
  0.83968930265902508        8.3455945397730833     
  0.84322483656495795        8.0785336419482157     
  0.84676037047089059        7.8297311086678310     
  0.85029590437682345        7.6030071086980344     
  0.85383143828275609        7.4012727205082021     
  0.85736697218868896        7.2208826426992223     
  0.86090250609462160        7.0555758109207929     
  0.86443804000055446        6.9006230865590430     
  0.86797357390648711        6.7524496693397342     
  0.87150910781241997        6.6039641141362990     
  0.87504464171835261        6.4398996289738211     
  0.87858017562428548        6.2437923252358489     
  0.88211570953021812        6.0415702426963200     
  0.88565124343615098        5.9950820342573454     
  0.88918677734208362        6.3691327702730067     
  0.89272231124801638        7.0446625168676613     
  0.89625784515394902        7.3866300441704382     
  0.89979337905988177        7.1501470688030793     
  0.90332891296581452        6.6753648603959688     
  0.90686444687174717        6.2605735819845627     
  0.91039998077767992        5.9522778025769831     
  0.91393551468361256        5.7000730639450898     
  0.91747104858954542        5.4629483433169881     
  0.92100658249547807        5.2264662325246061     
  0.92454211640141093        5.0072176328393851     
  0.92807765030734357        4.8766061624716812     
  0.93161318421327644        4.9855270636735565     
  0.93514871811920908        5.4606687255453483     
  0.93868425202514194        6.0992731235853466     
  0.94221978593107458        6.3933721167738788     
  0.94575531983700745        6.1712865140963995     
  0.94929085374294009        5.7336725442545173     
  0.95282638764887295        5.3449919189218029     
  0.95636192155480559        5.0489722593556756     
  0.95989745546073835        4.7949346833868542     
  0.96343298936667110        4.5390078316218858     
  0.96696852327260385        4.2894510385818538     
  0.97050405717853649        4.0693984857210079     
  0.97403959108446925        3.8535298789497561     
  0.97757512499040200        3.6017012469708560     
  0.98111065889633475        3.3324159439708669     
  0.98464619280226739        3.0891638067885911     
  0.98818172670820026        2.8965670710313294     
  0.99171726061413290        2.7517457255842381     
  0.99525279452006554        2.6342903135584845     
  0.99878832842599841        2.4951566579118194     
   1.0023238623319313        2.2831072242864918     
   1.0058593962378639        2.0450043798409152     
   1.0093949301437966        1.8709776237772813     
   1.0129304640497294        1.8393735785507652     
   1.0164659979556621        1.8221925076072352     
   1.0200015318615949        1.7579575897553614     
   1.0235370657675276        1.7171307907488429     
   1.0270725996734602        1.5066074869868828     
   1.0306081335793928        2.0896408669874091     
   1.0341436674853259        2.7174676771416473     
   1.0376792013912586        2.5087411965469366     
   1.0412147352971912        1.6136824852153040     
   1.0447502692031239       0.67137370432938148     
   1.0482858031090569        1.6421076785825697     
   1.0518213370149896        5.2943903045580356     
   1.0553568709209222        9.4078196504674736     
   1.0588924048268549        12.564403164163080     
   1.0624279387327880        12.319556507033781     
   1.0659634726387206        9.1814517203764776     
   1.0694990065446532        5.6314872652845889     
   1.0730345404505859        3.5348490384031441     
   1.0765700743565187        1.3942150281576167     
   1.0801056082624514       0.77758590991086507     
   1.0836411421683843        1.5218622870864484     
   1.0871766760743169        1.9984102790630582     
   1.0907122099802495        2.3823379508973721     
   1.0942477438861822        3.3982262147415727     
   1.0977832777921148        3.9843638064781155     
   1.1013188116980479        3.6801962670322901     
   1.1048543456039805        3.2900362595690429     
   1.1083898795099132        3.6314812162185102     
   1.1119254134158458        4.1522060360524655     
   1.1154609473217789        4.8533570829034067     
   1.1189964812277116        5.7699692631589592     
   1.1225320151336442        6.8654836309278933     
   1.1260675490395768        8.1184587706647129     
   1.1296030829455099        9.6049960841255668     
   1.1331386168514426        11.463063437676968     
   1.1366741507573752        13.540852687949643     
   1.1402096846633079        14.713486995919897     
   1.1437452185692407        14.036697661069443     
   1.1472807524751736        13.206666707547198     
   1.1508162863811062        13.726554350187659     
   1.1543518202870389        14.600439580817216     
   1.1578873541929715        14.585914967730677     
   1.1614228880989041        13.843897113357697     
   1.1649584220048372        13.331697576361115     
   1.1684939559107699        13.816062458513288     
   1.1720294898167025        15.814714520128700     
   1.1755650237226352        17.834813199526291     
   1.1791005576285678        19.046894033927870     
   1.1826360915345009        20.316857881155908     
   1.1861716254404335        20.875428556456200     
   1.1897071593463662        16.172535717176313     
   1.1932426932522988        10.917258562557755     
   1.1967782271582319        8.1777296658329526     
   1.2003137610641645        7.2167944355929183     
   1.2038492949700972        7.0474282383621363     
   1.2073848288760298        7.0804542429486101     
   1.2109203627819629        7.0877078770368662     
   1.2144558966878956        7.1539120496839628     
   1.2179914305938282        7.4154494569465470     
   1.2215269644997608        7.7090423431528903     
   1.2250624984056935        7.8570337114953412     
   1.2285980323116263        7.9578590805506506     
   1.2321335662175592        8.1561874037563094     
   1.2356691001234918        8.5188186398618928     
   1.2392046340294245        9.0903618943810969     
   1.2427401679353571        9.9065167853584981     
   1.2462757018412902        10.986415868104761     
   1.2498112357472229        12.412490729308171     
   1.2533467696531555        14.448065200069719     
   1.2568823035590881        17.429013747020843     
   1.2604178374650212        21.201924170219776     
   1.2639533713709539        24.575664224094893     
   1.2674889052768865        26.038166622830424     
   1.2710244391828192        25.601085442000795     
   1.2745599730887518        24.921330834405900     
   1.2780955069946849        25.179589837090475     
   1.2816310409006175        26.325396135631394     
   1.2851665748065502        27.977884103953734     
   1.2887021087124828        29.766623155808631     
   1.2922376426184157        31.182007155478999     
   1.2957731765243485        31.792694813609749     
   1.2993087104302812        31.776079958790518     
   1.3028442443362138        31.739664644077362     
   1.3063797782421465        31.993998759810857     
   1.3099153121480791        32.547585685816465     
   1.3134508460540122        33.398006547128411     
   1.3169863799599448        34.652258329985159     
   1.3205219138658775        36.468345688271810     
   1.3240574477718101        38.994706221089615     
   1.3275929816777432        42.294159633759719     
   1.3311285155836758        46.178517134834976     
   1.3346640494896085        50.101618389370756     
   1.3381995833955411        53.307782293888451     
   1.3417351173014742        55.344922906386003     
   1.3452706512074069        56.565034548033864     
   1.3488061851133395        57.689205485679018     
   1.3523417190192721        59.847228644573427     
   1.3558772529252048        64.600954980000040     
   1.3594127868311379        67.196891704238226     
   1.3629483207370705        78.377263969352185     
   1.3664838546430031        69.321165474239592     
   1.3700193885489358        28.300311273895336     
   1.3735549224548684        15.083276611559327     
   1.3770904563608013        14.001727813787159     
   1.3806259902667342        13.999994606937609     
   1.3841615241726668        14.000000011044452     
   1.3876970580785994        13.999999999978083     
   1.3912325919845321        14.000000000000053     
   1.3947681258904652        13.999999999999998     
   1.3983036597963978        13.999999999999998     
   1.4018391937023305        13.999999999999998     
   1.4053747276082631        13.999999999999998     
   1.4089102615141962        13.999999999999998     
   1.4124457954201288        13.999999999999998     
   1.4159813293260615        13.999999999999998     
   1.4195168632319946        13.999999999999998     
   1.4230523971379272        13.999999999999998     
   1.4265879310438598        13.999999999999998     
   1.4301234649497925        13.999999999999998     
   1.4336589988557251        13.999999999999998     
   1.4371945327616578        13.999999999999998     
   1.4407300666675908        13.999999999999998     
   1.4442656005735235        13.999999999999998     
   1.4478011344794561        13.999999999999998     
   1.4513366683853888        13.999999999999998     
   1.4548722022913214        13.999999999999998     
   1.4584077361972541        13.999999999999998     
   1.4619432701031867        13.999999999999998     
   1.4654788040091198        13.999999999999998     
   1.4690143379150524        13.999999999999998     
   1.4725498718209851        13.999999999999998     
   1.4760854057269177        13.999999999999998     
   1.4796209396328508        13.999999999999998     
   1.4831564735387834        13.999999999999998     
   1.4866920074447161        13.999999999999998     
   1.4902275413506487        13.999999999999998     
   1.4937630752565818        13.999999999999998     
   1.4972986091625144        13.999999999999998     
   1.5008341430684471        13.999999999999998     
   1.5043696769743797        13.999999999999998     
   1.5079052108803128        13.999999999999998     
   1.5114407447862455        13.999999999999998     
   1.5149762786921781        13.999999999999998     
   1.5185118125981107        13.999999999999998     
   1.5220473465040438        13.999999999999998     
   1.5255828804099765        13.999999999999998     
   1.5291184143159091        13.999999999999998     
   1.5326539482218418        13.999999999999998     
   1.5361894821277748        13.999999999999998     
   1.5397250160337075        13.999999999999998     
   1.5432605499396401        13.999999999999998     
   1.5467960838455728        13.999999999999998     
   1.5503316177515054        13.999999999999998     
   1.5538671516574385        13.999999999999998     
   1.5574026855633711        13.999999999999998     
   1.5609382194693038        13.999999999999998     
   1.5644737533752364        13.999999999999998     
   1.5680092872811693        13.999999999999998     
   1.5715448211871021        13.999999999999998     
   1.5750803550930348        13.999999999999998     
   1.5786158889989674        13.999999999999998     
   1.5821514229049001        13.999999999999998     
   1.5856869568108327        13.999999999999998     
   1.5892224907167656        13.999999999999998     
   1.5927580246226984        13.999999999999998     
   1.5962935585286311        13.999999999999998     
   1.5998290924345637        13.999999999999998     
   1.6033646263404964        13.999999999999998     
   1.6069001602464290        13.999999999999998     
   1.6104356941523621        13.999999999999998     
   1.6139712280582947        13.999999999999998     
   1.6175067619642274        13.999999999999998     
   1.6210422958701600        13.999999999999998     
   1.6245778297760931        13.999999999999998     
   1.6281133636820257        13.999999999999998     
   1.6316488975879584        13.999999999999998     
   1.6351844314938910        13.999999999999998     
   1.6387199653998237        13.999999999999998     
   1.6422554993057568        13.999999999999998     
   1.6457910332116894        13.999999999999998     
   1.6493265671176220        13.999999999999998     
   1.6528621010235547        13.999999999999998     
   1.6563976349294878        13.999999999999998     
   1.6599331688354204        13.999999999999998     
   1.6634687027413531        13.999999999999998     
   1.6670042366472857        13.999999999999998     
   1.6705397705532188        13.999999999999998     
   1.6740753044591514        13.999999999999998     
   1.6776108383650841        13.999999999999998     
   1.6811463722710167        13.999999999999998     
   1.6846819061769498        13.999999999999998     
   1.6882174400828824        13.999999999999998     
   1.6917529739888151        13.999999999999998     
   1.6952885078947477        13.999999999999998     
   1.6988240418006808        13.999999999999998     
   1.7023595757066134        13.999999999999998     
   1.7058951096125461        13.999999999999998     
   1.7094306435184787        13.999999999999998     
   1.7129661774244116        13.999999999999998     
   1.7165017113303442        13.999999999999998     
   1.7200372452362771        13.999999999999998     
   1.7235727791422097        13.999999999999998     
   1.7271083130481424        13.999999999999998     
   1.7306438469540750        13.999999999999998     
   1.7341793808600079        13.999999999999998     
   1.7377149147659405        13.999999999999998     
   1.7412504486718732        13.999999999999998     
   1.7447859825778060        13.999999999999998     
   1.7483215164837387        13.999999999999998     
   1.7518570503896713        13.999999999999998     
   1.7553925842956042        13.999999999999998     
   1.7589281182015370        13.999999999999998     
   1.7624636521074697        13.999999999999998     
   1.7659991860134023        13.999999999999998     
   1.7695347199193350        13.999999999999998     
   1.7730702538252681        13.999999999999998     
   1.7766057877312007        13.999999999999998     
   1.7801413216371333        13.999999999999998     
   1.7836768555430660        13.999999999999998     
   1.7872123894489991        13.999999999999998     
   1.7907479233549317        13.999999999999998     
   1.7942834572608644        13.999999999999998     
   1.7978189911667970        13.999999999999998     
   1.8013545250727301        13.999999999999998     
   1.8048900589786627        13.999999999999998     
   1.8084255928845954        13.999999999999998     
   1.8119611267905280        13.999999999999998     
   1.8154966606964607        13.999999999999998     
   1.8190321946023937        13.999999999999998     
   1.8225677285083264        13.999999999999998     
   1.8261032624142590        13.999999999999998     
   1.8296387963201917        13.999999999999998     
   1.8331743302261247        13.999999999999998     
   1.8367098641320574        13.999999999999998     
   1.8402453980379900        13.999999999999998     
   1.8437809319439227        13.999999999999998     
   1.8473164658498558        13.999999999999998     
   1.8508519997557884        13.999999999999998     
   1.8543875336617210        13.999999999999998     
   1.8579230675676537        13.999999999999998     
   1.8614586014735865        13.999999999999998     
   1.8649941353795192        13.999999999999998     
   1.8685296692854518        13.999999999999998     
   1.8720652031913847        13.999999999999998     
   1.8756007370973173        13.999999999999998     
   1.8791362710032500        13.999999999999998     
   1.8826718049091828        13.999999999999998     
   1.8862073388151155        13.999999999999998     
   1.8897428727210484        13.999999999999998     
   1.8932784066269810        13.999999999999998     
   1.8968139405329136        13.999999999999998     
   1.9003494744388463        13.999999999999998     
   1.9038850083447791        13.999999999999998     
   1.9074205422507120        13.999999999999998     
   1.9109560761566446        13.999999999999998     
   1.9144916100625773        13.999999999999998     
   1.9180271439685099        13.999999999999998     
   1.9215626778744430        13.999999999999998     
   1.9250982117803757        13.999999999999998     
   1.9286337456863083        13.999999999999998     
   1.9321692795922409        13.999999999999998     
   1.9357048134981740        13.999999999999998     
   1.9392403474041067        13.999999999999998     
   1.9427758813100393        13.999999999999998     
   1.9463114152159720        13.999999999999998     
   1.9498469491219050        13.999999999999998     
   1.9533824830278377        13.999999999999998     
   1.9569180169337703        13.999999999999998     
   1.9604535508397030        13.999999999999998     
   1.9639890847456360        13.999999999999998     
   1.9675246186515687        13.999999999999998     
   1.9710601525575013        13.999999999999998     
   1.9745956864634340        13.999999999999998     
   1.9781312203693671        13.999999999999998     
   1.9816667542752997        13.999999999999998     
   1.9852022881812323        13.999999999999998     
   1.9887378220871650        13.999999999999998     
   1.9922733559930976        13.999999999999998     
   1.9958088898990305        13.999999999999998     
   1.9993444238049634        13.999999999999998     
   2.0028799577108956        13.999999999999998     
   2.0064154916168286        13.999999999999998     
   2.0099510255227617        13.999999999999998     
   2.0134865594286939        13.999999999999998     
   2.0170220933346270        13.999999999999998     
   2.0205576272405592        13.999999999999998     
   2.0240931611464923        13.999999999999998     
   2.0276286950524254        13.999999999999998     
   2.0311642289583576        13.999999999999998     
   2.0346997628642907        13.999999999999998     
   2.0382352967702237        13.999999999999998     
   2.0417708306761559        13.999999999999998     
   2.0453063645820890        13.999999999999998     
   2.0488418984880212        13.999999999999998     
   2.0523774323939543        13.999999999999998     
   2.0559129662998874        13.999999999999998     
   2.0594485002058196        13.999999999999998     
   2.0629840341117527        13.999999999999998     
   2.0665195680176853        13.999999999999998     
   2.0700551019236180        13.999999999999998     
   2.0735906358295511        13.999999999999998     
   2.0771261697354833        13.999999999999998     
   2.0806617036414163        13.999999999999998     
   2.0841972375473490        13.999999999999998     
   2.0877327714532816        13.999999999999998     
   2.0912683053592143        13.999999999999998     
   2.0948038392651469        13.999999999999998     
   2.0983393731710800        13.999999999999998     
   2.1018749070770126        13.999999999999998     
   2.1054104409829453        13.999999999999998     
   2.1089459748888779        13.999999999999998     
   2.1124815087948106        13.999999999999998     
   2.1160170427007436        13.999999999999998     
   2.1195525766066758        13.999999999999998     
