   1.2500000000000000E-003   13.999999999999998        0.0000000000000000        0.0000000000000000        2.5000000000000004       0.17857142857142863     
   3.7499999999999999E-003   13.999999999999998        0.0000000000000000        0.0000000000000000        2.5000000000000004       0.17857142857142863     
   6.2499999999999995E-003   13.999999999999998        0.0000000000000000        0.0000000000000000        2.5000000000000004       0.17857142857142863     
   8.7500000000000008E-003   13.999999999999998        0.0000000000000000        0.0000000000000000        2.5000000000000004       0.17857142857142863     
   1.1250000000000001E-002   13.999999999999998        0.0000000000000000        0.0000000000000000        2.5000000000000004       0.17857142857142863     
   1.3750000000000000E-002   13.999999999999998        0.0000000000000000        0.0000000000000000        2.5000000000000004       0.17857142857142863     
   1.6250000000000001E-002   13.999999999999998        0.0000000000000000        0.0000000000000000        2.5000000000000004       0.17857142857142863     
   1.8749999999999999E-002   13.999999999999998        0.0000000000000000        0.0000000000000000        2.5000000000000004       0.17857142857142863     
   2.1249999999999998E-002   13.999999999999998        0.0000000000000000        0.0000000000000000        2.5000000000000004       0.17857142857142863     
   2.3750000000000000E-002   13.999999999999998        0.0000000000000000        0.0000000000000000        2.5000000000000004       0.17857142857142863     
   2.6249999999999999E-002   13.999999999999998        0.0000000000000000        0.0000000000000000        2.5000000000000004       0.17857142857142863     
   2.8749999999999998E-002   13.999999999999998        0.0000000000000000        0.0000000000000000        2.5000000000000004       0.17857142857142863     
   3.1250000000000000E-002   13.999999999999998        0.0000000000000000        0.0000000000000000        2.5000000000000004       0.17857142857142863     
   3.3750000000000002E-002   13.999999999999998        0.0000000000000000        0.0000000000000000        2.5000000000000004       0.17857142857142863     
   3.6249999999999998E-002   13.999999999999998        0.0000000000000000        0.0000000000000000        2.5000000000000004       0.17857142857142863     
   3.8750000000000000E-002   13.999999999999998        0.0000000000000000        0.0000000000000000        2.5000000000000004       0.17857142857142863     
   4.1250000000000002E-002   13.999999999999998        0.0000000000000000        0.0000000000000000        2.5000000000000004       0.17857142857142863     
   4.3749999999999997E-002   13.999999999999998        0.0000000000000000        0.0000000000000000        2.5000000000000004       0.17857142857142863     
   4.6249999999999999E-002   13.999999999999998        0.0000000000000000        0.0000000000000000        2.5000000000000004       0.17857142857142863     
   4.8750000000000002E-002   13.999999999999998        0.0000000000000000        0.0000000000000000        2.5000000000000004       0.17857142857142863     
   5.1249999999999997E-002   13.999999999999998        0.0000000000000000        0.0000000000000000        2.5000000000000004       0.17857142857142863     
   5.3749999999999999E-002   13.999999999999998        0.0000000000000000        0.0000000000000000        2.5000000000000004       0.17857142857142863     
   5.6250000000000001E-002   13.999999999999998        0.0000000000000000        0.0000000000000000        2.5000000000000004       0.17857142857142863     
   5.8749999999999997E-002   13.999999999999998        0.0000000000000000        0.0000000000000000        2.5000000000000004       0.17857142857142863     
   6.1249999999999999E-002   13.999999999999998        0.0000000000000000        0.0000000000000000        2.5000000000000004       0.17857142857142863     
   6.3750000000000001E-002   13.999999999999998        0.0000000000000000        0.0000000000000000        2.5000000000000004       0.17857142857142863     
   6.6250000000000003E-002   13.999999999999998        0.0000000000000000        0.0000000000000000        2.5000000000000004       0.17857142857142863     
   6.8750000000000006E-002   13.999999999999998        0.0000000000000000        0.0000000000000000        2.5000000000000004       0.17857142857142863     
   7.1249999999999994E-002   13.999999999999998        0.0000000000000000        0.0000000000000000        2.5000000000000004       0.17857142857142863     
   7.3749999999999996E-002   13.999999999999998        0.0000000000000000        0.0000000000000000        2.5000000000000004       0.17857142857142863     
   7.6249999999999998E-002   13.999999999999998        0.0000000000000000        0.0000000000000000        2.5000000000000004       0.17857142857142863     
   7.8750000000000001E-002   13.999999999999998        0.0000000000000000        0.0000000000000000        2.5000000000000004       0.17857142857142863     
   8.1250000000000003E-002   13.999999999999998        0.0000000000000000        0.0000000000000000        2.5000000000000004       0.17857142857142863     
   8.3750000000000005E-002   13.999999999999998        0.0000000000000000        0.0000000000000000        2.5000000000000004       0.17857142857142863     
   8.6250000000000007E-002   13.999999999999998        0.0000000000000000        0.0000000000000000        2.5000000000000004       0.17857142857142863     
   8.8749999999999996E-002   13.999999999999998        0.0000000000000000        0.0000000000000000        2.5000000000000004       0.17857142857142863     
   9.1249999999999998E-002   13.999999999999998        0.0000000000000000        0.0000000000000000        2.5000000000000004       0.17857142857142863     
   9.3750000000000000E-002   13.999999999999998        0.0000000000000000        0.0000000000000000        2.5000000000000004       0.17857142857142863     
   9.6250000000000002E-002   13.999999999999998        0.0000000000000000        0.0000000000000000        2.5000000000000004       0.17857142857142863     
   9.8750000000000004E-002   13.999999999999998        0.0000000000000000        0.0000000000000000        2.5000000000000004       0.17857142857142863     
  0.10125000000000001        13.999999999999998        0.0000000000000000        0.0000000000000000        2.5000000000000004       0.17857142857142863     
  0.10375000000000000        13.999999999999998        0.0000000000000000        0.0000000000000000        2.5000000000000004       0.17857142857142863     
  0.10625000000000000        13.999999999999998        0.0000000000000000        0.0000000000000000        2.5000000000000004       0.17857142857142863     
  0.10875000000000000        13.999999999999998        0.0000000000000000        0.0000000000000000        2.5000000000000004       0.17857142857142863     
  0.11125000000000000        13.999999999999998        0.0000000000000000        0.0000000000000000        2.5000000000000004       0.17857142857142863     
  0.11375000000000000        13.999999999999998        0.0000000000000000        0.0000000000000000        2.5000000000000004       0.17857142857142863     
  0.11625000000000001        13.999999999999998        0.0000000000000000        0.0000000000000000        2.5000000000000004       0.17857142857142863     
  0.11874999999999999        13.999999999999998        0.0000000000000000        0.0000000000000000        2.5000000000000004       0.17857142857142863     
  0.12125000000000000        13.999999999999998        0.0000000000000000        0.0000000000000000        2.5000000000000004       0.17857142857142863     
  0.12375000000000000        13.999999999999998        0.0000000000000000        0.0000000000000000        2.5000000000000004       0.17857142857142863     
  0.12625000000000000        13.999999999999998        0.0000000000000000        0.0000000000000000        2.5000000000000004       0.17857142857142863     
  0.12875000000000000        13.999999999999998        0.0000000000000000        0.0000000000000000        2.5000000000000004       0.17857142857142863     
  0.13125000000000001        13.999999999999998        0.0000000000000000        0.0000000000000000        2.5000000000000004       0.17857142857142863     
  0.13375000000000001        13.999999999999998        0.0000000000000000        0.0000000000000000        2.5000000000000004       0.17857142857142863     
  0.13625000000000001        13.999999999999998        0.0000000000000000        0.0000000000000000        2.5000000000000004       0.17857142857142863     
  0.13875000000000001        13.999999999999998        0.0000000000000000        0.0000000000000000        2.5000000000000004       0.17857142857142863     
  0.14125000000000001        13.999999999999998        0.0000000000000000        0.0000000000000000        2.5000000000000004       0.17857142857142863     
  0.14374999999999999        13.999999999999998        0.0000000000000000        0.0000000000000000        2.5000000000000004       0.17857142857142863     
  0.14624999999999999        13.999999999999998        0.0000000000000000        0.0000000000000000        2.5000000000000004       0.17857142857142863     
  0.14874999999999999        13.999999999999998        0.0000000000000000        0.0000000000000000        2.5000000000000004       0.17857142857142863     
  0.15125000000000000        13.999999999999998        0.0000000000000000        0.0000000000000000        2.5000000000000004       0.17857142857142863     
  0.15375000000000000        13.999999999999998        0.0000000000000000        0.0000000000000000        2.5000000000000004       0.17857142857142863     
  0.15625000000000000        13.999999999999998        0.0000000000000000        0.0000000000000000        2.5000000000000004       0.17857142857142863     
  0.15875000000000000        13.999999999999998        0.0000000000000000        0.0000000000000000        2.5000000000000004       0.17857142857142863     
  0.16125000000000000        13.999999999999998        0.0000000000000000        0.0000000000000000        2.5000000000000004       0.17857142857142863     
  0.16375000000000001        13.999999999999998        0.0000000000000000        0.0000000000000000        2.5000000000000004       0.17857142857142863     
  0.16625000000000001        13.999999999999998        0.0000000000000000        0.0000000000000000        2.5000000000000004       0.17857142857142863     
  0.16875000000000001        13.999999999999998        0.0000000000000000        0.0000000000000000        2.5000000000000004       0.17857142857142863     
  0.17125000000000001        13.999999999999998        0.0000000000000000        0.0000000000000000        2.5000000000000004       0.17857142857142863     
  0.17375000000000002        13.999999999999998        0.0000000000000000        0.0000000000000000        2.5000000000000004       0.17857142857142863     
  0.17624999999999999        13.999999999999998       -5.4841286688378366E-322   0.0000000000000000        2.5000000000000004       0.17857142857142863     
  0.17874999999999999        13.999999999999998        4.4846190453316196E-317   0.0000000000000000        2.5000000000000004       0.17857142857142863     
  0.18124999999999999        13.999999999999998        7.8405692137750553E-313   0.0000000000000000        2.5000000000000004       0.17857142857142863     
  0.18375000000000000        13.999999999999998        5.6988670541454380E-309   0.0000000000000000        2.5000000000000004       0.17857142857142863     
  0.18625000000000000        13.999999999999998       -2.0876292911400327E-304   0.0000000000000000        2.5000000000000004       0.17857142857142863     
  0.18875000000000000        13.999999999999998       -4.7295782037856102E-300   0.0000000000000000        2.5000000000000004       0.17857142857142863     
  0.19125000000000000        13.999999999999998       -4.8668001965593839E-296   0.0000000000000000        2.5000000000000004       0.17857142857142863     
  0.19375000000000001        13.999999999999998        1.0697371436506606E-291   0.0000000000000000        2.5000000000000004       0.17857142857142863     
  0.19625000000000001        13.999999999999998        3.2939591339209378E-287   0.0000000000000000        2.5000000000000004       0.17857142857142863     
  0.19875000000000001        13.999999999999998        4.6466694983808819E-283   0.0000000000000000        2.5000000000000004       0.17857142857142863     
  0.20125000000000001        13.999999999999998       -6.3609874123292166E-279   0.0000000000000000        2.5000000000000004       0.17857142857142863     
  0.20375000000000001        13.999999999999998       -2.7956457240016706E-274   0.0000000000000000        2.5000000000000004       0.17857142857142863     
  0.20625000000000002        13.999999999999998       -5.0070080196191304E-270   0.0000000000000000        2.5000000000000004       0.17857142857142863     
  0.20874999999999999        13.999999999999998        3.9723380746157216E-266   0.0000000000000000        2.5000000000000004       0.17857142857142863     
  0.21124999999999999        13.999999999999998        2.5130488911874922E-261   0.0000000000000000        2.5000000000000004       0.17857142857142863     
  0.21375000000000000        13.999999999999998        6.2496023920567249E-257   0.0000000000000000        2.5000000000000004       0.17857142857142863     
  0.21625000000000000        13.999999999999998       -1.1470654114468698E-253   0.0000000000000000        2.5000000000000004       0.17857142857142863     
  0.21875000000000000        13.999999999999998       -2.3050759445601570E-248   0.0000000000000000        2.5000000000000004       0.17857142857142863     
  0.22125000000000000        13.999999999999998       -7.5040628409370655E-244   0.0000000000000000        2.5000000000000004       0.17857142857142863     
  0.22375000000000000        13.999999999999998       -2.6963696186151913E-240   0.0000000000000000        2.5000000000000004       0.17857142857142863     
  0.22625000000000001        13.999999999999998        1.6596823036905352E-235   0.0000000000000000        2.5000000000000004       0.17857142857142863     
  0.22875000000000001        13.999999999999998        8.8806764782615526E-231   0.0000000000000000        2.5000000000000004       0.17857142857142863     
  0.23125000000000001        13.999999999999998        7.9747502192659482E-227   0.0000000000000000        2.5000000000000004       0.17857142857142863     
  0.23375000000000001        13.999999999999998       -6.8957447897785649E-223   0.0000000000000000        2.5000000000000004       0.17857142857142863     
  0.23625000000000002        13.999999999999998       -9.2397637108000739E-218   0.0000000000000000        2.5000000000000004       0.17857142857142863     
  0.23874999999999999        13.999999999999998       -1.4279094843927531E-213   0.0000000000000000        2.5000000000000004       0.17857142857142863     
  0.24124999999999999        13.999999999999998       -7.7822325694478638E-210   0.0000000000000000        2.5000000000000004       0.17857142857142863     
  0.24374999999999999        13.999999999999998        8.5291733706476603E-205   0.0000000000000000        2.5000000000000004       0.17857142857142863     
  0.24625000000000000        13.999999999999998        2.0483977453192579E-200   0.0000000000000000        2.5000000000000004       0.17857142857142863     
  0.24875000000000000        13.999999999999998        2.5578021506981344E-196   0.0000000000000000        2.5000000000000004       0.17857142857142863     
  0.25125000000000003        13.999999999999998       -5.8589797065447262E-192   0.0000000000000000        2.5000000000000004       0.17857142857142863     
  0.25375000000000003        13.999999999999998       -2.4619296579253424E-187   0.0000000000000000        2.5000000000000004       0.17857142857142863     
  0.25625000000000003        13.999999999999998       -4.4069854021962114E-183   0.0000000000000000        2.5000000000000004       0.17857142857142863     
  0.25875000000000004        13.999999999999998        1.4864992753908794E-179   0.0000000000000000        2.5000000000000004       0.17857142857142863     
  0.26125000000000004        13.999999999999998        2.6894172895225420E-174   0.0000000000000000        2.5000000000000004       0.17857142857142863     
  0.26375000000000004        13.999999999999998        5.9439879336068397E-170   0.0000000000000000        2.5000000000000004       0.17857142857142863     
  0.26625000000000004        13.999999999999998        3.9900870048722369E-166   0.0000000000000000        2.5000000000000004       0.17857142857142863     
  0.26875000000000004        13.999999999999998       -2.2572709237189595E-161   0.0000000000000000        2.5000000000000004       0.17857142857142863     
  0.27125000000000005        13.999999999999998       -6.8219726930145851E-157   0.0000000000000000        2.5000000000000004       0.17857142857142863     
  0.27375000000000005        13.999999999999998       -9.7724817558030689E-153   0.0000000000000000        2.5000000000000004       0.17857142857142863     
  0.27625000000000005        13.999999999999998        1.6285079381616940E-148   0.0000000000000000        2.5000000000000004       0.17857142857142863     
  0.27875000000000005        13.999999999999998        6.8783583482414953E-144   0.0000000000000000        2.5000000000000004       0.17857142857142863     
  0.28125000000000006        13.999999999999998        1.4071885471099549E-139   0.0000000000000000        2.5000000000000004       0.17857142857142863     
  0.28375000000000006        13.999999999999998       -5.0225253048540457E-136   0.0000000000000000        2.5000000000000004       0.17857142857142863     
  0.28625000000000006        13.999999999999998       -5.7680482894943798E-131   0.0000000000000000        2.5000000000000004       0.17857142857142863     
  0.28875000000000001        13.999999999999998       -1.6120317208213796E-126   0.0000000000000000        2.5000000000000004       0.17857142857142863     
  0.29125000000000001        13.999999999999998       -5.7283548374809304E-123   0.0000000000000000        2.5000000000000004       0.17857142857142863     
  0.29375000000000001        13.999999999999998        4.5394898240476601E-118   0.0000000000000000        2.5000000000000004       0.17857142857142863     
  0.29625000000000001        13.999999999999998        1.5017837691605750E-113   0.0000000000000000        2.5000000000000004       0.17857142857142863     
  0.29875000000000002        13.999999999999998        1.4685382297113647E-109   0.0000000000000000        2.5000000000000004       0.17857142857142863     
  0.30125000000000002        13.999999999999998       -2.6349853549046229E-105   0.0000000000000000        2.5000000000000004       0.17857142857142863     
  0.30375000000000002        13.999999999999998       -1.1911135003986039E-100   0.0000000000000000        2.5000000000000004       0.17857142857142863     
  0.30625000000000002        13.999999999999998       -1.8882690866022940E-096   0.0000000000000000        2.5000000000000004       0.17857142857142863     
  0.30875000000000002        13.999999999999998        1.4208543855052005E-092   0.0000000000000000        2.5000000000000004       0.17857142857142863     
  0.31125000000000003        13.999999999999998        7.5012375321740641E-088   0.0000000000000000        2.5000000000000004       0.17857142857142863     
  0.31375000000000003        13.999999999999998        1.9546444680280195E-083   0.0000000000000000        2.5000000000000004       0.17857142857142863     
  0.31625000000000003        13.999999999999998       -3.6364027278640459E-080   0.0000000000000000        2.5000000000000004       0.17857142857142863     
  0.31875000000000003        13.999999999999998       -4.2726657760365827E-075   0.0000000000000000        2.5000000000000004       0.17857142857142863     
  0.32125000000000004        13.999999999999998       -1.6393815537689677E-070   0.0000000000000000        2.5000000000000004       0.17857142857142863     
  0.32375000000000004        13.999999999999998       -2.6621310417048088E-067   0.0000000000000000        2.5000000000000004       0.17857142857142863     
  0.32625000000000004        13.999999999999998        2.4601215416428174E-062   0.0000000000000000        2.5000000000000004       0.17857142857142863     
  0.32875000000000004        13.999999999999998        1.0362811707990800E-057   0.0000000000000000        2.5000000000000004       0.17857142857142863     
  0.33125000000000004        13.999999999999998        9.6223751246867957E-054   0.0000000000000000        2.5000000000000004       0.17857142857142863     
  0.33375000000000005        13.999999999999998       -1.8207757129258976E-049   0.0000000000000000        2.5000000000000004       0.17857142857142863     
  0.33625000000000005        13.999999999999998       -6.9428314870345494E-045   0.0000000000000000        2.5000000000000004       0.17857142857142863     
  0.33875000000000005        13.999999999999998       -8.7916657216590247E-041   0.0000000000000000        2.5000000000000004       0.17857142857142863     
  0.34125000000000005        13.999999999999998        1.4375048795287135E-036   0.0000000000000000        2.5000000000000004       0.17857142857142863     
  0.34375000000000006        13.999999999999998        5.6443032863661820E-032   0.0000000000000000        2.5000000000000004       0.17857142857142863     
  0.34625000000000006        13.999999999999998        2.7624814295438103E-028   0.0000000000000000        2.5000000000000004       0.17857142857142863     
  0.34875000000000006        13.999999999999998       -7.7474843870010315E-024   0.0000000000000000        2.5000000000000004       0.17857142857142863     
  0.35125000000000001        13.999999999999998       -1.4616993843054102E-018   0.0000000000000000        2.5000000000000004       0.17857142857142863     
  0.35375000000000001        13.999999999999998        6.3897562359178058E-018   0.0000000000000000        2.5000000000000004       0.17857142857142863     
  0.35625000000000001        13.999999999999998        1.2029613587176748E-016   2.4348122943259711E-018   2.5000000000000004       0.17857142857142863     
  0.35875000000000001        13.999999999999998       -2.8384446046356378E-015   3.9402461464204188E-017   2.5000000000000009       0.17857142857142869     
  0.36125000000000002        13.999999999999901        2.7335404876423211E-014  -5.1156085736478176E-016   2.4999999999999751       0.17857142857142805     
  0.36375000000000002        14.000000000000240       -7.6962593411652461E-014   5.2862098066991293E-016   2.5000000000000551       0.17857142857142944     
  0.36625000000000002        14.000000000000405       -1.7268895143607056E-013   4.1659462298335981E-015   2.5000000000001323       0.17857142857143285     
  0.36875000000000002        13.999999999923913        2.9387810710956570E-011  -6.8930067758929099E-013   2.4999999999767546       0.17857142857073868     
  0.37125000000000002        14.000000000807843       -2.9427823465472058E-010   6.1313391895038769E-012   2.5000000002326654       0.17857142857774341     
  0.37375000000000003        13.999999996986732        9.3984301909164706E-010  -1.1499699878658193E-011   2.4999999992566724       0.17857142855676827     
  0.37625000000000003        14.000000034341941       -1.5801657949387725E-008   4.8571433093308581E-010   2.5000000124927619       0.17857142902573375     
  0.37875000000000003        14.000000688592213       -4.1167331624320581E-007   1.3068362494149007E-008   2.5000003256527412       0.17857144304927355     
  0.38125000000000003        13.999994267136735        2.8434246512581955E-006  -7.5972859696996631E-008   2.4999977662080335       0.17857134213805942     
  0.38375000000000004        14.000012538382109       -3.7292813447312525E-006  -3.7704598990956699E-008   2.5000028471421603       0.17857147201030812     
  0.38625000000000004        13.999637136059722        4.5495069027633764E-004  -2.0054654878744645E-005   2.4996406990395115       0.17855039150938637     
  0.38875000000000004        13.997721240059574        7.8489541228929059E-003  -3.4412670641185202E-004   2.4933889074909192       0.17812804383828854     
  0.39125000000000004        13.998930647655422        1.2132577264648205E-003  -8.5300116720095828E-005   2.4990852373368293       0.17851972035594452     
  0.39375000000000004        14.060871262649254       -9.2114192953142798E-002   8.8467167267692274E-003   2.6196531151422366       0.18628636579128821     
  0.39625000000000005        15.179944282505943       -4.0604595580064844       0.81793046821612325        17.402736280214050        1.1092028393820861     
  0.39875000000000005        20.684017309758502       -40.144805574618687        12.291840892478456        275.78333654801725        11.273113200428478     
  0.40125000000000005        31.490875224814850       -147.19692764689796        53.742702406481300        1362.1016162679950        30.873177592591393     
  0.40375000000000005        57.426769627797782       -475.36525513635991        204.58898956914345        5427.1196690678516        53.898276192549240     
  0.40625000000000006        79.033798539221323       -784.89855722144625        360.32758660539929        9662.7857169172312        62.554347063639646     
  0.40875000000000006        73.751947273009094       -715.93079097235795        334.17964960781649        8884.8758767695090        63.088502597636825     
  0.41125000000000006        68.501023645532570       -648.35125212707385        304.40966383553581        8116.0223156520669        63.814714126493044     
  0.41375000000000006        66.363388171490698       -626.88333709979042        303.61978954423847        8038.8444675131150        66.052350151739830     
  0.41625000000000001        62.263284262415013       -577.73381249489933        289.33522369276767        7553.8926034664837        67.475798924757598     
  0.41875000000000001        58.297152757727972       -532.35152806912288        270.94486769447531        7082.7437404463708        68.999604255835862     
  0.42125000000000001        56.368838603715808       -513.57600487520369        265.04639184294842        6984.4402928069694        71.346559077776718     
  0.42375000000000002        53.253882473497306       -479.08071672790663        250.50057053361522        6630.1625451502368        72.972219292370411     
  0.42625000000000002        50.650746912115657       -449.55673234047026        239.61763110041127        6349.8382860998690        74.786691483204152     
  0.42875000000000002        48.461891110267658       -427.39481982043480        231.62376054716211        6163.8526916795690        76.878768941824973     
  0.43125000000000002        45.894047684872461       -399.05207921176014        220.62924290170938        5881.9129897327402        78.805369773785429     
  0.43375000000000002        43.736617697028123       -375.81425805930610        211.98566849898629        5661.9355999436639        80.792221758915787     
  0.43625000000000003        41.783032463720012       -354.85356634703317        204.08051523679160        5466.6326519763725        82.842094356971828     
  0.43875000000000003        39.814377125400583       -333.35620478441314        194.82028604102734        5243.5051538614734        84.675461711164161     
  0.44125000000000003        38.051565898592088       -314.77059956339190        186.80055509550334        5053.5687068710849        86.543848768057686     
  0.44375000000000003        36.430801367320377       -297.80322306481344        179.23212262513363        4878.2740871058968        88.391867768649448     
  0.44625000000000004        34.898124919398015       -281.45710095516006        171.87288290833135        4705.5956083354413        90.187332648067482     
  0.44875000000000004        33.535539601229587       -266.95693727984525        165.31527680886208        4553.8559397117151        91.957550882651987     
  0.45125000000000004        32.261467428543646       -253.37604136232710        159.13575163948860        4408.2776141972718        93.635173159923553     
  0.45375000000000004        31.043650167185028       -240.62410089243815        153.12093450508843        4268.9578834851745        95.310016413418026     
  0.45625000000000004        29.921114285553422       -229.44016118572364        147.82476983814530        4151.3295510486678        97.137882057111426     
  0.45875000000000005        28.955782236117244       -219.78989176573731        143.21241245519610        4055.5648905526518        99.021543468180596     
  0.46125000000000005        28.135050364406773       -211.51451139452141        139.38811533505802        3975.4130465276048        100.76634320912443     
  0.46375000000000005        27.441786221596839       -204.22191119311728        136.36959865166605        3906.1352273995735        102.30334344206362     
  0.46625000000000005        26.831711697346663       -197.50897981478607        133.48586567382341        3840.2645096154338        103.65677060504558     
  0.46875000000000006        26.324880634817177       -192.08271173943126        130.56186387624504        3790.7463229956920        105.07926342291849     
  0.47125000000000006        25.814075319952991       -186.86124132154791        127.34526004091478        3742.7315046133581        106.62028361309089     
  0.47375000000000006        25.039117849277076       -178.06240673425924        123.39814291135716        3636.2122825582192        107.79182802745541     
  0.47625000000000006        24.036507923854614       -165.57595600767496        119.20431410938997        3470.5653133806441        108.36405958580498     
  0.47875000000000001        23.540425298955515       -159.80061402832592        116.15722647995582        3407.6507584616757        109.54254543943244     
  0.48125000000000001        24.317548597920702       -171.99278506245844        114.75111854640639        3629.9287254657888        113.12602046143112     
  0.48375000000000001        25.459278565730614       -189.67045532465866        112.88134302926623        3946.6878551233158        117.43942877470390     
  0.48625000000000002        25.128595813268959       -185.84199811609915        109.44464941978443        3919.3229659032631        119.13822222853510     
  0.48875000000000002        23.411218875906954       -161.95316371441447        105.41156715571705        3562.7257578584085        118.11583906988655     
  0.49125000000000002        21.779138458187909       -139.86693822693655        101.75811482273352        3231.8245863766228        116.85433363669993     
  0.49375000000000002        20.861681206480494       -128.02838911915183        98.955710656952178        3067.0766306108385        116.93815500262146     
  0.49625000000000002        20.519319613146433       -124.08329609878601        96.918785767257361        3032.8328061330130        118.36503596730203     
  0.49875000000000003        20.553432249410275       -125.46825747999739        95.534434017516375        3089.5816393406571        120.88466672607697     
  0.50125000000000008        20.624578342488711       -127.68553520442579        94.458654304226812        3164.1802398253881        123.76628963199212     
  0.50375000000000003        20.349541349815272       -125.20993459190464        92.994560214496204        3161.9514158547513        126.01067396885284     
  0.50625000000000009        19.722222865364255       -117.72595320726109        90.721912313529415        3072.9315028188880        127.41498667747787     
  0.50875000000000004        19.012245489667155       -109.14189894130818        88.062192746137811        2960.1750299281744        128.49393695520601     
  0.51124999999999998        18.329693710572506       -101.36739547948999        85.882955906247958        2855.2090644671898        129.50114197561618     
  0.51375000000000004        17.671758174427033       -94.261798695430230        84.359016376096037        2758.0062159442687        130.44868055665290     
  0.51624999999999999        17.316566539246384       -90.294859828966295        82.513221850494901        2720.6521848473412        132.16533830089284     
  0.51875000000000004        17.631578287964764       -93.240828227910242        79.187108281017302        2821.9137288091379        135.98037958134424     
  0.52124999999999999        18.290269504990462       -99.945238662952221        74.534236448847707        3003.3739119984525        140.97318224366865     
  0.52375000000000005        18.439285300638097       -101.10069084815397        71.118204172652739        3076.8282404418851        144.39380488752516     
  0.52625000000000000        17.788889549876238       -93.798277097031047        70.708944823339351        2973.6443282146088        145.36160810000351     
  0.52875000000000005        16.811507584921536       -83.696293307752256        71.646719955895080        2802.9660761778559        145.25489550511466     
  0.53125000000000000        16.049004823229772       -76.142546429186808        71.940413462755089        2681.0803018906327        145.75468591357080     
  0.53375000000000006        15.643119761506117       -72.108055663331683        71.202290881640948        2635.0013722579229        147.46183883185600     
  0.53625000000000000        15.400573163219516       -69.502269033455150        69.867229792477005        2623.0135033854458        149.84511906747377     
  0.53875000000000006        15.088943353853779       -66.024124604874018        68.443286681377543        2594.1087145245406        152.06035339778859     
  0.54125000000000001        14.636561829192823       -61.173312043924462        67.237520212733557        2532.5916631350947        153.74629130429707     
  0.54375000000000007        14.124353159958538       -55.916708199386122        66.389867745443269        2457.4886821148903        155.10627733141419     
  0.54625000000000001        13.664537419147056       -51.442530687715731        65.952562150133247        2394.9343554015418        156.53223114696780     
  0.54875000000000007        13.321224111739625       -48.424544037158569        65.923917744507122        2359.8906564638169        158.30030566873029     
  0.55125000000000002        13.076965827716220       -46.571012540490493        66.167369696517270        2347.1459149314596        160.34461313156370     
  0.55375000000000008        12.850604217974617       -44.782505486429088        66.387642862201986        2334.6311374827792        162.25835430875964     
  0.55625000000000002        12.581327146014146       -42.221634720728836        66.379002514773532        2305.4639541749616        163.69581748233909     
  0.55875000000000008        12.286405740597662       -39.099809263860891        66.250784237397411        2264.2294511201562        164.68573299997229     
  0.56125000000000003        12.027598792293411       -36.237280360310251        66.250469794710398        2227.9437588945962        165.52718441459365     
  0.56375000000000008        11.834929076825571       -34.011109137644759        66.342492391472334        2205.2647431557912        166.49427024634034     
  0.56625000000000003        11.691641959272086       -32.186966860294888        66.182935191881882        2192.1889575679825        167.68925536138713     
  0.56875000000000009        11.569637158890451       -30.462243376992930        65.627409397501054        2182.5882497871744        169.09377486332136     
  0.57125000000000004        11.431837651903239       -28.622940777213778        64.860095710542168        2170.1401746540605        170.60344776062587     
  0.57375000000000009        11.232417950300752       -26.452034531726479        64.092894727214230        2147.3956765154908        172.12586838101751     
  0.57625000000000004        10.955864465131555       -23.798218342980277        63.400721614345890        2109.6636503638915        173.45678648215286     
  0.57874999999999999        10.659109175452372       -20.826622298718139        62.938906644849546        2060.8393422303434        173.99907227310237     
  0.58125000000000004        10.425412245881486       -18.003505172979239        62.840920295748752        2010.5025505139786        173.18887828469047     
  0.58374999999999999        10.272556007788200       -15.680083349021050        62.878403655304055        1964.3695829690682        171.32667626160847     
  0.58625000000000005        10.182578131324476       -13.821920048749629        62.940038340956662        1922.8247245171517        168.81017852125260     
  0.58875000000000000        10.225821626975797       -12.162290233848685        63.836128120094386        1887.3620117758978        164.37566971771312     
  0.59125000000000005        10.544535192714696       -10.483219080236239        66.798876399136788        1861.7888320643008        156.00447242692502     
  0.59375000000000000        11.184894000834561       -8.7331637986087074        72.076376166463405        1846.7710419428608        144.04504588487166     
  0.59625000000000006        12.042712739331840       -7.0579088698653827        78.695722815764100        1839.0461560561318        131.18728447321857     
  0.59875000000000000        12.975525273579748       -5.6164303874411772        85.606840843070330        1835.7281871540322        119.61861862257140     
  0.60125000000000006        13.839256144418162       -3.9045816023785744        92.112770183863873        1827.4607943428355        109.85872739687770     
  0.60375000000000001        14.375235841588410      -0.29311507785155555        96.709825263617034        1785.6252559646200        101.58533574994793     
  0.60625000000000007        14.435223402355694        5.4891747598677920        98.222031539305959        1705.2155770435870        94.907040252814440     
  0.60875000000000001        14.966213932984417        6.7347226431321205        103.81305457423802        1737.9959206329297        91.969238896085216     
  0.61125000000000007        17.216975665984137       -6.2248333889427929        124.91769078573084        2103.3853582449528        95.782802568850258     
  0.61375000000000002        19.122320613552041       -21.141582309306642        145.03382913158856        2507.2331532805993        101.74180145096977     
  0.61625000000000008        18.508715887198903       -18.522559434437529        142.00132379803338        2494.5861883386610        104.84744030345321     
  0.61875000000000002        17.145305104400432       -11.288402416089392        131.48035310605900        2332.7881491940207        106.43948371294788     
  0.62125000000000008        16.320116724223837       -7.5211787632778826        124.99296009212640        2243.3702190547992        108.02541451957110     
  0.62375000000000003        15.448796498982972       -2.0229419599005283        117.61725345152944        2111.0978462723538        107.66108138190714     
  0.62625000000000008        14.530755832977258        4.4731736908558695        110.09193247864417        1958.0578086382525        106.00376420995958     
  0.62875000000000003        14.062853445639666        7.4908206910335728        106.73043173495439        1887.7973216990558        105.29764998005822     
  0.63125000000000009        14.012938513396378        7.1464147985048516        107.00231912797402        1893.9523243649376        105.87336908748598     
  0.63375000000000004        14.226926304581553        5.0938166180267910        109.12077224465213        1944.6382233536242        107.20848506216716     
  0.63625000000000009        14.354999460396614        3.6944473576252008        110.48240999670378        1974.7930753458381        107.91759230016788     
  0.63875000000000004        14.042562031696844        6.1667998517011764        108.48034669302868        1922.3907659638921        106.96234349612534     
  0.64124999999999999        13.438005828392757        11.618098158587205        103.22334864173789        1812.5892250212894        105.00921778647987     
  0.64375000000000004        12.854876659880645        16.878017687180240        97.473609372927541        1707.3777718844312        103.20947752153283     
  0.64624999999999999        12.326309442474345        20.696392852488678        92.264912455387190        1617.5458796927458        101.80338955265567     
  0.64875000000000005        12.159988622456479        21.215250384946273        90.441941377384978        1593.1574642783476        101.83497049222790     
  0.65125000000000000        12.734275096653558        16.131050715415931        94.714759153527865        1695.0264594926603        104.64479910567385     
  0.65375000000000005        13.041754611712266        10.778912216460709        97.485079344211158        1760.0325952891114        106.67547569159888     
  0.65625000000000000        11.952470432852884        13.723942743007314        90.347721159175961        1596.4930198587581        104.34233012421326     
  0.65875000000000006        10.915890084538987        16.437067350146179        84.256812686352674        1449.5980726643306        101.87395121250006     
  0.66125000000000000        11.923720823716097        6.9004743982762111        96.738801592817822        1671.5685543485081        107.10953381652890     
  0.66375000000000006        13.002946047255968       -5.1319649926282942        112.21259077558682        1943.5385325007549        112.15463712690099     
  0.66625000000000001        11.930767496570837       -2.5752761835629081        107.55889520984917        1788.6856978346102        109.26140318302824     
  0.66875000000000007        11.335708947769202       -2.7544145708042986        105.89413360577150        1711.0820854650808        107.28353312970088     
  0.67125000000000001        11.913175458883405       -11.714456212962707        112.89329004526888        1846.1727965989653        109.58503277808265     
  0.67375000000000007        11.590256553090317       -9.9799751181974017        109.02486415295562        1777.4032996986909        108.74048774842527     
  0.67625000000000002        10.656649684632823      -0.91111210350813898        98.203041087905973        1573.8020444236372        105.21912010583941     
  0.67875000000000008        10.881690674437877      -0.30557523910638146        96.673102827444282        1572.8288772604999        105.07576209380119     
  0.68125000000000002        11.692385335390535       -3.9019964684817920        100.34683699015926        1677.3290708225752        106.57173133722779     
  0.68375000000000008        11.430640521989707       -2.9339988459121340        96.583525016886071        1626.3269412266009        106.54763913278390     
  0.68625000000000003        11.022693948339523       -7.4342305653245200        91.948954201814189        1638.5779273139599        113.63480500409820     
  0.68875000000000008        11.500918729084814       -26.773077238403783        94.322794640258735        1974.0457993378252        135.30198510174245     
  0.69125000000000003        10.630031233901143       -40.587673704339750        82.046987736576853        2193.1837848610057        169.24328034508957     
  0.69375000000000009        6.9861548529882622       -29.783097456322075        42.682459715063729        1987.4612895601983        256.73497875044200     
  0.69625000000000004        4.6075776735714662       -19.015599746445659        13.634201816050318        1730.0981374687181        362.59547668834614     
  0.69875000000000009        4.3017930914890190       -20.852699833272986        4.1430136244551932        1647.3847175403400        370.74040801432892     
  0.70125000000000004        3.5130696404081121       -14.438202118883009       -2.7082326836816351        1401.3040216572781        390.14048166927171     
  0.70374999999999999        2.7621602166969965       -8.7466250950766984       -10.394397492158122        1208.9738501780510        425.59717256634434     
  0.70625000000000004        2.4056565909265410       -6.7496022832426386       -15.675398640817800        1136.3258241548431        447.19024753010740     
  0.70874999999999999        2.1172084308259818       -4.1461083857791987       -17.188508392901799        1036.7358484564277        454.79884551526089     
  0.71125000000000005        2.0217524509428118       -4.6026533302663877       -18.713413941969939        1086.9626559177577        492.20542018304479     
  0.71375000000000000        1.9980739673628429       -7.0016120097658190       -22.113339605026546        1256.1677593075483        561.30680439396428     
  0.71625000000000005        1.7055714081892193       -4.1131556772791953       -22.374192760168569        1172.8275387153187        598.69216563589418     
  0.71875000000000000        1.4226828693151572      -0.13494226362352585       -20.152650097786037        1030.2010264140315        623.79398957744718     
  0.72125000000000006        1.3865137862337740       -1.7806410058831839       -20.730933965397114        1127.0043114169800        700.22967222993441     
  0.72375000000000000        1.4470333217074862       -7.2281960245423615       -22.631373573346998        1486.1599267114591        892.26092119088321     
  0.72625000000000006        1.0553641953431971       -13.509894874231023        1.4434908174939491        1940.1840528187165        1755.5320355194851     
  0.72875000000000001       0.87957771376874860       -1.4889967174864220        44.209397347797079        2629.9551349575158        1725.4494443752249     
  0.73125000000000007       0.94286098024643783       -4.7778390331621132        52.437576857359147        3057.8790756591943        1683.8171379317218     
  0.73375000000000001       0.86455456031982336       -7.1388402433333837        54.778255870281349        3075.4702336041619        1515.9471304688711     
  0.73625000000000007        1.0991470100024232       -8.9439046546324423        90.127506271716612        4779.9171798841871        953.83514028614013     
  0.73875000000000002        2.8752828000742214       -18.593959939609171        265.72635387119419        13412.473981876397        373.34543673855455     
  0.74125000000000008        4.5506363303104802       -34.308577015874505        429.01430302941583        21378.546335161009        225.55286234156355     
  0.74375000000000002        4.6910378264954868       -47.964789526377139        463.93018703659692        23657.756047190895        100.58735234679519     
  0.74625000000000008        7.2149308891217352       -49.737269045596626        702.25886622379949        35213.422557637787        119.90639237178242     
  0.74875000000000003        8.3343420521031977       -17.711432961297600        818.06782366406196        41127.933786217647        115.17123183860573     
  0.75125000000000008        8.3343420494579057        17.711432945299986        818.06782340907023        41127.933773534474        115.17123183084414     
  0.75375000000000003        7.2149308854508956        49.737269046304007        702.25886584170803        35213.422538269726        119.90639248015408     
  0.75625000000000009        4.6910378339879220        47.964789559863554        463.93018777549941        23657.756083682838        100.58735220879574     
  0.75875000000000004        4.5506363306093771        34.308576949501202        429.01430301392583        21378.546335130610        225.55286304469652     
  0.76125000000000009        2.8752827888759676        18.593959883359886        265.72635286363482        13412.473931860824        373.34543659556027     
  0.76375000000000004        1.0991470069807221        8.9439046277114738        90.127506013926521        4779.9171688122242        953.83514293279984     
  0.76625000000000010       0.86455455958142635        7.1388402399372888        54.778255756089578        3075.4702284108507        1515.9471324143612     
  0.76875000000000004       0.94286098141146601        4.7778390277254923        52.437576853077061        3057.8790762669523        1683.8171387043476     
  0.77124999999999999       0.87957771732755807        1.4889967114952687        44.209397568548482        2629.9551465931172        1725.4494431361543     
  0.77375000000000005        1.0553641921917492        13.509894884342195        1.4434911073811665        1940.1840563302794        1755.5320433432646     
  0.77625000000000000        1.4470333185881461        7.2281961200687599       -22.631373432329042        1486.1599291313396        892.26092569047103     
  0.77875000000000005        1.3865137820255446        1.7806410497993512       -20.730933810872063        1127.0043096750112        700.22967438276669     
  0.78125000000000000        1.4226828668506721       0.13494227721379426       -20.152650015837583        1030.2010256256185        623.79399074508831     
  0.78375000000000006        1.7055714068916896        4.1131556876956434       -22.374192729682463        1172.8275392765074        598.69216657246966     
  0.78625000000000000        1.9980739611809875        7.0016119194106068       -22.113339476122995        1256.1677543584249        561.30680431763278     
  0.78875000000000006        2.0217524448735702        4.6026532261726381       -18.713413830030007        1086.9626507794746        492.20541961245584     
  0.79125000000000001        2.1172084326474541        4.1461084037109694       -17.188508400468926        1036.7358489045896        454.79884532006434     
  0.79375000000000007        2.4056565974624684        6.7496023608600275       -15.675398676276405        1136.3258266445227        447.19024723186607     
  0.79625000000000001        2.7621602221922323        8.7466251337766501       -10.394397479537187        1208.9738506457827        425.59717188585648     
  0.79875000000000007        3.5130696427773600        14.438202097369377       -2.7082326580865512        1401.3040201058561        390.14048100122380     
  0.80125000000000002        4.3017930917327281        20.852699811204904        4.1430136441495993        1647.3847163545468        370.74040773882439     
  0.80375000000000008        4.6075776767887096        19.015599787611023        13.634201852323836        1730.0981382995328        362.59547656431442     
  0.80625000000000002        6.9861548551436261        29.783097430147684        42.682459786397729        1987.4612882876397        256.73497845123046     
  0.80875000000000008        10.630031232120100        40.587673625309101        82.046987774884315        2193.1837831682251        169.24328020856098     
  0.81125000000000003        11.500918727131500        26.773077201232638        94.322794665201016        1974.0457987565251        135.30198505774374     
  0.81375000000000008        11.022693943874692        7.4342305218970894        91.948954191925992        1638.5779265121123        113.63480497333695     
  0.81625000000000003        11.430640518507040        2.9339988187639796        96.583525013638678        1626.3269407555701        106.54763911616278     
  0.81875000000000009        11.692385341627727        3.9019965182310887        100.34683706001175        1677.3290721328749        106.57173135942558     
  0.82125000000000004        10.881690684395624       0.30557531007421801        96.673102918582572        1572.8288791506395        105.07576213286865     
  0.82375000000000009        10.656649690493708       0.91111214288653242        98.203041146973362        1573.8020455837939        105.21912012879872     
  0.82625000000000004        11.590256551850976        9.9799751057787738        109.02486415734438        1777.4032995899163        108.74048774325814     
  0.82875000000000010        11.913175449846655        11.714456137460653        112.89328997578095        1846.1727948879529        109.58503274466509     
  0.83125000000000004        11.335708940534861        2.7544145211315660        105.89413354402316        1711.0820840977490        107.28353310163239     
  0.83374999999999999        11.930767498088537        2.5752762074959175        107.55889523334088        1788.6856982240770        109.26140318876146     
  0.83625000000000005        13.002946047057723        5.1319650006830004        112.21259078661264        1943.5385325704244        112.15463712583791     
  0.83875000000000000        11.923720816814546       -6.9004744403123270        96.738801536708181        1671.5685531016866        107.10953379094984     
  0.84125000000000005        10.915890080532369       -16.437067371930880        84.256812653656056        1449.5980720016610        101.87395119795030     
  0.84375000000000000        11.952470433693062       -13.723942742563167        90.347721164724248        1596.4930200034173        104.34233012756995     
  0.84625000000000006        13.041754613597735       -10.778912213808724        97.485079354145341        1760.0325955901176        106.67547569781934     
  0.84875000000000000        12.734275098060218       -16.131050714668429        94.714759158563311        1695.0264596957932        104.64479911034353     
  0.85125000000000006        12.159988623085606       -21.215250384414333        90.441941379471956        1593.1574643635549        101.83497049427599     
  0.85375000000000001        12.326309442424604       -20.696392852284731        92.264912455320967        1617.5458796861253        101.80338955247866     
  0.85625000000000007        12.854876659587038       -16.878017686862133        97.473609371991131        1707.3777718438992        103.20947752064566     
  0.85875000000000001        13.438005828303270       -11.618098157193012        103.22334864236920        1812.5892250147299        105.00921778622086     
  0.86125000000000007        14.042562031771997       -6.1667998502734509        108.48034669435337        1922.3907659825763        106.96234349635955     
  0.86375000000000002        14.354999460162050       -3.6944473594089837        110.48240999485684        1974.7930753045603        107.91759229952953     
  0.86625000000000008        14.226926303855691       -5.0938166231658570        109.12077223884694        1944.6382232241440        107.20848506003225     
  0.86875000000000002        14.012938512572397       -7.1464148034673585        107.00231912186854        1893.9523242233386        105.87336908503107     
  0.87125000000000008        14.062853444955318       -7.4908206937752935        106.73043173066787        1887.7973215876159        105.29764997805906     
  0.87375000000000003        14.530755832372982       -4.4731736919033915        110.09193247604279        1958.0578085476732        106.00376420827290     
  0.87625000000000008        15.448796498491609        2.0229419605969126        117.61725345073805        2111.0978462100793        107.66108138076241     
  0.87875000000000003        16.320116723700973        7.5211787641911876        124.99296009125146        2243.3702189928231        108.02541451867624     
  0.88125000000000009        17.145305103499339        11.288402413752378        131.48035310106718        2332.7881490587392        106.43948371141735     
  0.88375000000000004        18.508715886551787        18.522559432897737        142.00132379458631        2494.5861882488198        104.84744030273060     
  0.88625000000000009        19.122320614357058        21.141582318609800        145.03382914152706        2507.2331534649884        101.74180145308600     
  0.88875000000000004        17.216975667246317        6.2248333998955365        124.91769079890315        2103.3853584811568        95.782802571701041     
  0.89125000000000010        14.966213933189648       -6.7347226407403262        103.81305457725739        1737.9959206713017        91.969238896391758     
  0.89375000000000004        14.435223402079918       -5.4891747604392211        98.222031538347807        1705.2155770066515        94.907040252061819     
  0.89624999999999999        14.375235841415311       0.29311507813946169        96.709825263735439        1785.6252559438167        101.58533574939568     
  0.89875000000000005        13.839256144247736        3.9045816028173768        92.112770184341315        1827.4607943206286        109.85872739611411     
  0.90125000000000000        12.975525273348698        5.6164303873212145        85.606840843336158        1835.7281871155431        119.61861862121472     
  0.90375000000000005        12.042712739096796        7.0579088695055550        78.695722816054371        1839.0461560094975        131.18728447134654     
  0.90625000000000000        11.184894000629038        8.7331637983104642        72.076376166925655        1846.7710418968650        144.04504588277354     
  0.90875000000000006        10.544535192529224        10.483219079927517        66.798876399720086        1861.7888320205784        156.00447242483961     
  0.91125000000000000        10.225821626793429        12.162290233396369        63.836128120673152        1887.3620117328310        164.37566971577215     
  0.91375000000000006        10.182578131142430        13.821920048211142        62.940038341427808        1922.8247244745330        168.81017851951293     
  0.91625000000000001        10.272556007617876        15.680083348566352        62.878403655664982        1964.3695829298788        171.32667626015675     
  0.91875000000000007        10.425412245735837        18.003505172711399        62.840920296056176        2010.5025504820856        173.18887828364288     
  0.92125000000000001        10.659109175326916        20.826622298580553        62.938906645159534        2060.8393422053259        173.99907227242909     
  0.92375000000000007        10.955864464979125        23.798218342563295        63.400721614714570        2109.6636503343125        173.45678648148851     
  0.92625000000000002        11.232417950044484        26.452034530304616        64.092894727657821        2147.3956764623440        172.12586837985108     
  0.92875000000000008        11.431837651525520        28.622940774570797        64.860095710993605        2170.1401745728281        170.60344775887643     
  0.93125000000000002        11.569637158484552        30.462243374034788        65.627409397889963        2182.5882497005309        169.09377486156131     
  0.93375000000000008        11.691641958948750        32.186966858200485        66.182935192243633        2192.1889575030000        167.68925536023670     
  0.93625000000000003        11.834929076598263        34.011109136641942        66.342492391899967        2205.2647431157880        166.49427024581792     
  0.93875000000000008        12.027598792093585        36.237280359732694        66.250469795249401        2227.9437588626943        165.52718441426174     
  0.94125000000000003        12.286405740368711        39.099809263127732        66.250784238100422        2264.2294510825441        164.68573299949591     
  0.94375000000000009        12.581327145758864        42.221634719892648        66.379002515741931        2305.4639541326583        163.69581748171845     
  0.94625000000000004        12.850604217728060        44.782505485853072        66.387642863474198        2334.6311374442962        162.25835430815042     
  0.94875000000000009        13.076965827495723        46.571012540236680        66.167369697937104        2347.1459148996369        160.34461313103085     
  0.95125000000000004        13.321224111533647        48.424544036894893        65.923917745786497        2359.8906564335853        158.30030566821370     
  0.95375000000000010        13.664537418946392        51.442530687198577        65.952562151082347        2394.9343553693457        156.53223114644246     
  0.95625000000000004        14.124353159773070        55.916708198717266        66.389867746075808        2457.4886820834176        155.10627733095166     
  0.95874999999999999        14.636561829029512        61.173312043271764        67.237520213180318        2532.5916631073324        153.74629130394675     
  0.96125000000000005        15.088943353696809        66.024124604179775        68.443286681800103        2594.1087144982271        152.06035339749425     
  0.96375000000000000        15.400573163041056        69.502269032512643        69.867229793011532        2623.0135033550873        149.84511906712041     
  0.96625000000000005        15.643119761290773        72.108055662056103        71.202290882365332        2635.0013722205622        147.46183883137391     
  0.96875000000000000        16.049004822978151        76.142546427651084        71.940413463701319        2681.0803018468032        145.75468591298076     
  0.97125000000000006        16.811507584638296        83.696293305999305        71.646719957074623        2802.9660761280793        145.25489550445934     
  0.97375000000000000        17.788889549568946        93.798277095004025        70.708944824728036        2973.6443281589109        145.36160809929740     
  0.97625000000000006        18.439285300316431        101.10069084578383        71.118204174059301        3076.8282403812741        144.39380488677557     
  0.97875000000000001        18.290269504690219        99.945238660552661        74.534236449908931        3003.3739119414663        140.97318224296620     
  0.98125000000000007        17.631578287758593        93.240828226248098        79.187108281488662        2821.9137287717012        135.98037958090802     
  0.98375000000000001        17.316566539147335        90.294859828160668        82.513221850473542        2720.6521848302073        132.16533830076509     
  0.98625000000000007        17.671758174335363        94.261798694537063        84.359016375899870        2758.0062159266381        130.44868055652159     
  0.98875000000000002        18.329693710394590        101.36739547762035        85.882955906187561        2855.2090644311784        129.50114197523311     
  0.99125000000000008        19.012245489414479        109.14189893854521        88.062192746236803        2960.1750298760048        128.49393695461833     
  0.99375000000000002        19.722222865147295        117.72595320483529        90.721912313649966        3072.9315027737543        127.41498667698480     
  0.99625000000000008        20.349541349777553        125.20993459162268        92.994560214558561        3161.9514158484380        126.01067396879301     
  0.99875000000000003        20.624578342671949        127.68553520684790        94.458654304183071        3164.1802398663353        123.76628963242398     
   1.0012500000000000        20.553432249682160        125.46825748337133        95.534434017346896        3089.5816393976515        120.88466672667647     
   1.0037500000000001        20.519319613342809        124.08329610103235        96.918785766967517        3032.8328061705579        118.36503596768543     
   1.0062500000000001        20.861681206552753        128.02838911973424        98.955710656570474        3067.0766306202913        116.93815500268919     
   1.0087500000000000        21.779138458182469        139.86693822645088        101.75811482226342        3231.8245863681059        116.85433363657427     
   1.0112500000000000        23.411218875961609        161.95316371469372        105.41156715513706        3562.7257578619792        118.11583906987188     
   1.0137500000000002        25.128595813553478        185.84199811967727        109.44464941917992        3919.3229659600861        119.13822222891619     
   1.0162500000000001        25.459278566145137        189.67045533026220        112.88134302900399        3946.6878552117450        117.43942877528293     
   1.0187500000000000        24.317548598139936        171.99278506538013        114.75111854660835        3629.9287255096706        113.12602046165267     
   1.0212500000000000        23.540425298922898        159.80061402777997        116.15722648022870        3407.6507584500150        109.54254543914033     
   1.0237499999999999        24.036507923763857        165.57595600629122        119.20431410964676        3470.5653133558931        108.36405958539197     
   1.0262500000000001        25.039117849216861        178.06240673321952        123.39814291166780        3636.2122825388610        107.79182802708567     
   1.0287500000000001        25.814075319894776        186.86124132049528        127.34526004124838        3742.7315045940773        106.62028361272932     
   1.0312500000000000        26.324880634750986        192.08271173825329        130.56186387657851        3790.7463229751197        105.07926342256704     
   1.0337499999999999        26.831711697296385        197.50897981379083        133.48586567416484        3840.2645095983239        103.65677060473793     
   1.0362500000000001        27.441786221576180        204.22191119245633        136.36959865200998        3906.1352273878933        102.30334344180183     
   1.0387500000000001        28.135050364412855        211.51451139413160        139.38811533539527        3975.4130465201683        100.76634320889187     
   1.0412500000000000        28.955782236145431        219.78989176556274        143.21241245553085        4055.5648905485950        99.021543467972649     
   1.0437500000000000        29.921114285599550        229.44016118574947        147.82476983847715        4151.3295510478365        97.137882056936590     
   1.0462500000000001        31.043650167244262        240.62410089264333        153.12093450541988        4268.9578834874701        95.310016413286760     
   1.0487500000000001        32.261467428608825        253.37604136265901        159.13575163981511        4408.2776142019093        93.635173159834295     
   1.0512500000000000        33.535539601296378        266.95693728024912        165.31527680916696        4553.8559397176996        91.957550882593893     
   1.0537500000000000        34.898124919467612        281.45710095563788        171.87288290861864        4705.5956083426845        90.187332648033262     
   1.0562500000000001        36.430801367396505        297.80322306539404        179.23212262541725        4878.2740871148289        88.391867768636459     
   1.0587500000000001        38.051565898678263        314.77059956408903        186.80055509578642        5053.5687068818042        86.543848768060101     
   1.0612500000000000        39.814377125503633        333.35620478530382        194.82028604136502        5243.5051538747812        84.675461711172147     
   1.0637500000000000        41.783032463841856        354.85356634810302        204.08051523722276        5466.6326519915847        82.842094356966413     
   1.0662500000000001        43.736617697166928        375.81425806045036        211.98566849950979        5661.9355999589352        80.792221758880160     
   1.0687500000000001        45.894047685040611        399.05207921310648        220.62924290248355        5881.9129897502808        78.805369773723555     
   1.0712500000000000        48.461891110456946        427.39481982183656        231.62376054819362        6163.8526916970695        76.878768941725482     
   1.0737500000000000        50.650746912297045        449.55673234159116        239.61763110157057        6349.8382861127548        74.786691483067145     
   1.0762500000000002        53.253882473700912        479.08071672926161        250.50057053522292        6630.1625451660930        72.972219292215271     
   1.0787500000000001        56.368838603911875        513.57600487617037        265.04639184478663        6984.4402928170948        71.346559077581432     
   1.0812500000000000        58.297152757924572        532.35152806977419        270.94486769645601        7082.7437404505736        68.999604255592345     
   1.0837500000000000        62.263284262762063        577.73381249707518        289.33522369593135        7553.8926034913829        67.475798924521158     
   1.0862500000000002        66.363388171809689        626.88333710101551        303.61978954745382        8038.8444675226010        66.052350151434013     
   1.0887500000000001        68.501023645828710        648.35125212747710        304.40966383906232        8116.0223156484517        63.814714126116215     
   1.0912500000000001        73.751947273513863        715.93079097508416        334.17964961325788        8884.8758767960826        63.088502597264934     
   1.0937500000000000        79.033798539316592        784.89855721743106        360.32758660794860        9662.7857168471710        62.554347063107244     
   1.0962499999999999        57.426769626603189        475.36525511729678        204.58898956324700        5427.1196688187183        53.898276191601092     
   1.0987500000000001        31.490875223348130        147.19692763029684        53.742702400861916        1362.1016160907536        30.873177590593045     
   1.1012500000000001        20.684017308805910        40.144805566888408        12.291840890068706        275.78333648354175        11.273113198530211     
   1.1037500000000000        15.179944282209140        4.0604595566789943       0.81793046792641255        17.402736274036823        1.1092028390205324     
   1.1062500000000000        14.060871262624632        9.2114192906227133E-002   8.8467167218355645E-003   2.6196531150670088       0.18628636578628627     
   1.1087500000000001        13.998930647655746       -1.2132577259010395E-003  -8.5300116692286327E-005   2.4990852373372636       0.17851972035597141     
   1.1112500000000001        13.997721240059745       -7.8489541213436521E-003  -3.4412670634867236E-004   2.4933889074923758       0.17812804383839048     
   1.1137500000000000        13.999637136059849       -4.5495069008104442E-004  -2.0054654870747671E-005   2.4996406990396665       0.17855039150939586     
   1.1162500000000000        14.000012538382101        3.7292813448693431E-006  -3.7704599007422848E-008   2.5000028471421594       0.17857147201030815     
   1.1187500000000001        13.999994267136735       -2.8434246505761611E-006  -7.5972859666791357E-008   2.4999977662080344       0.17857134213805947     
   1.1212500000000001        14.000000688592213        4.1167331618691046E-007   1.3068362484556645E-008   2.5000003256527412       0.17857144304927355     
   1.1237500000000000        14.000000034341941        1.5801657918673721E-008   4.8571420582867201E-010   2.5000000124927619       0.17857142902573375     
   1.1262500000000000        13.999999996986732       -9.3984300309539759E-010  -1.1499707249234050E-011   2.4999999992566724       0.17857142855676827     
   1.1287500000000001        14.000000000807843        2.9427822251091329E-010   6.1313603267400722E-012   2.5000000002326654       0.17857142857774341     
   1.1312500000000001        13.999999999923913       -2.9387802823769791E-011  -6.8929867883018202E-013   2.4999999999767546       0.17857142857073868     
   1.1337500000000000        14.000000000000405        1.7268041359750140E-013   4.1682759568674285E-015   2.5000000000001323       0.17857142857143285     
   1.1362500000000000        14.000000000000240        7.6973377202801892E-014   5.3331374395873486E-016   2.5000000000000551       0.17857142857142944     
   1.1387500000000002        13.999999999999901       -2.7342125770626716E-014  -5.1086839806162316E-016   2.4999999999999751       0.17857142857142805     
   1.1412500000000001        13.999999999999998        2.8412129948538309E-015   3.6249799347079140E-017   2.5000000000000009       0.17857142857142869     
   1.1437500000000000        13.999999999999998       -1.2189491353744715E-016   4.8921680248680222E-018   2.5000000000000004       0.17857142857142863     
   1.1462500000000000        13.999999999999998       -5.4810141419330000E-018  -2.2246222353961832E-018   2.5000000000000004       0.17857142857142863     
   1.1487500000000002        13.999999999999998        5.5411500193172487E-019   0.0000000000000000        2.5000000000000004       0.17857142857142863     
   1.1512500000000001        13.999999999999998        3.5980437116579357E-024   0.0000000000000000        2.5000000000000004       0.17857142857142863     
   1.1537500000000001        13.999999999999998        1.4765280299048583E-029   0.0000000000000000        2.5000000000000004       0.17857142857142863     
   1.1562500000000000        13.999999999999998       -9.5798816573942498E-033   0.0000000000000000        2.5000000000000004       0.17857142857142863     
   1.1587499999999999        13.999999999999998       -5.4157635854783627E-037   0.0000000000000000        2.5000000000000004       0.17857142857142863     
   1.1612500000000001        13.999999999999998       -1.3917650606081444E-042   0.0000000000000000        2.5000000000000004       0.17857142857142863     
   1.1637500000000001        13.999999999999998        1.1883069615731805E-045   0.0000000000000000        2.5000000000000004       0.17857142857142863     
   1.1662500000000000        13.999999999999998        8.5856580655964041E-050   0.0000000000000000        2.5000000000000004       0.17857142857142863     
   1.1687500000000000        13.999999999999998        1.2908269857375857E-054   0.0000000000000000        2.5000000000000004       0.17857142857142863     
   1.1712500000000001        13.999999999999998       -2.6528824961069634E-058   0.0000000000000000        2.5000000000000004       0.17857142857142863     
   1.1737500000000001        13.999999999999998       -1.3103318224728832E-062   0.0000000000000000        2.5000000000000004       0.17857142857142863     
   1.1762500000000000        13.999999999999998       -4.1252293928860444E-068   0.0000000000000000        2.5000000000000004       0.17857142857142863     
   1.1787500000000000        13.999999999999998        3.7403512228749586E-071   0.0000000000000000        2.5000000000000004       0.17857142857142863     
   1.1812500000000001        13.999999999999998        2.0982584351681626E-075   0.0000000000000000        2.5000000000000004       0.17857142857142863     
   1.1837500000000001        13.999999999999998        4.7864353404464151E-080   0.0000000000000000        2.5000000000000004       0.17857142857142863     
   1.1862500000000000        13.999999999999998       -4.8194073190124145E-084   0.0000000000000000        2.5000000000000004       0.17857142857142863     
   1.1887500000000000        13.999999999999998       -2.8685610729651867E-088   0.0000000000000000        2.5000000000000004       0.17857142857142863     
   1.1912500000000001        13.999999999999998       -5.2588237307092631E-093   0.0000000000000000        2.5000000000000004       0.17857142857142863     
   1.1937500000000001        13.999999999999998        5.0015521489531012E-097   0.0000000000000000        2.5000000000000004       0.17857142857142863     
   1.1962500000000000        13.999999999999998        3.5943886312094927E-101   0.0000000000000000        2.5000000000000004       0.17857142857142863     
   1.1987500000000000        13.999999999999998        9.7595250911348028E-106   0.0000000000000000        2.5000000000000004       0.17857142857142863     
   1.2012500000000002        13.999999999999998       -3.7107970670651190E-110   0.0000000000000000        2.5000000000000004       0.17857142857142863     
   1.2037500000000001        13.999999999999998       -3.6567797361656403E-114   0.0000000000000000        2.5000000000000004       0.17857142857142863     
   1.2062500000000000        13.999999999999998       -1.0079431822205593E-118   0.0000000000000000        2.5000000000000004       0.17857142857142863     
   1.2087500000000000        13.999999999999998        2.3493679821489842E-123   0.0000000000000000        2.5000000000000004       0.17857142857142863     
   1.2112500000000002        13.999999999999998        3.6664891503403620E-127   0.0000000000000000        2.5000000000000004       0.17857142857142863     
   1.2137500000000001        13.999999999999998        1.3665782201428780E-131   0.0000000000000000        2.5000000000000004       0.17857142857142863     
   1.2162500000000001        13.999999999999998       -3.1661829196500259E-137   0.0000000000000000        2.5000000000000004       0.17857142857142863     
   1.2187500000000000        13.999999999999998       -2.7668946282171545E-140   0.0000000000000000        2.5000000000000004       0.17857142857142863     
   1.2212499999999999        13.999999999999998       -1.4106805741137160E-144   0.0000000000000000        2.5000000000000004       0.17857142857142863     
   1.2237500000000001        13.999999999999998       -1.4543692564484749E-149   0.0000000000000000        2.5000000000000004       0.17857142857142863     
   1.2262500000000001        13.999999999999998        1.7370927021805436E-153   0.0000000000000000        2.5000000000000004       0.17857142857142863     
   1.2287500000000000        13.999999999999998        1.3896702609805894E-157   0.0000000000000000        2.5000000000000004       0.17857142857142863     
   1.2312500000000000        13.999999999999998        2.4891065856868767E-162   0.0000000000000000        2.5000000000000004       0.17857142857142863     
   1.2337500000000001        13.999999999999998       -6.2222826651009605E-167   0.0000000000000000        2.5000000000000004       0.17857142857142863     
   1.2362500000000001        13.999999999999998       -1.2289979926937352E-170   0.0000000000000000        2.5000000000000004       0.17857142857142863     
   1.2387500000000000        13.999999999999998       -2.9377647493192185E-175   0.0000000000000000        2.5000000000000004       0.17857142857142863     
   1.2412500000000000        13.999999999999998       -4.4788457732621595E-180   0.0000000000000000        2.5000000000000004       0.17857142857142863     
   1.2437500000000001        13.999999999999998        9.6125756127601460E-184   0.0000000000000000        2.5000000000000004       0.17857142857142863     
   1.2462500000000001        13.999999999999998        3.0331723099930588E-188   0.0000000000000000        2.5000000000000004       0.17857142857142863     
   1.2487500000000000        13.999999999999998        9.0698525292796587E-193   0.0000000000000000        2.5000000000000004       0.17857142857142863     
   1.2512500000000000        13.999999999999998       -6.8340774034014208E-197   0.0000000000000000        2.5000000000000004       0.17857142857142863     
   1.2537500000000001        13.999999999999998       -2.4049274759206937E-201   0.0000000000000000        2.5000000000000004       0.17857142857142863     
   1.2562500000000001        13.999999999999998       -1.2384105558825996E-205   0.0000000000000000        2.5000000000000004       0.17857142857142863     
   1.2587500000000000        13.999999999999998        2.6794036156688795E-210   0.0000000000000000        2.5000000000000004       0.17857142857142863     
   1.2612500000000000        13.999999999999998        1.6322715309621971E-214   0.0000000000000000        2.5000000000000004       0.17857142857142863     
   1.2637500000000002        13.999999999999998        1.1061407459007991E-218   0.0000000000000000        2.5000000000000004       0.17857142857142863     
   1.2662500000000001        13.999999999999998       -1.1788476468257838E-223   0.0000000000000000        2.5000000000000004       0.17857142857142863     
   1.2687500000000000        13.999999999999998       -9.1135163774841002E-228   0.0000000000000000        2.5000000000000004       0.17857142857142863     
   1.2712500000000000        13.999999999999998       -9.6523386861476628E-232   0.0000000000000000        2.5000000000000004       0.17857142857142863     
   1.2737500000000002        13.999999999999998       -2.2165495727901752E-236   0.0000000000000000        2.5000000000000004       0.17857142857142863     
   1.2762500000000001        13.999999999999998       -2.7296967656933199E-241   0.0000000000000000        2.5000000000000004       0.17857142857142863     
   1.2787500000000001        13.999999999999998        6.6859894513308121E-245   0.0000000000000000        2.5000000000000004       0.17857142857142863     
   1.2812500000000000        13.999999999999998        2.4195487693996104E-249   0.0000000000000000        2.5000000000000004       0.17857142857142863     
   1.2837499999999999        13.999999999999998        6.3228079020721634E-254   0.0000000000000000        2.5000000000000004       0.17857142857142863     
   1.2862500000000001        13.999999999999998       -4.9351743331323640E-258   0.0000000000000000        2.5000000000000004       0.17857142857142863     
   1.2887500000000001        13.999999999999998       -3.6888890185004491E-262   0.0000000000000000        2.5000000000000004       0.17857142857142863     
   1.2912500000000000        13.999999999999998       -1.5921767942410707E-266   0.0000000000000000        2.5000000000000004       0.17857142857142863     
   1.2937500000000000        13.999999999999998        2.8371645768685650E-271   0.0000000000000000        2.5000000000000004       0.17857142857142863     
   1.2962500000000001        13.999999999999998        3.7127103085658649E-275   0.0000000000000000        2.5000000000000004       0.17857142857142863     
   1.2987500000000001        13.999999999999998        1.9558802342545395E-279   0.0000000000000000        2.5000000000000004       0.17857142857142863     
   1.3012500000000000        13.999999999999998       -1.6099224903255317E-284   0.0000000000000000        2.5000000000000004       0.17857142857142863     
   1.3037500000000000        13.999999999999998       -4.3750689269479571E-288   0.0000000000000000        2.5000000000000004       0.17857142857142863     
   1.3062500000000001        13.999999999999998       -3.1055358915278299E-292   0.0000000000000000        2.5000000000000004       0.17857142857142863     
   1.3087500000000001        13.999999999999998       -8.1932605318873244E-299   0.0000000000000000        2.5000000000000004       0.17857142857142863     
   1.3112500000000000        13.999999999999998        5.5948472819891059E-301   0.0000000000000000        2.5000000000000004       0.17857142857142863     
   1.3137500000000000        13.999999999999998        5.1485736183529869E-305   0.0000000000000000        2.5000000000000004       0.17857142857142863     
   1.3162500000000001        13.999999999999998        3.8228297466399933E-310   0.0000000000000000        2.5000000000000004       0.17857142857142863     
   1.3187500000000001        13.999999999999998       -7.8337326027324942E-314   0.0000000000000000        2.5000000000000004       0.17857142857142863     
   1.3212500000000000        13.999999999999998       -9.4599193868304733E-318   0.0000000000000000        2.5000000000000004       0.17857142857142863     
   1.3237500000000000        13.999999999999998       -1.3833838083554903E-322   0.0000000000000000        2.5000000000000004       0.17857142857142863     
   1.3262500000000002        13.999999999999998        0.0000000000000000        0.0000000000000000        2.5000000000000004       0.17857142857142863     
   1.3287500000000001        13.999999999999998        0.0000000000000000        0.0000000000000000        2.5000000000000004       0.17857142857142863     
   1.3312500000000000        13.999999999999998        0.0000000000000000        0.0000000000000000        2.5000000000000004       0.17857142857142863     
   1.3337500000000000        13.999999999999998        0.0000000000000000        0.0000000000000000        2.5000000000000004       0.17857142857142863     
   1.3362500000000002        13.999999999999998        0.0000000000000000        0.0000000000000000        2.5000000000000004       0.17857142857142863     
   1.3387500000000001        13.999999999999998        0.0000000000000000        0.0000000000000000        2.5000000000000004       0.17857142857142863     
   1.3412500000000001        13.999999999999998        0.0000000000000000        0.0000000000000000        2.5000000000000004       0.17857142857142863     
   1.3437500000000000        13.999999999999998        0.0000000000000000        0.0000000000000000        2.5000000000000004       0.17857142857142863     
   1.3462499999999999        13.999999999999998        0.0000000000000000        0.0000000000000000        2.5000000000000004       0.17857142857142863     
   1.3487500000000001        13.999999999999998        0.0000000000000000        0.0000000000000000        2.5000000000000004       0.17857142857142863     
   1.3512500000000001        13.999999999999998        0.0000000000000000        0.0000000000000000        2.5000000000000004       0.17857142857142863     
   1.3537500000000000        13.999999999999998        0.0000000000000000        0.0000000000000000        2.5000000000000004       0.17857142857142863     
   1.3562500000000000        13.999999999999998        0.0000000000000000        0.0000000000000000        2.5000000000000004       0.17857142857142863     
   1.3587500000000001        13.999999999999998        0.0000000000000000        0.0000000000000000        2.5000000000000004       0.17857142857142863     
   1.3612500000000001        13.999999999999998        0.0000000000000000        0.0000000000000000        2.5000000000000004       0.17857142857142863     
   1.3637500000000000        13.999999999999998        0.0000000000000000        0.0000000000000000        2.5000000000000004       0.17857142857142863     
   1.3662500000000000        13.999999999999998        0.0000000000000000        0.0000000000000000        2.5000000000000004       0.17857142857142863     
   1.3687500000000001        13.999999999999998        0.0000000000000000        0.0000000000000000        2.5000000000000004       0.17857142857142863     
   1.3712500000000001        13.999999999999998        0.0000000000000000        0.0000000000000000        2.5000000000000004       0.17857142857142863     
   1.3737500000000000        13.999999999999998        0.0000000000000000        0.0000000000000000        2.5000000000000004       0.17857142857142863     
   1.3762500000000000        13.999999999999998        0.0000000000000000        0.0000000000000000        2.5000000000000004       0.17857142857142863     
   1.3787500000000001        13.999999999999998        0.0000000000000000        0.0000000000000000        2.5000000000000004       0.17857142857142863     
   1.3812500000000001        13.999999999999998        0.0000000000000000        0.0000000000000000        2.5000000000000004       0.17857142857142863     
   1.3837500000000000        13.999999999999998        0.0000000000000000        0.0000000000000000        2.5000000000000004       0.17857142857142863     
   1.3862500000000000        13.999999999999998        0.0000000000000000        0.0000000000000000        2.5000000000000004       0.17857142857142863     
   1.3887500000000002        13.999999999999998        0.0000000000000000        0.0000000000000000        2.5000000000000004       0.17857142857142863     
   1.3912500000000001        13.999999999999998        0.0000000000000000        0.0000000000000000        2.5000000000000004       0.17857142857142863     
   1.3937500000000000        13.999999999999998        0.0000000000000000        0.0000000000000000        2.5000000000000004       0.17857142857142863     
   1.3962500000000000        13.999999999999998        0.0000000000000000        0.0000000000000000        2.5000000000000004       0.17857142857142863     
   1.3987500000000002        13.999999999999998        0.0000000000000000        0.0000000000000000        2.5000000000000004       0.17857142857142863     
   1.4012500000000001        13.999999999999998        0.0000000000000000        0.0000000000000000        2.5000000000000004       0.17857142857142863     
   1.4037500000000001        13.999999999999998        0.0000000000000000        0.0000000000000000        2.5000000000000004       0.17857142857142863     
   1.4062500000000000        13.999999999999998        0.0000000000000000        0.0000000000000000        2.5000000000000004       0.17857142857142863     
   1.4087499999999999        13.999999999999998        0.0000000000000000        0.0000000000000000        2.5000000000000004       0.17857142857142863     
   1.4112500000000001        13.999999999999998        0.0000000000000000        0.0000000000000000        2.5000000000000004       0.17857142857142863     
   1.4137500000000001        13.999999999999998        0.0000000000000000        0.0000000000000000        2.5000000000000004       0.17857142857142863     
   1.4162500000000000        13.999999999999998        0.0000000000000000        0.0000000000000000        2.5000000000000004       0.17857142857142863     
   1.4187500000000000        13.999999999999998        0.0000000000000000        0.0000000000000000        2.5000000000000004       0.17857142857142863     
   1.4212500000000001        13.999999999999998        0.0000000000000000        0.0000000000000000        2.5000000000000004       0.17857142857142863     
   1.4237500000000001        13.999999999999998        0.0000000000000000        0.0000000000000000        2.5000000000000004       0.17857142857142863     
   1.4262500000000000        13.999999999999998        0.0000000000000000        0.0000000000000000        2.5000000000000004       0.17857142857142863     
   1.4287500000000000        13.999999999999998        0.0000000000000000        0.0000000000000000        2.5000000000000004       0.17857142857142863     
   1.4312500000000001        13.999999999999998        0.0000000000000000        0.0000000000000000        2.5000000000000004       0.17857142857142863     
   1.4337500000000001        13.999999999999998        0.0000000000000000        0.0000000000000000        2.5000000000000004       0.17857142857142863     
   1.4362500000000000        13.999999999999998        0.0000000000000000        0.0000000000000000        2.5000000000000004       0.17857142857142863     
   1.4387500000000000        13.999999999999998        0.0000000000000000        0.0000000000000000        2.5000000000000004       0.17857142857142863     
   1.4412500000000001        13.999999999999998        0.0000000000000000        0.0000000000000000        2.5000000000000004       0.17857142857142863     
   1.4437500000000001        13.999999999999998        0.0000000000000000        0.0000000000000000        2.5000000000000004       0.17857142857142863     
   1.4462500000000000        13.999999999999998        0.0000000000000000        0.0000000000000000        2.5000000000000004       0.17857142857142863     
   1.4487500000000000        13.999999999999998        0.0000000000000000        0.0000000000000000        2.5000000000000004       0.17857142857142863     
   1.4512500000000002        13.999999999999998        0.0000000000000000        0.0000000000000000        2.5000000000000004       0.17857142857142863     
   1.4537500000000001        13.999999999999998        0.0000000000000000        0.0000000000000000        2.5000000000000004       0.17857142857142863     
   1.4562500000000000        13.999999999999998        0.0000000000000000        0.0000000000000000        2.5000000000000004       0.17857142857142863     
   1.4587500000000000        13.999999999999998        0.0000000000000000        0.0000000000000000        2.5000000000000004       0.17857142857142863     
   1.4612500000000002        13.999999999999998        0.0000000000000000        0.0000000000000000        2.5000000000000004       0.17857142857142863     
   1.4637500000000001        13.999999999999998        0.0000000000000000        0.0000000000000000        2.5000000000000004       0.17857142857142863     
   1.4662500000000001        13.999999999999998        0.0000000000000000        0.0000000000000000        2.5000000000000004       0.17857142857142863     
   1.4687500000000000        13.999999999999998        0.0000000000000000        0.0000000000000000        2.5000000000000004       0.17857142857142863     
   1.4712499999999999        13.999999999999998        0.0000000000000000        0.0000000000000000        2.5000000000000004       0.17857142857142863     
   1.4737500000000001        13.999999999999998        0.0000000000000000        0.0000000000000000        2.5000000000000004       0.17857142857142863     
   1.4762500000000001        13.999999999999998        0.0000000000000000        0.0000000000000000        2.5000000000000004       0.17857142857142863     
   1.4787500000000000        13.999999999999998        0.0000000000000000        0.0000000000000000        2.5000000000000004       0.17857142857142863     
   1.4812500000000000        13.999999999999998        0.0000000000000000        0.0000000000000000        2.5000000000000004       0.17857142857142863     
   1.4837500000000001        13.999999999999998        0.0000000000000000        0.0000000000000000        2.5000000000000004       0.17857142857142863     
   1.4862500000000001        13.999999999999998        0.0000000000000000        0.0000000000000000        2.5000000000000004       0.17857142857142863     
   1.4887500000000000        13.999999999999998        0.0000000000000000        0.0000000000000000        2.5000000000000004       0.17857142857142863     
   1.4912500000000000        13.999999999999998        0.0000000000000000        0.0000000000000000        2.5000000000000004       0.17857142857142863     
   1.4937500000000001        13.999999999999998        0.0000000000000000        0.0000000000000000        2.5000000000000004       0.17857142857142863     
   1.4962500000000001        13.999999999999998        0.0000000000000000        0.0000000000000000        2.5000000000000004       0.17857142857142863     
   1.4987500000000000        13.999999999999998        0.0000000000000000        0.0000000000000000        2.5000000000000004       0.17857142857142863     
