   1.7677669529663688E-003   13.985937349183105     
   5.3033008588991067E-003   13.966368447674363     
   8.8388347648318440E-003   13.942450178796006     
   1.2374368670764583E-002   13.919134102771011     
   1.5909902576697318E-002   13.896044167285375     
   1.9445436482630057E-002   13.872950072937520     
   2.2980970388562796E-002   13.849850132147965     
   2.6516504294495528E-002   13.826750028557823     
   3.0052038200428267E-002   13.803650024189595     
   3.3587572106361013E-002   13.780550025578089     
   3.7123106012293738E-002   13.757450025734478     
   4.0658639918226477E-002   13.734350025786357     
   4.4194173824159216E-002   13.711250025850267     
   4.7729707730091955E-002   13.688150025915858     
   5.1265241636024694E-002   13.665050025981696     
   5.4800775541957433E-002   13.641950026047709     
   5.8336309447890172E-002   13.618850026113964     
   6.1871843353822904E-002   13.595750026180385     
   6.5407377259755650E-002   13.572650026247535     
   6.8942911165688375E-002   13.549550026314609     
   7.2478445071621128E-002   13.526450026382093     
   7.6013978977553853E-002   13.503350026449764     
   7.9549512883486606E-002   13.480250026517782     
   8.3085046789419331E-002   13.457150026586074     
   8.6620580695352056E-002   13.434050026654649     
   9.0156114601284809E-002   13.410950026723629     
   9.3691648507217562E-002   13.387850026792840     
   9.7227182413150287E-002   13.364750026862417     
  0.10076271631908301        13.341650026932111     
  0.10429825022501577        13.318550027002082     
  0.10783378413094849        13.295450027072647     
  0.11136931803688124        13.272350027143380     
  0.11490485194281397        13.249250027214362     
  0.11844038584874672        13.226150027285666     
  0.12197591975467945        13.203050027357442     
  0.12551145366061217        13.179950027429253     
  0.12904698756654492        13.156850027501672     
  0.13258252147247768        13.133750027574294     
  0.13611805537841040        13.110650027647079     
  0.13965358928434313        13.087550027720429     
  0.14318912319027588        13.064450027793949     
  0.14672465709620860        13.041350027867814     
  0.15026019100214133        13.018250027942024     
  0.15379572490807408        12.995150028016525     
  0.15733125881400684        12.972050028091479     
  0.16086679271993959        12.948950028166680     
  0.16440232662587229        12.925850028242273     
  0.16793786053180504        12.902750028317998     
  0.17147339443773779        12.879650028394250     
  0.17500892834367049        12.856550028470966     
  0.17854446224960324        12.833450028547723     
  0.18207999615553599        12.810350028624997     
  0.18561553006146875        12.787250028702665     
  0.18915106396740147        12.764150028780666     
  0.19268659787333420        12.741050028859028     
  0.19622213177926695        12.717950028937622     
  0.19975766568519970        12.694850029016520     
  0.20329319959113240        12.671750029096085     
  0.20682873349706515        12.648650029175892     
  0.21036426740299788        12.625550029255898     
  0.21389980130893060        12.602450029336357     
  0.21743533521486336        12.579350029417267     
  0.22097086912079611        12.556250029498450     
  0.22450640302672886        12.533150029580101     
  0.22804193693266156        12.510050029662040     
  0.23157747083859431        12.486950029744452     
  0.23511300474452707        12.463850029827224     
  0.23864853865045982        12.440750029910246     
  0.24218407255639254        12.417650029993752     
  0.24571960646232527        12.394550030077738     
  0.24925514036825797        12.371450030161995     
  0.25279067427419072        12.348350030246550     
  0.25632620818012347        12.325250030331738     
  0.25986174208605617        12.302150030417154     
  0.26339727599198892        12.279050030503047     
  0.26693280989792167        12.255950030589297     
  0.27046834380385443        12.232850030676090     
  0.27400387770978718        12.209750030763287     
  0.27753941161571993        12.186650030850707     
  0.28107494552165269        12.163550030938609     
  0.28461047942758544        12.140450031026980     
  0.28814601333351814        12.117350031115784     
  0.29168154723945083        12.094250031205000     
  0.29521708114538359        12.071150031294703     
  0.29875261505131634        12.048050031384639     
  0.30228814895724909        12.024950031475099     
  0.30582368286318184        12.001850031566210     
  0.30935921676911449        11.978750031658677     
  0.31289475067504724        11.955650031749661     
  0.31643028458097999        11.932550031896907     
  0.31996581848691275        11.909450035153654     
  0.32350135239284550        11.886346026068672     
  0.32703688629877825        11.863379037707510     
  0.33057242020471100        11.891884686120452     
  0.33410795411064376        13.517297393905888     
  0.33764348801657640        21.360944098567860     
  0.34117902192250915        42.420035353229295     
  0.34471455582844190        69.615991579604540     
  0.34825008973437466        62.505752391278726     
  0.35178562364030741        52.785125174497594     
  0.35532115754624016        51.091889226120912     
  0.35885669145217292        48.493508491795538     
  0.36239222535810567        44.395256527024138     
  0.36592775926403842        41.073201146869138     
  0.36946329316997117        38.326836799294732     
  0.37299882707590387        35.651275244444477     
  0.37653436098183657        33.168506317412024     
  0.38006989488776932        30.977436887675310     
  0.38360542879370207        29.002737361817559     
  0.38714096269963483        27.183035418730306     
  0.39067649660556758        25.513865373080709     
  0.39421203051150033        24.005902198129075     
  0.39774756441743309        22.664608729685646     
  0.40128309832336584        21.486834441588528     
  0.40481863222929854        20.458612338970056     
  0.40835416613523123        19.559327092262432     
  0.41188970004116399        18.767914967775742     
  0.41542523394709668        18.065216652287326     
  0.41896076785302938        17.434217244115700     
  0.42249630175896213        16.863913761043957     
  0.42603183566489489        16.129958955508357     
  0.42956736957082764        18.208214119209210     
  0.43310290347676039        44.245935049160934     
  0.43663843738269315        44.506551182902939     
  0.44017397128862590        37.926118834038746     
  0.44370950519455865        36.763101685711490     
  0.44724503910049135        34.565325210204954     
  0.45078057300642405        32.908679448039749     
  0.45431610691235680        31.952239246095914     
  0.45785164081828955        31.282037151321468     
  0.46138717472422230        30.487359545113321     
  0.46492270863015506        29.382624326956016     
  0.46845824253608781        28.013979837607565     
  0.47199377644202056        26.539007805325486     
  0.47552931034795332        25.117633997901180     
  0.47906484425388601        23.883655987522467     
  0.48260037815981877        22.903620985500762     
  0.48613591206575146        22.179639791958316     
  0.48967144597168422        21.659867880526683     
  0.49320697987761697        21.274617590255630     
  0.49674251378354961        20.956768820562388     
  0.50027804768948236        20.661390557065687     
  0.50381358159541512        20.360611573806331     
  0.50734911550134787        20.038402749677005     
  0.51088464940728051        19.687724875081948     
  0.51442018331321337        19.311461812173057     
  0.51795571721914602        18.926522149283279     
  0.52149125112507888        18.534971045840699     
  0.52502678503101152        18.077363065467129     
  0.52856231893694439        17.556929530417083     
  0.53209785284287703        17.206929314231729     
  0.53563338674880978        17.112235579555346     
  0.53916892065474253        17.067987508686791     
  0.54270445456067518        16.907334489972417     
  0.54623998846660804        16.622704893024373     
  0.54977552237254068        21.432440819771195     
  0.55331105627847355        34.781384044858072     
  0.55684659018440619        37.287145730532913     
  0.56038212409033905        31.855492534602774     
  0.56391765799627169        48.239283973251133     
  0.56745319190220445        54.052244640835475     
  0.57098872580813720        45.899903773886763     
  0.57452425971406984        37.952920957844206     
  0.57805979362000270        31.358781587767123     
  0.58159532752593535        26.730240665285944     
  0.58513086143186821        17.302091599195951     
  0.58866639533780085        7.2491698154238851     
  0.59220192924373349        1.7308169505011801     
  0.59573746314966636        1.1286812016689574     
  0.59927299705559900        2.0597987749947650     
  0.60280853096153186        2.4513016024706529     
  0.60634406486746451        2.2809400134645714     
  0.60987959877339726        1.9833218871704426     
  0.61341513267933001        1.7418444476493082     
  0.61695066658526265        1.6320137486843846     
  0.62048620049119552        1.6282011972601689     
  0.62402173439712816        1.6162366272107216     
  0.62755726830306102        1.4852083436837793     
  0.63109280220899366        1.2277185804877055     
  0.63462833611492653       0.98554497207954439     
  0.63816387002085917       0.90433207476705546     
  0.64169940392679203       0.93551235746360650     
  0.64523493783272468       0.71314397012863917     
  0.64877047173865732       0.28867839899642828     
  0.65230600564459018       0.29784088022365945     
  0.65584153955052282       0.30221028644133585     
  0.65937707345645569       0.30378331899775329     
  0.66291260736238833       0.30250770587524600     
  0.66644814126832119       0.29973061474789697     
  0.66998367517425383       0.29793476404098646     
  0.67351920908018670       0.30004462811358479     
  0.67705474298611934       0.30859950563752808     
  0.68059027689205198       0.32505915150581755     
  0.68412581079798485       0.34938778479194649     
  0.68766134470391749       0.37999388269239909     
  0.69119687860985013       0.41410148704431105     
  0.69473241251578299       0.44847549635692963     
  0.69826794642171564       0.48026962298557618     
  0.70180348032764850       0.50769333005498907     
  0.70533901423358114       0.53030074803575256     
  0.70887454813951400       0.54888474483135319     
  0.71241008204544665       0.56504693891936753     
  0.71594561595137951       0.58054698793676984     
  0.71948114985731215       0.59664107238994779     
  0.72301668376324479       0.61376800948522736     
  0.72655221766917766       0.63181734127914158     
  0.73008775157511030       0.65073283452954045     
  0.73362328548104316       0.67086798232601508     
  0.73715881938697581       0.69278789365978932     
  0.74069435329290867       0.71677912144278721     
  0.74422988719884131       0.74257284933684875     
  0.74776542110477418       0.76950811339300829     
  0.75130095501070682       0.79680577879660874     
  0.75483648891663946       0.82353527251936542     
  0.75837202282257232       0.84850207570038194     
  0.76190755672850496       0.87058227175341329     
  0.76544309063443761       0.88929262805018294     
  0.76897862454037047       0.90486053116889520     
  0.77251415844630311       0.91766727113305202     
  0.77604969235223598       0.92763769651623995     
  0.77958522625816862       0.93405551636108075     
  0.78312076016410148       0.93581582487006831     
  0.78665629407003412       0.93190562951753186     
  0.79019182797596699       0.92210573236271642     
  0.79372736188189963       0.90800277631003035     
  0.79726289578783249       0.89366516819227093     
  0.80079842969376513       0.88474211165593575     
  0.80433396359969800       0.88608135341443339     
  0.80786949750563064       0.89998893428746674     
  0.81140503141156350       0.92661387457451161     
  0.81494056531749615       0.96485912695480258     
  0.81847609922342879        1.0117919328888501     
  0.82201163312936165        1.0620796289682937     
  0.82554716703529429        1.1097920913663328     
  0.82908270094122694        1.1509667089758762     
  0.83261823484715969        1.1843470624473968     
  0.83615376875309244        1.2111107290144143     
  0.83968930265902508        1.2347780917801126     
  0.84322483656495795        1.2600373908081888     
  0.84676037047089059        1.2900441921261301     
  0.85029590437682345        1.3246049967059232     
  0.85383143828275609        1.3612893847208030     
  0.85736697218868896        1.3980964741614113     
  0.86090250609462160        1.4352743516132425     
  0.86443804000055446        1.4764310352289971     
  0.86797357390648711        1.5291622434822689     
  0.87150910781241997        1.6016160138883255     
  0.87504464171835261        1.6936169265705301     
  0.87858017562428548        1.7935260749131552     
  0.88211570953021812        1.8899882330720281     
  0.88565124343615098        1.9833994681496590     
  0.88918677734208362        2.0761299689959394     
  0.89272231124801638        2.1477817931724608     
  0.89625784515394902        2.1563587389997476     
  0.89979337905988177        2.0825256452751111     
  0.90332891296581452        1.9528850356643921     
  0.90686444687174717        1.8078428200680303     
  0.91039998077767992        1.6718945489050392     
  0.91393551468361256        1.5537123617935729     
  0.91747104858954542        1.4522963421040467     
  0.92100658249547807        1.3612048947318938     
  0.92454211640141093        1.2735802911200969     
  0.92807765030734357        1.1870495520575306     
  0.93161318421327644        1.1104135027398649     
  0.93514871811920908        1.0734832594699593     
  0.93868425202514194        1.1284203174719465     
  0.94221978593107458        1.2880810039787391     
  0.94575531983700745        1.3741162896008392     
  0.94929085374294009        1.2466385805050109     
  0.95282638764887295        1.2303230696964023     
  0.95636192155480559        1.4807097937807268     
  0.95989745546073835        1.4456331577856516     
  0.96343298936667110       0.52857212388273223     
  0.96696852327260385       0.39286074803870147     
  0.97050405717853649       0.39211051225186350     
  0.97403959108446925       0.43455025402607234     
  0.97757512499040200       0.49708826721617527     
  0.98111065889633475       0.56766058897986638     
  0.98464619280226739       0.64959331118731845     
  0.98818172670820026       0.75552582122674095     
  0.99171726061413290       0.89693301446417817     
  0.99525279452006554        1.0625986952267243     
  0.99878832842599841        1.2413857385665772     
   1.0023238623319313        1.4573161242112707     
   1.0058593962378639        1.7891478763093112     
   1.0093949301437966        2.1960443943842751     
   1.0129304640497294        2.4033123342466660     
   1.0164659979556621        2.0379502162965499     
   1.0200015318615949        1.4780506420610775     
   1.0235370657675276        1.3821891298231019     
   1.0270725996734602        1.5060886351542204     
   1.0306081335793928        1.6403107647983908     
   1.0341436674853259        1.3310683430789161     
   1.0376792013912586        1.1709590808386130     
   1.0412147352971912        1.2581626610988232     
   1.0447502692031239        1.2940857726103714     
   1.0482858031090569        1.3092358277847143     
   1.0518213370149896        1.3136353831068686     
   1.0553568709209222        1.3193865839126824     
   1.0588924048268549        1.3307355541869508     
   1.0624279387327880        1.3539729680471408     
   1.0659634726387206        1.3961076525645586     
   1.0694990065446532        1.4583455717118161     
   1.0730345404505859        1.5235107259612350     
   1.0765700743565187        1.5500048774570372     
   1.0801056082624514        1.5163535282532501     
   1.0836411421683843        1.4747191353231011     
   1.0871766760743169        1.9779742057596283     
   1.0907122099802495        2.2569894267096298     
   1.0942477438861822        2.0266482745109959     
   1.0977832777921148        1.9984825744502155     
   1.1013188116980479        2.2423768052823512     
   1.1048543456039805        2.3372931824648684     
   1.1083898795099132        2.1705926406524148     
   1.1119254134158458        1.4975003994042482     
   1.1154609473217789        1.1211544925936696     
   1.1189964812277116       0.76989439019887385     
   1.1225320151336442       0.36930642754615561     
   1.1260675490395768       0.26283384158870704     
   1.1296030829455099       0.24838657076951276     
   1.1331386168514426       0.19337546755228477     
   1.1366741507573752       0.17581953877335360     
   1.1402096846633079       0.17292346575707399     
   1.1437452185692407       0.17185434679689449     
   1.1472807524751736       0.17138177077798097     
   1.1508162863811062       0.17298834240009908     
   1.1543518202870389       0.17524643237225521     
   1.1578873541929715       0.17947969323746063     
   1.1614228880989041       0.18630890232661457     
   1.1649584220048372       0.19914761112975493     
   1.1684939559107699       0.22464237482181637     
   1.1720294898167025       0.27166368952301134     
   1.1755650237226352       0.33079404665386147     
   1.1791005576285678       0.37764963157533965     
   1.1826360915345009       0.39784337943974651     
   1.1861716254404335       0.40687059649446822     
   1.1897071593463662       0.41773957323781769     
   1.1932426932522988       0.40969039942076302     
   1.1967782271582319       0.36993423946300658     
   1.2003137610641645       0.34094852946006482     
   1.2038492949700972       0.34621562049953541     
   1.2073848288760298       0.36278397304037813     
   1.2109203627819629       0.37394605296810979     
   1.2144558966878956       0.36508501805414012     
   1.2179914305938282       0.34891285094038327     
   1.2215269644997608       0.33146335909196967     
   1.2250624984056935       0.31514340468643082     
   1.2285980323116263       0.30407649978445733     
   1.2321335662175592       0.29665570589340617     
   1.2356691001234918       0.28331150439055086     
   1.2392046340294245       0.26564407712382021     
   1.2427401679353571       0.26895633126020368     
   1.2462757018412902       0.27841788989534166     
   1.2498112357472229       0.20883318407439155     
   1.2533467696531555       0.14846126439455368     
   1.2568823035590881       0.14735047705195212     
   1.2604178374650212       0.15124879597221424     
   1.2639533713709539       0.15454822961696055     
   1.2674889052768865       0.15693118506478018     
   1.2710244391828192       0.15953014767536139     
   1.2745599730887518       0.16327439708474717     
   1.2780955069946849       0.16781880621878087     
   1.2816310409006175       0.17286592001800671     
   1.2851665748065502       0.17846483956611564     
   1.2887021087124828       0.18494732107654516     
   1.2922376426184157       0.19230118321175080     
   1.2957731765243485       0.19988006505113465     
   1.2993087104302812       0.20805705697223525     
   1.3028442443362138       0.21880285919585879     
   1.3063797782421465       0.23174926622740222     
   1.3099153121480791       0.24382391529673389     
   1.3134508460540122       0.25360780444529479     
   1.3169863799599448       0.26164917614221067     
   1.3205219138658775       0.26939230459291619     
   1.3240574477718101       0.27827483015647936     
   1.3275929816777432       0.28855322798232164     
   1.3311285155836758       0.29996910735753490     
   1.3346640494896085       0.31263919140703755     
   1.3381995833955411       0.32645515924084034     
   1.3417351173014742       0.34051572535384672     
   1.3452706512074069       0.35374380100351205     
   1.3488061851133395       0.36574477232951258     
   1.3523417190192721       0.37686736483472705     
   1.3558772529252048       0.38749371263701837     
   1.3594127868311379       0.39716247167567204     
   1.3629483207370705       0.40455778361784722     
   1.3664838546430031       0.40821573937896427     
   1.3700193885489358       0.40737516834030685     
   1.3735549224548684       0.40208167360640179     
   1.3770904563608013       0.39257131181386595     
   1.3806259902667342       0.37900613700143487     
   1.3841615241726668       0.36188899932438356     
   1.3876970580785994       0.34225292322035578     
   1.3912325919845321       0.32122672619764503     
   1.3947681258904652       0.29961613105267976     
   1.3983036597963978       0.27817897761747640     
   1.4018391937023305       0.25795516886171321     
   1.4053747276082631       0.24020954524512692     
   1.4089102615141962       0.22619794103035057     
   1.4124457954201288       0.21691312290018377     
   1.4159813293260615       0.21281075444789693     
   1.4195168632319946       0.21358327045941822     
   1.4230523971379272       0.21815090484016206     
   1.4265879310438598       0.22494482438883640     
   1.4301234649497925       0.23227667215336292     
   1.4336589988557251       0.23842132008198175     
   1.4371945327616578       0.24164118710137988     
   1.4407300666675908       0.24166300002434657     
   1.4442656005735235       0.24123974310026380     
   1.4478011344794561       0.24333330264631664     
   1.4513366683853888       0.24812989482078873     
   1.4548722022913214       0.25419181903816590     
   1.4584077361972541       0.26022237724276609     
   1.4619432701031867       0.26574529439958727     
   1.4654788040091198       0.27092444751015204     
   1.4690143379150524       0.27599396300970402     
   1.4725498718209851       0.28091597005689023     
   1.4760854057269177       0.28545788322128351     
   1.4796209396328508       0.28943877030936438     
   1.4831564735387834       0.29285968377875565     
   1.4866920074447161       0.29586642128510393     
   1.4902275413506487       0.29864756805196957     
   1.4937630752565818       0.30135736844091948     
   1.4972986091625144       0.30410824904320177     
   1.5008341430684471       0.30703618602786553     
   1.5043696769743797       0.31033942812200943     
   1.5079052108803128       0.31420468791232875     
   1.5114407447862455       0.31901997119247083     
   1.5149762786921781       0.32595702045755870     
   1.5185118125981107       0.33606326882651660     
   1.5220473465040438       0.34799407814258987     
   1.5255828804099765       0.35939362996222701     
   1.5291184143159091       0.37113532993605425     
   1.5326539482218418       0.38796920009508085     
   1.5361894821277748       0.41285922571839817     
   1.5397250160337075       0.43541389348710635     
   1.5432605499396401       0.43238394935146984     
   1.5467960838455728       0.39996708784392077     
   1.5503316177515054       0.36489294429786867     
   1.5538671516574385       0.35400540203853004     
   1.5574026855633711       0.37670097295034005     
   1.5609382194693038       0.42117005023785470     
   1.5644737533752364       0.46364501272903724     
   1.5680092872811693       0.48807757646118399     
   1.5715448211871021       0.49426081021945178     
   1.5750803550930348       0.49191731220580215     
   1.5786158889989674       0.49144764107860550     
   1.5821514229049001       0.49694877429134643     
   1.5856869568108327       0.50298842811843880     
   1.5892224907167656       0.49955703493847536     
   1.5927580246226984       0.48661281722229888     
   1.5962935585286311       0.47629112337107005     
   1.5998290924345637       0.47478676370569595     
   1.6033646263404964       0.47547461935654406     
   1.6069001602464290       0.46766632623305349     
   1.6104356941523621       0.44602857487728276     
   1.6139712280582947       0.41429237516784467     
   1.6175067619642274       0.38071712785996009     
   1.6210422958701600       0.35208221493105107     
   1.6245778297760931       0.33265661357500781     
   1.6281133636820257       0.32659212840951524     
   1.6316488975879584       0.33872690323632465     
   1.6351844314938910       0.36993338300697620     
   1.6387199653998237       0.41091718888180934     
   1.6422554993057568       0.44641691486233231     
   1.6457910332116894       0.47044922923258181     
   1.6493265671176220       0.49037890011896335     
   1.6528621010235547       0.50855204305718127     
   1.6563976349294878       0.50958297558250631     
   1.6599331688354204       0.48436475247716049     
   1.6634687027413531       0.47166257086818630     
   1.6670042366472857       0.55723840933685853     
   1.6705397705532188       0.81135299169196662     
   1.6740753044591514        1.2221686369208618     
   1.6776108383650841        1.6886195365023731     
   1.6811463722710167        2.0958040967079503     
   1.6846819061769498        2.3996235814926816     
   1.6882174400828824        2.6368888105956279     
   1.6917529739888151        2.8783511633946359     
   1.6952885078947477        3.1760681810906752     
   1.6988240418006808        3.5314717792481010     
   1.7023595757066134        3.8991910198912434     
   1.7058951096125461        4.2245853082438511     
   1.7094306435184787        4.4700453616283200     
   1.7129661774244116        4.6242146690318444     
   1.7165017113303442        4.7141761316807589     
   1.7200372452362771        4.7858910453372090     
   1.7235727791422097        4.8655090696135375     
   1.7271083130481424        4.9541137518853242     
   1.7306438469540750        5.0453267293260522     
   1.7341793808600079        5.1300197925742577     
   1.7377149147659405        5.1850230250428417     
   1.7412504486718732        5.1695803802639748     
   1.7447859825778060        5.0661855099400643     
   1.7483215164837387        4.9187182340629576     
   1.7518570503896713        4.8081839187748496     
   1.7553925842956042        4.8122422800843498     
   1.7589281182015370        4.9934165094294682     
   1.7624636521074697        5.3791218945192920     
   1.7659991860134023        5.9091635129978499     
   1.7695347199193350        6.4371496898850928     
   1.7730702538252681        6.8559476968203779     
   1.7766057877312007        7.2045860662277388     
   1.7801413216371333        7.5480882006959344     
   1.7836768555430660        7.8376282054258697     
   1.7872123894489991        8.1720731215391922     
   1.7907479233549317        8.8524410916313840     
   1.7942834572608644        9.8401189366287003     
   1.7978189911667970        11.211873763682320     
   1.8013545250727301        13.999335703304956     
   1.8048900589786627        17.846741359159736     
   1.8084255928845954        20.802299735902725     
   1.8119611267905280        27.569334830688234     
   1.8154966606964607        32.146929340632823     
   1.8190321946023937        17.467990221809231     
   1.8225677285083264        9.5817209335134557     
   1.8261032624142590        8.9823222615469351     
   1.8296387963201917        9.3600129647436177     
   1.8331743302261247        9.8134319776893051     
   1.8367098641320574        10.186994836715495     
   1.8402453980379900        10.105771188254682     
   1.8437809319439227        11.029723309546824     
   1.8473164658498558        11.989526443980390     
   1.8508519997557884        6.8935667703947008     
   1.8543875336617210        3.3441727794387872     
   1.8579230675676537        2.0438467693646265     
   1.8614586014735865        1.8405295957999779     
   1.8649941353795192        1.8147488381186370     
   1.8685296692854518        1.7916504111813167     
   1.8720652031913847        1.7685505599304663     
   1.8756007370973173        1.7454505692262821     
   1.8791362710032500        1.7223505807306727     
   1.8826718049091828        1.6992505926133861     
   1.8862073388151155        1.6761506049069570     
   1.8897428727210484        1.6530506176315400     
   1.8932784066269810        1.6299506308085876     
   1.8968139405329136        1.6068506444609405     
   1.9003494744388463        1.5837506586129471     
   1.9038850083447791        1.5606506732906156     
   1.9074205422507120        1.5375506885216874     
   1.9109560761566446        1.5144507043358328     
   1.9144916100625773        1.4913507207648482     
   1.9180271439685099        1.4682507378425584     
   1.9215626778744430        1.4451507556054537     
   1.9250982117803757        1.4220507740926922     
   1.9286337456863083        1.3989507933463163     
   1.9321692795922409        1.3758508134115408     
   1.9357048134981740        1.3527508343370926     
   1.9392403474041067        1.3296508561755269     
   1.9427758813100393        1.3065508789835540     
   1.9463114152159720        1.2834509028225494     
   1.9498469491219050        1.2603509277589611     
   1.9533824830278377        1.2372509538648342     
   1.9569180169337703        1.2141509812184286     
   1.9604535508397030        1.1910510099048617     
   1.9639890847456360        1.1679510400168522     
   1.9675246186515687        1.1448510716556211     
   1.9710601525575013        1.1217511049317479     
   1.9745956864634340        1.0986511399664016     
   1.9781312203693671        1.0755511768924682     
   1.9816667542752997        1.0524512158560964     
   1.9852022881812323        1.0293512570182148     
   1.9887378220871650        1.0062513005565206     
   1.9922733559930976       0.98315134666755677     
   1.9958088898990305       0.96005139556934549     
   1.9993444238049634       0.93695144750420978     
   2.0028799577108956       0.91385150274222116     
   2.0064154916168286       0.89075156158516955     
   2.0099510255227617       0.86765162437124865     
   2.0134865594286939       0.84455169148057341     
   2.0170220933346270       0.82145176334170034     
   2.0205576272405592       0.79835184043938801     
   2.0240931611464923       0.77525192332389481     
   2.0276286950524254       0.75215201262211717     
   2.0311642289583576       0.72905210905107010     
   2.0346997628642907       0.70595221343411718     
   2.0382352967702237       0.68285232672110785     
   2.0417708306761559       0.65975245001287730     
   2.0453063645820890       0.63665258459159269     
   2.0488418984880212       0.61355273195870985     
   2.0523774323939543       0.59045289388253697     
   2.0559129662998874       0.56735307245757483     
   2.0594485002058196       0.54425327018212488     
   2.0629840341117527       0.52115349008720568     
   2.0665195680176853       0.49805373590184548     
   2.0700551019236180       0.47495401155019779     
   2.0735906358295511       0.45185431947720983     
   2.0771261697354833       0.42875467202498335     
   2.0806617036414163       0.40565514618410919     
   2.0841972375473490       0.38255578118483829     
   2.0877327714532816       0.35945556830032777     
   2.0912683053592143       0.33635223442992040     
   2.0948038392651469       0.31325424825494019     
   2.0983393731710800       0.29020259256828118     
   2.1018749070770126       0.26719533578107291     
   2.1054104409829453       0.24389647322950328     
   2.1089459748888779       0.21966604387453909     
   2.1124815087948106       0.19514893264199035     
   2.1160170427007436       0.17453006758729886     
   2.1195525766066758       0.16383606357193919     
