 -0.70533901423358125        13.999999999999998     
 -0.70180348032764850        13.999999999999998     
 -0.69826794642171575        13.999999999999998     
 -0.69473241251578299        13.999999999999998     
 -0.69119687860985024        13.999999999999998     
 -0.68766134470391749        13.999999999999998     
 -0.68412581079798485        13.999999999999998     
 -0.68059027689205209        13.999999999999998     
 -0.67705474298611934        13.999999999999998     
 -0.67351920908018659        13.999999999999998     
 -0.66998367517425383        13.999999999999998     
 -0.66644814126832108        13.999999999999998     
 -0.66291260736238833        13.999999999999998     
 -0.65937707345645558        13.999999999999998     
 -0.65584153955052282        13.999999999999998     
 -0.65230600564459018        13.999999999999998     
 -0.64877047173865743        13.999999999999998     
 -0.64523493783272468        13.999999999999998     
 -0.64169940392679192        13.999999999999998     
 -0.63816387002085917        13.999999999999998     
 -0.63462833611492642        13.999999999999998     
 -0.63109280220899366        13.999999999999998     
 -0.62755726830306091        13.999999999999998     
 -0.62402173439712827        13.999999999999998     
 -0.62048620049119541        13.999999999999998     
 -0.61695066658526276        13.999999999999998     
 -0.61341513267933001        13.999999999999998     
 -0.60987959877339726        13.999999999999998     
 -0.60634406486746462        13.999999999999998     
 -0.60280853096153186        13.999999999999998     
 -0.59927299705559911        13.999999999999998     
 -0.59573746314966636        13.999999999999998     
 -0.59220192924373360        13.999999999999998     
 -0.58866639533780085        13.999999999999998     
 -0.58513086143186810        13.999999999999998     
 -0.58159532752593535        13.999999999999998     
 -0.57805979362000259        13.999999999999998     
 -0.57452425971406995        13.999999999999998     
 -0.57098872580813720        13.999999999999998     
 -0.56745319190220445        13.999999999999998     
 -0.56391765799627169        13.999999999999998     
 -0.56038212409033894        13.999999999999998     
 -0.55684659018440619        13.999999999999998     
 -0.55331105627847343        13.999999999999998     
 -0.54977552237254068        13.999999999999998     
 -0.54623998846660793        13.999999999999998     
 -0.54270445456067529        13.999999999999998     
 -0.53916892065474253        13.999999999999998     
 -0.53563338674880978        13.999999999999998     
 -0.53209785284287703        13.999999999999998     
 -0.52856231893694439        13.999999999999998     
 -0.52502678503101152        13.999999999999998     
 -0.52149125112507888        13.999999999999998     
 -0.51795571721914602        13.999999999999998     
 -0.51442018331321337        13.999999999999998     
 -0.51088464940728051        13.999999999999998     
 -0.50734911550134787        13.999999999999998     
 -0.50381358159541512        13.999999999999998     
 -0.50027804768948247        13.999999999999998     
 -0.49674251378354967        13.999999999999998     
 -0.49320697987761691        13.999999999999998     
 -0.48967144597168422        13.999999999999998     
 -0.48613591206575146        13.999999999999998     
 -0.48260037815981871        13.999999999999998     
 -0.47906484425388596        13.999999999999998     
 -0.47552931034795326        13.999999999999998     
 -0.47199377644202051        13.999999999999998     
 -0.46845824253608775        13.999999999999998     
 -0.46492270863015500        13.999999999999998     
 -0.46138717472422225        13.999999999999998     
 -0.45785164081828955        13.999999999999998     
 -0.45431610691235685        13.999999999999998     
 -0.45078057300642405        13.999999999999998     
 -0.44724503910049140        13.999999999999998     
 -0.44370950519455854        13.999999999999998     
 -0.44017397128862590        13.999999999999998     
 -0.43663843738269309        13.999999999999998     
 -0.43310290347676039        13.999999999999998     
 -0.42956736957082758        13.999999999999998     
 -0.42603183566489494        13.999999999999998     
 -0.42249630175896213        13.999999999999998     
 -0.41896076785302944        13.999999999999998     
 -0.41542523394709663        13.999999999999998     
 -0.41188970004116399        13.999999999999998     
 -0.40835416613523123        13.999999999999998     
 -0.40481863222929848        13.999999999999998     
 -0.40128309832336573        13.999999999999998     
 -0.39774756441743303        13.999999999999998     
 -0.39421203051150028        13.999999999999998     
 -0.39067649660556752        13.999999999999998     
 -0.38714096269963477        13.999999999999998     
 -0.38360542879370202        13.999999999999998     
 -0.38006989488776932        13.999999999999998     
 -0.37653436098183657        13.999999999999998     
 -0.37299882707590382        13.999999999999998     
 -0.36946329316997106        13.999999999999998     
 -0.36592775926403842        13.999999999999998     
 -0.36239222535810561        13.999999999999998     
 -0.35885669145217292        13.999999999999998     
 -0.35532115754624011        13.999999999999998     
 -0.35178562364030735        13.999999999999998     
 -0.34825008973437466        13.999999999999998     
 -0.34471455582844190        13.999999999999998     
 -0.34117902192250915        13.999999999999998     
 -0.33764348801657640        13.999999999999998     
 -0.33410795411064365        13.999999999999998     
 -0.33057242020471095        13.999999999999998     
 -0.32703688629877820        13.999999999999998     
 -0.32350135239284544        13.999999999999998     
 -0.31996581848691269        13.999999999999998     
 -0.31643028458097999        13.999999999999998     
 -0.31289475067504724        13.999999999999998     
 -0.30935921676911449        13.999999999999998     
 -0.30582368286318173        13.999999999999998     
 -0.30228814895724898        13.999999999999998     
 -0.29875261505131634        13.999999999999998     
 -0.29521708114538359        13.999999999999998     
 -0.29168154723945083        13.999999999999998     
 -0.28814601333351814        13.999999999999998     
 -0.28461047942758538        13.999999999999998     
 -0.28107494552165263        13.999999999999998     
 -0.27753941161571988        13.999999999999998     
 -0.27400387770978718        13.999999999999998     
 -0.27046834380385443        13.999999999999998     
 -0.26693280989792167        13.999999999999998     
 -0.26339727599198892        13.999999999999998     
 -0.25986174208605617        13.999999999999998     
 -0.25632620818012347        13.999999999999998     
 -0.25279067427419072        13.999999999999998     
 -0.24925514036825797        13.999999999999998     
 -0.24571960646232521        13.999999999999998     
 -0.24218407255639249        13.999999999999998     
 -0.23864853865045974        13.999999999999998     
 -0.23511300474452701        13.999999999999998     
 -0.23157747083859426        13.999999999999998     
 -0.22804193693266153        13.999999999999998     
 -0.22450640302672878        13.999999999999998     
 -0.22097086912079603        13.999999999999998     
 -0.21743533521486330        13.999999999999998     
 -0.21389980130893055        13.999999999999998     
 -0.21036426740299791        13.999999999999998     
 -0.20682873349706515        13.999999999999998     
 -0.20329319959113240        13.999999999999998     
 -0.19975766568519968        13.999999999999998     
 -0.19622213177926692        13.999999999999998     
 -0.19268659787333420        13.999999999999998     
 -0.18915106396740144        13.999999999999998     
 -0.18561553006146872        13.999999999999998     
 -0.18207999615553597        13.999999999999998     
 -0.17854446224960321        13.999999999999998     
 -0.17500892834367049        13.999999999999998     
 -0.17147339443773774        13.999999999999998     
 -0.16793786053180501        13.999999999999998     
 -0.16440232662587226        13.999999999999998     
 -0.16086679271993953        13.999999999999998     
 -0.15733125881400678        13.999999999999998     
 -0.15379572490807403        13.999999999999998     
 -0.15026019100214130        13.999999999999998     
 -0.14672465709620855        13.999999999999998     
 -0.14318912319027582        13.999999999999998     
 -0.13965358928434307        13.999999999999998     
 -0.13611805537841032        13.999999999999998     
 -0.13258252147247759        13.999999999999998     
 -0.12904698756654484        13.999999999999998     
 -0.12551145366061212        13.999999999999998     
 -0.12197591975467936        13.999999999999998     
 -0.11844038584874671        13.999999999999998     
 -0.11490485194281397        13.999999999999998     
 -0.11136931803688123        13.999999999999998     
 -0.10783378413094848        13.999999999999998     
 -0.10429825022501574        13.999999999999998     
 -0.10076271631908300        13.999999999999998     
  -9.7227182413150259E-002   13.999999999999998     
  -9.3691648507217520E-002   13.999999999999998     
  -9.0156114601284781E-002   13.999999999999998     
  -8.6620580695352042E-002   13.999999999999998     
  -8.3085046789419290E-002   13.999999999999998     
  -7.9549512883486551E-002   13.999999999999998     
  -7.6013978977553812E-002   13.999999999999998     
  -7.2478445071621073E-002   13.999999999999998     
  -6.8942911165688334E-002   13.999999999999998     
  -6.5407377259755595E-002   13.999999999999998     
  -6.1871843353822849E-002   13.999999999999998     
  -5.8336309447890110E-002   13.999999999999998     
  -5.4800775541957371E-002   13.999999999999998     
  -5.1265241636024625E-002   13.999999999999998     
  -4.7729707730091886E-002   13.999999999999998     
  -4.4194173824159147E-002   13.999999999999998     
  -4.0658639918226401E-002   13.999999999999998     
  -3.7123106012293662E-002   13.999999999999998     
  -3.3587572106360923E-002   13.999999999999998     
  -3.0052038200428260E-002   13.999999999999998     
  -2.6516504294495518E-002   13.999999999999998     
  -2.2980970388562776E-002   13.999999999999998     
  -1.9445436482630037E-002   13.999999999999998     
  -1.5909902576697294E-002   13.999999999999998     
  -1.2374368670764553E-002   13.999999999999998     
  -8.8388347648318127E-003   13.999999999999998     
  -5.3033008588990720E-003   13.999999999999998     
  -1.7677669529663313E-003   13.999999999999998     
   1.7677669529664883E-003   13.999999999999998     
   5.3033008588991510E-003   13.999999999999998     
   8.8388347648319706E-003   13.999999999999998     
   1.2374368670764633E-002   13.999999999999998     
   1.5909902576697294E-002   13.999999999999998     
   1.9445436482630116E-002   13.999999999999998     
   2.2980970388562776E-002   14.000000000000053     
   2.6516504294495598E-002   13.999999999978083     
   3.0052038200428260E-002   14.000000011044452     
   3.3587572106361076E-002   13.999994606937602     
   3.7123106012293738E-002   14.001727813788918     
   4.0658639918226561E-002   15.083276612030357     
   4.4194173824159223E-002   28.300311275878823     
   4.7729707730092046E-002   69.321165475294123     
   5.1265241636024708E-002   78.377263969392416     
   5.4800775541957523E-002   67.196891704839899     
   5.8336309447890186E-002   64.600954980480310     
   6.1871843353823008E-002   59.847228645495420     
   6.5407377259755664E-002   57.689205487191629     
   6.8942911165688486E-002   56.565034549747878     
   7.2478445071621156E-002   55.344922907900639     
   7.6013978977553964E-002   53.307782295008337     
   7.9549512883486634E-002   50.101618390205417     
   8.3085046789419456E-002   46.178517135586347     
   8.6620580695352112E-002   42.294159634509150     
   9.0156114601284934E-002   38.994706221780767     
   9.3691648507217604E-002   36.468345688796369     
   9.7227182413150412E-002   34.652258330255904     
  0.10076271631908308        33.398006547108267     
  0.10429825022501590        32.547585685522201     
  0.10783378413094856        31.993998759289521     
  0.11136931803688123        31.739664643380024     
  0.11490485194281404        31.776079957959652     
  0.11844038584874671        31.792694812693988     
  0.12197591975467953        31.182007154576926     
  0.12551145366061220        29.766623155060408     
  0.12904698756654501        27.977884103496987     
  0.13258252147247768        26.325396135751113     
  0.13611805537841049        25.179589838276428     
  0.13965358928434315        24.921330836762696     
  0.14318912319027596        25.601085444567406     
  0.14672465709620863        26.038166624267085     
  0.15026019100214144        24.575664224009518     
  0.15379572490807411        21.201924169296387     
  0.15733125881400695        17.429013746086099     
  0.16086679271993959        14.448065199447745     
  0.16440232662587242        12.412490728919472     
  0.16793786053180507        10.986415867799185     
  0.17147339443773790        9.9065167850739915     
  0.17500892834367057        9.0903618941201501     
  0.17854446224960338        8.5188186396310801     
  0.18207999615553605        8.1561874035469977     
  0.18561553006146886        7.9578590803489684     
  0.18915106396740153        7.8570337113042630     
  0.19268659787333434        7.7090423430216539     
  0.19622213177926701        7.4154494569255380     
  0.19975766568519968        7.1539120497279294     
  0.20329319959113248        7.0877078770935755     
  0.20682873349706515        7.0804542430338060     
  0.21036426740299796        7.0474282384674751     
  0.21389980130893063        7.2167944355967872     
  0.21743533521486347        8.1777296654170826     
  0.22097086912079611        10.917258561301093     
  0.22450640302672895        16.172535715216323     
  0.22804193693266159        20.875428555365708     
  0.23157747083859442        20.316857881136972     
  0.23511300474452709        19.046894033623449     
  0.23864853865045990        17.834813199099557     
  0.24218407255639257        15.814714519657318     
  0.24571960646232538        13.816062458106218     
  0.24925514036825805        13.331697577858264     
  0.25279067427419089        13.843897119189311     
  0.25632620818012353        14.585914975140650     
  0.25986174208605634        14.600439584821903     
  0.26339727599198903        13.726554350539509     
  0.26693280989792184        13.206666705900611     
  0.27046834380385448        14.036697659224624     
  0.27400387770978729        14.713486995942015     
  0.27753941161571999        13.540852689628490     
  0.28107494552165280        11.463063439366447     
  0.28461047942758544        9.6049960850668654     
  0.28814601333351814        8.1184587710192435     
  0.29168154723945094        6.8654836309839693     
  0.29521708114538359        5.7699692630338291     
  0.29875261505131639        4.8533570826309944     
  0.30228814895724909        4.1522060355890602     
  0.30582368286318190        3.6314812153736948     
  0.30935921676911454        3.2900362594327666     
  0.31289475067504741        3.6801962724026342     
  0.31643028458098005        3.9843638076928540     
  0.31996581848691286        3.3982262098948128     
  0.32350135239284555        2.3823379453983256     
  0.32703688629877836        1.9984102761687390     
  0.33057242020471100        1.5218622878540962     
  0.33410795411064381       0.77758590846201825     
  0.33764348801657651        1.3942150191839204     
  0.34117902192250932        3.5348490405464221     
  0.34471455582844196        5.6314872688711173     
  0.34825008973437477        9.1814517112091139     
  0.35178562364030747        12.319556501110787     
  0.35532115754624027        12.564403170006054     
  0.35885669145217292        9.4078196589082452     
  0.36239222535810578        5.2943903036069955     
  0.36592775926403842        1.6421076786212108     
  0.36946329316997123       0.67137370187346268     
  0.37299882707590393        1.6136824769001654     
  0.37653436098183674        2.5087411920337543     
  0.38006989488776938        2.7174676788824064     
  0.38360542879370202        2.0896408735008705     
  0.38714096269963488        1.5066074870545485     
  0.39067649660556752        1.7171307903598967     
  0.39421203051150033        1.7579575893347985     
  0.39774756441743303        1.8221925072143736     
  0.40128309832336584        1.8393735780966185     
  0.40481863222929848        1.8709776236060893     
  0.40835416613523129        2.0450043801431699     
  0.41188970004116399        2.2831072250440112     
  0.41542523394709679        2.4951566585684608     
  0.41896076785302944        2.6342903131081719     
  0.42249630175896230        2.7517457244347030     
  0.42603183566489494        2.8965670701228854     
  0.42956736957082775        3.0891638063618503     
  0.43310290347676039        3.3324159438776544     
  0.43663843738269326        3.6017012470198684     
  0.44017397128862590        3.8535298790103258     
  0.44370950519455871        4.0693984857610861     
  0.44724503910049140        4.2894510386419835     
  0.45078057300642421        4.5390078317226745     
  0.45431610691235685        4.7949346835456188     
  0.45785164081828966        5.0489722596010962     
  0.46138717472422236        5.3449919192636770     
  0.46492270863015517        5.7336725446738122     
  0.46845824253608781        6.1712865144423521     
  0.47199377644202051        6.3933721166803483     
  0.47552931034795332        6.0992731229154673     
  0.47906484425388596        5.4606687247972516     
  0.48260037815981882        4.9855270632975799     
  0.48613591206575146        4.8766061624025978     
  0.48967144597168427        5.0072176328719804     
  0.49320697987761691        5.2264662325569784     
  0.49674251378354978        5.4629483433268842     
  0.50027804768948247        5.7000730639374337     
  0.50381358159541523        5.9522778025592284     
  0.50734911550134787        6.2605735819608679     
  0.51088464940728073        6.6753648603683589     
  0.51442018331321337        7.1501470687770317     
  0.51795571721914624        7.3866300441577515     
  0.52149125112507888        7.0446625168723678     
  0.52502678503101163        6.3691327702789211     
  0.52856231893694439        5.9950820342511841     
  0.53209785284287714        6.0415702426826003     
  0.53563338674880978        6.2437923252216976     
  0.53916892065474264        6.4398996289620225     
  0.54270445456067529        6.6039641141271073     
  0.54623998846660815        6.7524496693325808     
  0.54977552237254079        6.9006230865532840     
  0.55331105627847366        7.0555758109158058     
  0.55684659018440630        7.2208826426945105     
  0.56038212409033894        7.4012727205033624     
  0.56391765799627180        7.6030071086926938     
  0.56745319190220445        7.8297311086616102     
  0.57098872580813720        8.0785336419404832     
  0.57452425971406995        8.3455945397628604     
  0.57805979362000270        8.6467272329643681     
  0.58159532752593535        9.0377737760477324     
  0.58513086143186821        9.5894877477184544     
  0.58866639533780085        10.221459927307436     
  0.59220192924373372        10.379144031252041     
  0.59573746314966636        9.4892393590462021     
  0.59927299705559922        8.3200957948202987     
  0.60280853096153186        7.7601066915964410     
  0.60634406486746462        7.6869435951151717     
  0.60987959877339726        7.8181182809410661     
  0.61341513267933012        8.0006446591423810     
  0.61695066658526276        8.1788542394662080     
  0.62048620049119563        8.3436272958422890     
  0.62402173439712827        8.4962662048713717     
  0.62755726830306113        8.6364851366014150     
  0.63109280220899378        8.7596677984365670     
  0.63462833611492653        8.8502552713151523     
  0.63816387002085928        8.8691885229114806     
  0.64169940392679203        8.7679473581000362     
  0.64523493783272468        8.5673522234277311     
  0.64877047173865743        8.3761385342826120     
  0.65230600564459018        8.2560273234858581     
  0.65584153955052282        8.1715172766777044     
  0.65937707345645569        8.0752228974379232     
  0.66291260736238833        7.9865737330418902     
  0.66644814126832119        7.9997924086868206     
  0.66998367517425383        8.1216071834520527     
  0.67351920908018670        8.0145346740255263     
  0.67705474298611934        7.3121501666203308     
  0.68059027689205209        6.4374499218235925     
  0.68412581079798485        6.0522156422388935     
  0.68766134470391760        6.0692042991675663     
  0.69119687860985024        6.1724313022735249     
  0.69473241251578310        6.2523923170974545     
  0.69826794642171575        6.3129020365009012     
  0.70180348032764861        6.3684318419125869     
  0.70533901423358125        6.4186440683846566     
  0.70887454813951389        6.4521767373166981     
  0.71241008204544687        6.4574883556011109     
  0.71594561595137951        6.4350987557156962     
  0.71948114985731215        6.4013101758866293     
  0.72301668376324491        6.3771712087013128     
  0.72655221766917788        6.3743847509330793     
  0.73008775157511052        6.3924524433718997     
  0.73362328548104316        6.4253887612480529     
  0.73715881938697581        6.4684420814945831     
  0.74069435329290845        6.5201221383130532     
  0.74422988719884142        6.5806852001633267     
  0.74776542110477418        6.6501479123796816     
  0.75130095501070682        6.7276293831034035     
  0.75483648891663946        6.8118301238615553     
  0.75837202282257243        6.9018245246163925     
  0.76190755672850508        6.9977824239342379     
  0.76544309063443772        7.1014450399661673     
  0.76897862454037047        7.2160076712094128     
  0.77251415844630344        7.3452084002923437     
  0.77604969235223609        7.4919993495575863     
  0.77958522625816873        7.6575162865825535     
  0.78312076016410137        7.8407609964150300     
  0.78665629407003435        8.0388400274937961     
  0.79019182797596699        8.2473484617089188     
  0.79372736188189974        8.4607801312747224     
  0.79726289578783238        8.6734047304909474     
  0.80079842969376536        8.8811582616787064     
  0.80433396359969800        9.0841071776086491     
  0.80786949750563064        9.2875527876313271     
  0.81140503141156328        9.5000094221736848     
  0.81494056531749626        9.7290629405978795     
  0.81847609922342890        9.9784068026533248     
  0.82201163312936165        10.248028593395095     
  0.82554716703529429        10.536576657165414     
  0.82908270094122727        10.843818768331431     
  0.83261823484715991        11.171845046798204     
  0.83615376875309255        11.524885948986975     
  0.83968930265902519        11.908140870351682     
  0.84322483656495795        12.324862044407871     
  0.84676037047089092        12.770525970946753     
  0.85029590437682356        13.226967907798617     
  0.85383143828275621        13.666230866308986     
  0.85736697218868885        14.072812736877376     
  0.86090250609462182        14.466335927105954     
  0.86443804000055446        14.887540203517458     
  0.86797357390648722        15.359674493967267     
  0.87150910781241986        15.879717488341656     
  0.87504464171835283        16.447148778227064     
  0.87858017562428548        17.092412839399007     
  0.88211570953021812        17.873777368309916     
  0.88565124343615076        18.817953843131299     
  0.88918677734208373        19.785984306089624     
  0.89272231124801649        20.376588957469007     
  0.89625784515394913        20.216348208059149     
  0.89979337905988177        19.548379600622553     
  0.90332891296581475        19.115406551815465     
  0.90686444687174739        19.328258343236229     
  0.91039998077768003        20.052890618319474     
  0.91393551468361267        21.031136655515827     
  0.91747104858954576        22.134420896747258     
  0.92100658249547840        23.356866150579094     
  0.92454211640141104        24.743404379440424     
  0.92807765030734368        26.341762614069552     
  0.93161318421327632        28.182634296685357     
  0.93514871811920930        30.274228327412647     
  0.93868425202514194        32.618543253603505     
  0.94221978593107469        35.257680111483516     
  0.94575531983700734        38.312484587232802     
  0.94929085374294031        41.933798022773061     
  0.95282638764887295        46.122522147605451     
  0.95636192155480559        50.576114703310139     
  0.95989745546073824        54.809084937291303     
  0.96343298936667121        58.698990148969131     
  0.96696852327260396        62.159234388436204     
  0.97050405717853661        64.720919872939533     
  0.97403959108446925        68.077233364977232     
  0.97757512499040222        77.287615409858319     
  0.98111065889633486        88.864578286967472     
  0.98464619280226751        82.245456287142005     
  0.98818172670820026        48.304079665428297     
  0.99171726061413323        26.193250179071374     
  0.99525279452006588        17.956225583485327     
  0.99878832842599852        14.549740946570550     
   1.0023238623319313        14.021239876104703     
   1.0058593962378641        13.999180201409043     
   1.0093949301437968        13.999921510613699     
   1.0129304640497294        14.000004702675469     
   1.0164659979556621        14.000000140938168     
   1.0200015318615947        13.999999988401912     
   1.0235370657675278        13.999999999925059     
   1.0270725996734604        14.000000000020892     
   1.0306081335793931        13.999999999999702     
   1.0341436674853257        13.999999999999957     
   1.0376792013912588        13.999999999999998     
   1.0412147352971914        13.999999999999998     
   1.0447502692031241        13.999999999999998     
   1.0482858031090567        13.999999999999998     
   1.0518213370149898        13.999999999999998     
   1.0553568709209225        13.999999999999998     
   1.0588924048268551        13.999999999999998     
   1.0624279387327877        13.999999999999998     
   1.0659634726387206        13.999999999999998     
   1.0694990065446532        13.999999999999998     
   1.0730345404505859        13.999999999999998     
   1.0765700743565187        13.999999999999998     
   1.0801056082624516        13.999999999999998     
   1.0836411421683843        13.999999999999998     
   1.0871766760743169        13.999999999999998     
   1.0907122099802495        13.999999999999998     
   1.0942477438861826        13.999999999999998     
   1.0977832777921153        13.999999999999998     
   1.1013188116980479        13.999999999999998     
   1.1048543456039805        13.999999999999998     
   1.1083898795099132        13.999999999999998     
   1.1119254134158463        13.999999999999998     
   1.1154609473217789        13.999999999999998     
   1.1189964812277116        13.999999999999998     
   1.1225320151336442        13.999999999999998     
   1.1260675490395773        13.999999999999998     
   1.1296030829455099        13.999999999999998     
   1.1331386168514426        13.999999999999998     
   1.1366741507573752        13.999999999999998     
   1.1402096846633081        13.999999999999998     
   1.1437452185692407        13.999999999999998     
   1.1472807524751736        13.999999999999998     
   1.1508162863811062        13.999999999999998     
   1.1543518202870391        13.999999999999998     
   1.1578873541929717        13.999999999999998     
   1.1614228880989044        13.999999999999998     
   1.1649584220048370        13.999999999999998     
   1.1684939559107701        13.999999999999998     
   1.1720294898167027        13.999999999999998     
   1.1755650237226354        13.999999999999998     
   1.1791005576285680        13.999999999999998     
   1.1826360915345011        13.999999999999998     
   1.1861716254404338        13.999999999999998     
   1.1897071593463664        13.999999999999998     
   1.1932426932522990        13.999999999999998     
   1.1967782271582317        13.999999999999998     
   1.2003137610641648        13.999999999999998     
   1.2038492949700974        13.999999999999998     
   1.2073848288760300        13.999999999999998     
   1.2109203627819627        13.999999999999998     
   1.2144558966878956        13.999999999999998     
   1.2179914305938282        13.999999999999998     
   1.2215269644997611        13.999999999999998     
   1.2250624984056937        13.999999999999998     
   1.2285980323116266        13.999999999999998     
   1.2321335662175592        13.999999999999998     
   1.2356691001234918        13.999999999999998     
   1.2392046340294245        13.999999999999998     
   1.2427401679353576        13.999999999999998     
   1.2462757018412902        13.999999999999998     
   1.2498112357472229        13.999999999999998     
   1.2533467696531555        13.999999999999998     
   1.2568823035590886        13.999999999999998     
   1.2604178374650212        13.999999999999998     
   1.2639533713709539        13.999999999999998     
   1.2674889052768865        13.999999999999998     
   1.2710244391828196        13.999999999999998     
   1.2745599730887522        13.999999999999998     
   1.2780955069946849        13.999999999999998     
   1.2816310409006175        13.999999999999998     
   1.2851665748065502        13.999999999999998     
   1.2887021087124830        13.999999999999998     
   1.2922376426184157        13.999999999999998     
   1.2957731765243485        13.999999999999998     
   1.2993087104302812        13.999999999999998     
   1.3028442443362140        13.999999999999998     
   1.3063797782421467        13.999999999999998     
   1.3099153121480793        13.999999999999998     
   1.3134508460540120        13.999999999999998     
   1.3169863799599451        13.999999999999998     
   1.3205219138658777        13.999999999999998     
   1.3240574477718103        13.999999999999998     
   1.3275929816777430        13.999999999999998     
   1.3311285155836761        13.999999999999998     
   1.3346640494896087        13.999999999999998     
   1.3381995833955413        13.999999999999998     
   1.3417351173014740        13.999999999999998     
   1.3452706512074071        13.999999999999998     
   1.3488061851133397        13.999999999999998     
   1.3523417190192724        13.999999999999998     
   1.3558772529252050        13.999999999999998     
   1.3594127868311379        13.999999999999998     
   1.3629483207370705        13.999999999999998     
   1.3664838546430034        13.999999999999998     
   1.3700193885489360        13.999999999999998     
   1.3735549224548687        13.999999999999998     
   1.3770904563608015        13.999999999999998     
   1.3806259902667342        13.999999999999998     
   1.3841615241726668        13.999999999999998     
   1.3876970580785994        13.999999999999998     
   1.3912325919845325        13.999999999999998     
   1.3947681258904652        13.999999999999998     
   1.3983036597963978        13.999999999999998     
   1.4018391937023305        13.999999999999998     
   1.4053747276082635        13.999999999999998     
   1.4089102615141962        13.999999999999998     
   1.4124457954201288        13.999999999999998     
