   1.2500000000000000E-003   13.999999999999998        0.0000000000000000        0.0000000000000000        2.5000000000000004       0.17857142857142863     
   3.7499999999999999E-003   13.999999999999998        0.0000000000000000        0.0000000000000000        2.5000000000000004       0.17857142857142863     
   6.2499999999999995E-003   13.999999999999998        0.0000000000000000        0.0000000000000000        2.5000000000000004       0.17857142857142863     
   8.7500000000000008E-003   13.999999999999998        0.0000000000000000        0.0000000000000000        2.5000000000000004       0.17857142857142863     
   1.1250000000000001E-002   13.999999999999998        0.0000000000000000        0.0000000000000000        2.5000000000000004       0.17857142857142863     
   1.3750000000000000E-002   13.999999999999998        0.0000000000000000        0.0000000000000000        2.5000000000000004       0.17857142857142863     
   1.6250000000000001E-002   13.999999999999998        0.0000000000000000        0.0000000000000000        2.5000000000000004       0.17857142857142863     
   1.8749999999999999E-002   13.999999999999998        0.0000000000000000        0.0000000000000000        2.5000000000000004       0.17857142857142863     
   2.1249999999999998E-002   13.999999999999998        0.0000000000000000        0.0000000000000000        2.5000000000000004       0.17857142857142863     
   2.3750000000000000E-002   13.999999999999998        0.0000000000000000        0.0000000000000000        2.5000000000000004       0.17857142857142863     
   2.6249999999999999E-002   13.999999999999998        0.0000000000000000        0.0000000000000000        2.5000000000000004       0.17857142857142863     
   2.8749999999999998E-002   13.999999999999998        0.0000000000000000        0.0000000000000000        2.5000000000000004       0.17857142857142863     
   3.1250000000000000E-002   13.999999999999998        0.0000000000000000        0.0000000000000000        2.5000000000000004       0.17857142857142863     
   3.3750000000000002E-002   13.999999999999998        0.0000000000000000        0.0000000000000000        2.5000000000000004       0.17857142857142863     
   3.6249999999999998E-002   13.999999999999998        0.0000000000000000        0.0000000000000000        2.5000000000000004       0.17857142857142863     
   3.8750000000000000E-002   13.999999999999998        0.0000000000000000        0.0000000000000000        2.5000000000000004       0.17857142857142863     
   4.1250000000000002E-002   13.999999999999998        0.0000000000000000        0.0000000000000000        2.5000000000000004       0.17857142857142863     
   4.3749999999999997E-002   13.999999999999998        0.0000000000000000        0.0000000000000000        2.5000000000000004       0.17857142857142863     
   4.6249999999999999E-002   13.999999999999998        0.0000000000000000        0.0000000000000000        2.5000000000000004       0.17857142857142863     
   4.8750000000000002E-002   13.999999999999998        0.0000000000000000        0.0000000000000000        2.5000000000000004       0.17857142857142863     
   5.1249999999999997E-002   13.999999999999998        0.0000000000000000        0.0000000000000000        2.5000000000000004       0.17857142857142863     
   5.3749999999999999E-002   13.999999999999998        0.0000000000000000        0.0000000000000000        2.5000000000000004       0.17857142857142863     
   5.6250000000000001E-002   13.999999999999998        0.0000000000000000        0.0000000000000000        2.5000000000000004       0.17857142857142863     
   5.8749999999999997E-002   13.999999999999998        0.0000000000000000        0.0000000000000000        2.5000000000000004       0.17857142857142863     
   6.1249999999999999E-002   13.999999999999998        0.0000000000000000        0.0000000000000000        2.5000000000000004       0.17857142857142863     
   6.3750000000000001E-002   13.999999999999998        0.0000000000000000        0.0000000000000000        2.5000000000000004       0.17857142857142863     
   6.6250000000000003E-002   13.999999999999998        0.0000000000000000        0.0000000000000000        2.5000000000000004       0.17857142857142863     
   6.8750000000000006E-002   13.999999999999998        0.0000000000000000        0.0000000000000000        2.5000000000000004       0.17857142857142863     
   7.1249999999999994E-002   13.999999999999998        0.0000000000000000        0.0000000000000000        2.5000000000000004       0.17857142857142863     
   7.3749999999999996E-002   13.999999999999998        0.0000000000000000        0.0000000000000000        2.5000000000000004       0.17857142857142863     
   7.6249999999999998E-002   13.999999999999998        0.0000000000000000        0.0000000000000000        2.5000000000000004       0.17857142857142863     
   7.8750000000000001E-002   13.999999999999998        0.0000000000000000        0.0000000000000000        2.5000000000000004       0.17857142857142863     
   8.1250000000000003E-002   13.999999999999998        0.0000000000000000        0.0000000000000000        2.5000000000000004       0.17857142857142863     
   8.3750000000000005E-002   13.999999999999998        0.0000000000000000        0.0000000000000000        2.5000000000000004       0.17857142857142863     
   8.6250000000000007E-002   13.999999999999998        0.0000000000000000        0.0000000000000000        2.5000000000000004       0.17857142857142863     
   8.8749999999999996E-002   13.999999999999998        0.0000000000000000        0.0000000000000000        2.5000000000000004       0.17857142857142863     
   9.1249999999999998E-002   13.999999999999998        0.0000000000000000        0.0000000000000000        2.5000000000000004       0.17857142857142863     
   9.3750000000000000E-002   13.999999999999998        0.0000000000000000        0.0000000000000000        2.5000000000000004       0.17857142857142863     
   9.6250000000000002E-002   13.999999999999998        0.0000000000000000        0.0000000000000000        2.5000000000000004       0.17857142857142863     
   9.8750000000000004E-002   13.999999999999998        0.0000000000000000        0.0000000000000000        2.5000000000000004       0.17857142857142863     
  0.10125000000000001        13.999999999999998        0.0000000000000000        0.0000000000000000        2.5000000000000004       0.17857142857142863     
  0.10375000000000000        13.999999999999998        0.0000000000000000        0.0000000000000000        2.5000000000000004       0.17857142857142863     
  0.10625000000000000        13.999999999999998        0.0000000000000000        0.0000000000000000        2.5000000000000004       0.17857142857142863     
  0.10875000000000000        13.999999999999998        0.0000000000000000        0.0000000000000000        2.5000000000000004       0.17857142857142863     
  0.11125000000000000        13.999999999999998        0.0000000000000000        0.0000000000000000        2.5000000000000004       0.17857142857142863     
  0.11375000000000000        13.999999999999998        0.0000000000000000        0.0000000000000000        2.5000000000000004       0.17857142857142863     
  0.11625000000000001        13.999999999999998        0.0000000000000000        0.0000000000000000        2.5000000000000004       0.17857142857142863     
  0.11874999999999999        13.999999999999998        0.0000000000000000        0.0000000000000000        2.5000000000000004       0.17857142857142863     
  0.12125000000000000        13.999999999999998        0.0000000000000000        0.0000000000000000        2.5000000000000004       0.17857142857142863     
  0.12375000000000000        13.999999999999998        0.0000000000000000        0.0000000000000000        2.5000000000000004       0.17857142857142863     
  0.12625000000000000        13.999999999999998        0.0000000000000000        0.0000000000000000        2.5000000000000004       0.17857142857142863     
  0.12875000000000000        13.999999999999998        0.0000000000000000        0.0000000000000000        2.5000000000000004       0.17857142857142863     
  0.13125000000000001        13.999999999999998        0.0000000000000000        0.0000000000000000        2.5000000000000004       0.17857142857142863     
  0.13375000000000001        13.999999999999998        0.0000000000000000        0.0000000000000000        2.5000000000000004       0.17857142857142863     
  0.13625000000000001        13.999999999999998        0.0000000000000000        0.0000000000000000        2.5000000000000004       0.17857142857142863     
  0.13875000000000001        13.999999999999998        0.0000000000000000        0.0000000000000000        2.5000000000000004       0.17857142857142863     
  0.14125000000000001        13.999999999999998        0.0000000000000000        0.0000000000000000        2.5000000000000004       0.17857142857142863     
  0.14374999999999999        13.999999999999998        0.0000000000000000        0.0000000000000000        2.5000000000000004       0.17857142857142863     
  0.14624999999999999        13.999999999999998        0.0000000000000000        0.0000000000000000        2.5000000000000004       0.17857142857142863     
  0.14874999999999999        13.999999999999998        0.0000000000000000        0.0000000000000000        2.5000000000000004       0.17857142857142863     
  0.15125000000000000        13.999999999999998        0.0000000000000000        0.0000000000000000        2.5000000000000004       0.17857142857142863     
  0.15375000000000000        13.999999999999998        0.0000000000000000        0.0000000000000000        2.5000000000000004       0.17857142857142863     
  0.15625000000000000        13.999999999999998        0.0000000000000000        0.0000000000000000        2.5000000000000004       0.17857142857142863     
  0.15875000000000000        13.999999999999998        0.0000000000000000        0.0000000000000000        2.5000000000000004       0.17857142857142863     
  0.16125000000000000        13.999999999999998        0.0000000000000000        0.0000000000000000        2.5000000000000004       0.17857142857142863     
  0.16375000000000001        13.999999999999998        0.0000000000000000        0.0000000000000000        2.5000000000000004       0.17857142857142863     
  0.16625000000000001        13.999999999999998        0.0000000000000000        0.0000000000000000        2.5000000000000004       0.17857142857142863     
  0.16875000000000001        13.999999999999998        0.0000000000000000        0.0000000000000000        2.5000000000000004       0.17857142857142863     
  0.17125000000000001        13.999999999999998        0.0000000000000000        0.0000000000000000        2.5000000000000004       0.17857142857142863     
  0.17375000000000002        13.999999999999998        0.0000000000000000        0.0000000000000000        2.5000000000000004       0.17857142857142863     
  0.17624999999999999        13.999999999999998        0.0000000000000000        0.0000000000000000        2.5000000000000004       0.17857142857142863     
  0.17874999999999999        13.999999999999998        0.0000000000000000        0.0000000000000000        2.5000000000000004       0.17857142857142863     
  0.18124999999999999        13.999999999999998        0.0000000000000000        0.0000000000000000        2.5000000000000004       0.17857142857142863     
  0.18375000000000000        13.999999999999998        0.0000000000000000        0.0000000000000000        2.5000000000000004       0.17857142857142863     
  0.18625000000000000        13.999999999999998        0.0000000000000000        0.0000000000000000        2.5000000000000004       0.17857142857142863     
  0.18875000000000000        13.999999999999998        0.0000000000000000        0.0000000000000000        2.5000000000000004       0.17857142857142863     
  0.19125000000000000        13.999999999999998        0.0000000000000000        0.0000000000000000        2.5000000000000004       0.17857142857142863     
  0.19375000000000001        13.999999999999998        0.0000000000000000        0.0000000000000000        2.5000000000000004       0.17857142857142863     
  0.19625000000000001        13.999999999999998        0.0000000000000000        0.0000000000000000        2.5000000000000004       0.17857142857142863     
  0.19875000000000001        13.999999999999998        0.0000000000000000        0.0000000000000000        2.5000000000000004       0.17857142857142863     
  0.20125000000000001        13.999999999999998        0.0000000000000000        0.0000000000000000        2.5000000000000004       0.17857142857142863     
  0.20375000000000001        13.999999999999998        0.0000000000000000        0.0000000000000000        2.5000000000000004       0.17857142857142863     
  0.20625000000000002        13.999999999999998        0.0000000000000000        0.0000000000000000        2.5000000000000004       0.17857142857142863     
  0.20874999999999999        13.999999999999998        0.0000000000000000        0.0000000000000000        2.5000000000000004       0.17857142857142863     
  0.21124999999999999        13.999999999999998        0.0000000000000000        0.0000000000000000        2.5000000000000004       0.17857142857142863     
  0.21375000000000000        13.999999999999998        0.0000000000000000        0.0000000000000000        2.5000000000000004       0.17857142857142863     
  0.21625000000000000        13.999999999999998        0.0000000000000000        0.0000000000000000        2.5000000000000004       0.17857142857142863     
  0.21875000000000000        13.999999999999998        0.0000000000000000        0.0000000000000000        2.5000000000000004       0.17857142857142863     
  0.22125000000000000        13.999999999999998        0.0000000000000000        0.0000000000000000        2.5000000000000004       0.17857142857142863     
  0.22375000000000000        13.999999999999998        0.0000000000000000        0.0000000000000000        2.5000000000000004       0.17857142857142863     
  0.22625000000000001        13.999999999999998        0.0000000000000000        0.0000000000000000        2.5000000000000004       0.17857142857142863     
  0.22875000000000001        13.999999999999998        0.0000000000000000        0.0000000000000000        2.5000000000000004       0.17857142857142863     
  0.23125000000000001        13.999999999999998        0.0000000000000000        0.0000000000000000        2.5000000000000004       0.17857142857142863     
  0.23375000000000001        13.999999999999998        0.0000000000000000        0.0000000000000000        2.5000000000000004       0.17857142857142863     
  0.23625000000000002        13.999999999999998        0.0000000000000000        0.0000000000000000        2.5000000000000004       0.17857142857142863     
  0.23874999999999999        13.999999999999998        0.0000000000000000        0.0000000000000000        2.5000000000000004       0.17857142857142863     
  0.24124999999999999        13.999999999999998        0.0000000000000000        0.0000000000000000        2.5000000000000004       0.17857142857142863     
  0.24374999999999999        13.999999999999998        0.0000000000000000        0.0000000000000000        2.5000000000000004       0.17857142857142863     
  0.24625000000000000        13.999999999999998        0.0000000000000000        0.0000000000000000        2.5000000000000004       0.17857142857142863     
  0.24875000000000000        13.999999999999998        0.0000000000000000        0.0000000000000000        2.5000000000000004       0.17857142857142863     
  0.25125000000000003        13.999999999999998        0.0000000000000000        0.0000000000000000        2.5000000000000004       0.17857142857142863     
  0.25375000000000003        13.999999999999998        0.0000000000000000        0.0000000000000000        2.5000000000000004       0.17857142857142863     
  0.25625000000000003        13.999999999999998        0.0000000000000000        0.0000000000000000        2.5000000000000004       0.17857142857142863     
  0.25875000000000004        13.999999999999998        0.0000000000000000        0.0000000000000000        2.5000000000000004       0.17857142857142863     
  0.26125000000000004        13.999999999999998        0.0000000000000000        0.0000000000000000        2.5000000000000004       0.17857142857142863     
  0.26375000000000004        13.999999999999998        0.0000000000000000        0.0000000000000000        2.5000000000000004       0.17857142857142863     
  0.26625000000000004        13.999999999999998        0.0000000000000000        0.0000000000000000        2.5000000000000004       0.17857142857142863     
  0.26875000000000004        13.999999999999998        0.0000000000000000        0.0000000000000000        2.5000000000000004       0.17857142857142863     
  0.27125000000000005        13.999999999999998        0.0000000000000000        0.0000000000000000        2.5000000000000004       0.17857142857142863     
  0.27375000000000005        13.999999999999998        0.0000000000000000        0.0000000000000000        2.5000000000000004       0.17857142857142863     
  0.27625000000000005        13.999999999999998        0.0000000000000000        0.0000000000000000        2.5000000000000004       0.17857142857142863     
  0.27875000000000005        13.999999999999998        0.0000000000000000        0.0000000000000000        2.5000000000000004       0.17857142857142863     
  0.28125000000000006        13.999999999999998       -3.6754766206603788E-316   0.0000000000000000        2.5000000000000004       0.17857142857142863     
  0.28375000000000006        13.999999999999998        4.1844734980686918E-308   0.0000000000000000        2.5000000000000004       0.17857142857142863     
  0.28625000000000006        13.999999999999998       -2.8184826790041060E-299   0.0000000000000000        2.5000000000000004       0.17857142857142863     
  0.28875000000000001        13.999999999999998        4.9867701161150339E-291   0.0000000000000000        2.5000000000000004       0.17857142857142863     
  0.29125000000000001        13.999999999999998       -1.8839821221044970E-282   0.0000000000000000        2.5000000000000004       0.17857142857142863     
  0.29375000000000001        13.999999999999998        4.2775815376399939E-274   0.0000000000000000        2.5000000000000004       0.17857142857142863     
  0.29625000000000001        13.999999999999998       -1.0646118819030200E-265   0.0000000000000000        2.5000000000000004       0.17857142857142863     
  0.29875000000000002        13.999999999999998        2.6212393800115328E-257   0.0000000000000000        2.5000000000000004       0.17857142857142863     
  0.30125000000000002        13.999999999999998       -5.4173445602303319E-249   0.0000000000000000        2.5000000000000004       0.17857142857142863     
  0.30375000000000002        13.999999999999998        1.8101074768169822E-240   0.0000000000000000        2.5000000000000004       0.17857142857142863     
  0.30625000000000002        13.999999999999998       -4.5408552296651217E-232   0.0000000000000000        2.5000000000000004       0.17857142857142863     
  0.30875000000000002        13.999999999999998        1.8242666872487624E-223   0.0000000000000000        2.5000000000000004       0.17857142857142863     
  0.31125000000000003        13.999999999999998       -5.2159330860328679E-215   0.0000000000000000        2.5000000000000004       0.17857142857142863     
  0.31375000000000003        13.999999999999998        1.6891760326749432E-206   0.0000000000000000        2.5000000000000004       0.17857142857142863     
  0.31625000000000003        13.999999999999998       -4.0610930550052002E-198   0.0000000000000000        2.5000000000000004       0.17857142857142863     
  0.31875000000000003        13.999999999999998        1.1062388802103792E-189   0.0000000000000000        2.5000000000000004       0.17857142857142863     
  0.32125000000000004        13.999999999999998       -1.7901919461890078E-181   0.0000000000000000        2.5000000000000004       0.17857142857142863     
  0.32375000000000004        13.999999999999998        4.2665032173289996E-173   0.0000000000000000        2.5000000000000004       0.17857142857142863     
  0.32625000000000004        13.999999999999998       -9.1391785837649702E-165   0.0000000000000000        2.5000000000000004       0.17857142857142863     
  0.32875000000000004        13.999999999999998        2.3485917044520246E-156   0.0000000000000000        2.5000000000000004       0.17857142857142863     
  0.33125000000000004        13.999999999999998       -1.1739154602952321E-147   0.0000000000000000        2.5000000000000004       0.17857142857142863     
  0.33375000000000005        13.999999999999998        3.5938361741808034E-139   0.0000000000000000        2.5000000000000004       0.17857142857142863     
  0.33625000000000005        13.999999999999998       -1.2349384437016833E-130   0.0000000000000000        2.5000000000000004       0.17857142857142863     
  0.33875000000000005        13.999999999999998        3.2793221123125647E-122   0.0000000000000000        2.5000000000000004       0.17857142857142863     
  0.34125000000000005        13.999999999999998       -7.9015244692461728E-114   0.0000000000000000        2.5000000000000004       0.17857142857142863     
  0.34375000000000006        13.999999999999998        1.5841899438589689E-105   0.0000000000000000        2.5000000000000004       0.17857142857142863     
  0.34625000000000006        13.999999999999998       -2.9116816210158337E-097   0.0000000000000000        2.5000000000000004       0.17857142857142863     
  0.34875000000000006        13.999999999999998        4.2690297817297732E-089   0.0000000000000000        2.5000000000000004       0.17857142857142863     
  0.35125000000000001        13.999999999999998       -5.8262537356288233E-081   0.0000000000000000        2.5000000000000004       0.17857142857142863     
  0.35375000000000001        13.999999999999998        6.6053246282853476E-072   0.0000000000000000        2.5000000000000004       0.17857142857142863     
  0.35625000000000001        13.999999999999998       -2.5450969709512832E-063   0.0000000000000000        2.5000000000000004       0.17857142857142863     
  0.35875000000000001        13.999999999999998        8.3325357112300167E-055   0.0000000000000000        2.5000000000000004       0.17857142857142863     
  0.36125000000000002        13.999999999999998       -2.3826426405467020E-046   0.0000000000000000        2.5000000000000004       0.17857142857142863     
  0.36375000000000002        13.999999999999998        4.2796741017233767E-038   0.0000000000000000        2.5000000000000004       0.17857142857142863     
  0.36625000000000002        13.999999999999998       -6.6396500562352617E-030   0.0000000000000000        2.5000000000000004       0.17857142857142863     
  0.36875000000000002        13.999999999999998        6.0973935532908476E-022   0.0000000000000000        2.5000000000000004       0.17857142857142863     
  0.37125000000000002        13.999999999999998        1.3887329149524327E-016   0.0000000000000000        2.5000000000000004       0.17857142857142863     
  0.37375000000000003        13.999999999999998        4.1428703771226626E-016  -1.4511092558323196E-017   2.5000000000000009       0.17857142857142869     
  0.37625000000000003        14.000000000000481       -1.6363447927220463E-013   3.4992485639401489E-015   2.5000000000001292       0.17857142857143166     
  0.37875000000000003        13.999999999996623        1.0500952471382134E-012  -4.9624624665549609E-015   2.4999999999991687       0.17857142857141228     
  0.38125000000000003        13.999999999531330        1.6552898201224045E-010  -4.2268277066224940E-012   2.4999999998690994       0.17857142856805647     
  0.38375000000000004        14.000000006280992       -2.1449384715241293E-009   2.7401973756737064E-011   2.5000000016955455       0.17857142861242428     
  0.38625000000000004        14.000000328370877       -1.3592528914832551E-007   4.3658985852039780E-009   2.5000001074931681       0.17857143206110784     
  0.38875000000000004        13.999993675534727        2.6268074313782120E-006  -7.1153494417046009E-008   2.4999979229857749       0.17857136088242137     
  0.39125000000000004        13.999906400636210        6.0393662831321720E-005  -2.8000480440604321E-006   2.4999522605536253       0.17856921245626850     
  0.39375000000000004        14.003883765060660       -3.1392757592661183E-003   1.8116320883078806E-004   2.5025872105775107       0.17870662878401206     
  0.39625000000000005        14.190117377179957      -0.39983639094953305        4.7814129182759429E-002   3.2739741733849703       0.23031948329214219     
  0.39875000000000005        16.352433390921131       -10.312790816468063        2.3458959674869750        52.309722208620414        2.9897404445049247     
  0.40125000000000005        23.897041136666903       -70.441939175571719        22.307985896783208        560.77044956415216        18.685843438387021     
  0.40375000000000005        36.837474218323607       -217.45017808635026        80.870067339733168        2218.8082722253166        40.400175813404736     
  0.40625000000000006        68.070523930355236       -649.12378615678574        275.13339241205819        7883.1716004132613        62.172353869623201     
  0.40875000000000006        81.229151852810048       -859.17878477113140        376.60389608180031        10943.868821321339        68.041819963534081     
  0.41125000000000006        71.145677483580869       -720.30124053295890        316.01912742183458        9177.6267917142904        67.881737121618741     
  0.41375000000000006        62.405468147954927       -602.96871302616910        265.49114963034481        7721.4850661864612        68.003182411517457     
  0.41625000000000001        60.408727233170872       -587.75783698861710        263.19680277940421        7718.7530816335839        70.950651399484613     
  0.41875000000000001        58.166082533988472       -568.57264831257180        259.51373343280102        7655.6693253594131        73.889304024375122     
  0.42125000000000001        54.266094732484923       -523.27543166088753        242.79053931512931        7191.5302213365740        76.023282233297124     
  0.42375000000000002        50.707542469371802       -482.19458235026229        227.46840255057094        6773.0994634757626        78.296588512035441     
  0.42625000000000002        47.951397325010319       -452.57734092116573        217.22787713886692        6509.9093051186910        80.959071079801774     
  0.42875000000000002        45.380554208008370       -425.00144190386692        207.59659385074769        6262.6232339771459        83.684797011239183     
  0.43125000000000002        42.817336578636763       -397.07570365675963        197.44341557646166        5995.5360127216827        86.392993330068649     
  0.43375000000000002        40.408238991202602       -370.92417327209796        187.87068717452411        5745.7509927248084        89.253619412430737     
  0.43625000000000003        38.131551319542915       -346.55503460313008        178.86142291763827        5514.9588252805670        92.329182394862144     
  0.43875000000000003        35.913060846869200       -322.99964558506736        169.88589794817403        5289.1522534619007        95.642449392334228     
  0.44125000000000003        33.748576069387418       -300.30490444410680        160.95849693986958        5071.8610010561315        99.320534339017428     
  0.44375000000000003        31.683336869235582       -279.34698825365706        152.24205115739426        4878.8927549339251        103.57631718240729     
  0.44625000000000004        29.778050320686631       -261.20359683757715        143.75645347171107        4727.6706023183870        108.63954850016307     
  0.44875000000000004        28.085851874453915       -246.64750571383095        135.42751011518200        4630.7383528462460        114.69155822490040     
  0.45125000000000004        26.611337691660093       -235.46099595153129        127.14162758385449        4583.8074972183276        121.69200655315703     
  0.45375000000000004        25.309621352179409       -226.22536879886633        118.92006035171910        4560.5045645434493        129.20336390502351     
  0.45625000000000004        24.129533387027642       -217.24576700051009        111.15583309885382        4525.4529891882394        136.40794886927989     
  0.45875000000000005        23.084462821178846       -207.97479101152985        104.58090166144611        4461.0885612745424        142.40490258331815     
  0.46125000000000005        22.259944659595575       -199.32544698096285        99.911296600333429        4378.9036612958680        146.55287575566800     
  0.46375000000000005        21.752226573389535       -192.66241389010619        97.441924275544991        4303.5300493386385        148.58523225372699     
  0.46625000000000005        21.602580236864092       -188.73047776122630        97.030962039099535        4250.6898479873980        148.51725917341193     
  0.46875000000000006        21.797789348298874       -187.39416557699818        98.385485064713833        4222.7396465306319        146.58357558630186     
  0.47125000000000006        22.283529917155580       -187.97539682379909        101.21645823690235        4212.6726400697107        143.15303478430820     
  0.47375000000000006        22.986441591972557       -189.65818705596334        105.26823287439998        4210.6125424320453        138.65337556759945     
  0.47625000000000006        23.832220810302285       -191.73445693347449        110.30782504389330        4208.4603024193948        133.51297085770673     
  0.47875000000000001        24.755468891210207       -193.68955413138622        116.10813851228212        4201.5225658982999        128.11362772779518     
  0.48125000000000001        25.702035258358546       -195.18409917425146        122.40747531692531        4187.9086682074067        122.76449571501385     
  0.48375000000000001        26.622438222425451       -195.98005002826523        128.87668669153103        4166.3275121439192        117.68410631773351     
  0.48625000000000002        27.471170654364954       -195.86171389218433        135.15703246824870        4135.3334288718706        113.01413024622506     
  0.48875000000000002        28.205624735488410       -194.62370144318879        140.83268080050760        4092.8366953526984        108.83553577151049     
  0.49125000000000002        28.800129272209368       -192.20945805659159        145.49148191718774        4038.6783661262971        105.20055960818821     
  0.49375000000000002        29.269171270934500       -189.06384333329211        148.87821990019509        3979.4996829595329        102.16332703677830     
  0.49625000000000002        29.704060042840492       -186.59221833840058        151.21866449644540        3936.1678397890810        99.824529981123192     
  0.49875000000000003        30.282146950668313       -187.29677819368158        153.52707401139907        3946.5689280190236        98.347250784702837     
  0.50125000000000008        31.184975879254054       -193.72098091691575        157.59672930443506        4051.8409878636362        97.865319747341914     
  0.50375000000000003        32.396334802738835       -205.70352119418337        165.04822138933167        4255.9359595833175        98.234481288492532     
  0.50625000000000009        33.544597331126425       -218.06093169313618        175.51048162789988        4484.5905897512803        98.873604726761414     
  0.50875000000000004        34.070335972115785       -222.73603301512642        185.73822403943393        4609.6905865943936        99.069522909259121     
  0.51124999999999998        33.637734415091693       -215.00971883096025        191.50272173151620        4544.2852410728319        98.460894592037363     
  0.51375000000000004        32.370698986598491       -197.01425028241783        190.91734917574695        4308.5445664836770        97.186995862648800     
  0.51624999999999999        30.692829691844484       -174.94913032095613        185.46114462093715        3995.2742956667289        95.668781919924399     
  0.51875000000000004        29.013432802069925       -154.20449423710423        178.06701681359297        3692.4894515503006        94.310173607290963     
  0.52124999999999999        27.558258556068040       -137.17468552903108        170.96983067047552        3443.9830563764149        93.338173834640543     
  0.52375000000000005        26.371738203359243       -123.91399298187039        165.01454582475037        3254.4748841086807        92.792000785206312     
  0.52625000000000000        25.405222282483912       -113.51559482377718        160.13668729209110        3110.9057019892407        92.603241050954679     
  0.52875000000000005        24.589972912037737       -105.00313721369471        155.95545228524739        2997.5716338830889        92.673067713783368     
  0.53125000000000000        23.870237782049450       -97.676880649376244        152.10873231087197        2902.4433109424103        92.917135597649633     
  0.53375000000000006        23.214386101701919       -91.137791740773395        148.40729569433606        2818.8125008691477        93.284227400207357     
  0.53625000000000000        22.607493606841441       -85.198087123129085        144.79200254656101        2743.4911525474649        93.742624209873796     
  0.53875000000000006        22.042317577592758       -79.767707666696538        141.26858038380982        2674.8610597466022        94.265699225503596     
  0.54125000000000001        21.513773254614840       -74.765305784538995        137.87126505603479        2611.8990195824717        94.832779305508481     
  0.54375000000000007        21.013597682468891       -70.094719184038865        134.60974621865248        2553.4243237050150        95.432166721004592     
  0.54625000000000001        20.530555671444791       -65.666278290088556        131.44494596543421        2497.9700347302410        96.060353319256336     
  0.54875000000000007        20.056066454085979       -61.415234737785738        128.33021605007127        2444.3477970727317        96.716395782204259     
  0.55125000000000002        19.586918340801674       -57.302020822788876        125.25118684790898        2391.8758391301271        97.390960962654916     
  0.55375000000000008        19.123429649477490       -53.302323596506476        122.22476386062044        2340.1457006613623        98.061391854444551     
  0.55625000000000002        18.666557819848329       -49.398097510953392        119.27336548577576        2288.8080018461806        98.699849156148346     
  0.55875000000000008        18.216214533744143       -45.579894678288028        116.40309394116920        2237.5480982853564        99.285796317628751     
  0.56125000000000003        17.771604169820556       -41.854464302311570        113.60779996435792        2186.2155733119685        99.810980934114667     
  0.56375000000000008        17.333105293804429       -38.240982842361106        110.89633668840990        2135.0176292702172        100.27508747793863     
  0.56625000000000003        16.903298493314175       -34.752249605854644        108.30653428284458        2084.4884161893160        100.67747018972250     
  0.56875000000000009        16.485712923182689       -31.381489201325493        105.88240852762071        2035.1405054695563        101.01158733911564     
  0.57125000000000004        16.082762894063507       -28.112157189744870        103.63833975790823        1987.1342471118842        101.26609942735551     
  0.57375000000000009        15.695045024144147       -24.938002886919755        101.54929611153206        1940.2875167985271        101.43047128528326     
  0.57625000000000004        15.322343628266362       -21.867722614086730        99.576033899135567        1894.3610710869123        101.49862263339980     
  0.57874999999999999        14.965092892092050       -18.910728114694429        97.700356274900741        1849.3342724293977        101.46713616981849     
  0.58125000000000004        14.624955678911808       -16.064297405413424        95.939807433595433        1805.4706040479705        101.33125179200856     
  0.58374999999999999        14.304080536671009       -13.317421913281274        94.331268000228889        1763.1622773759964        101.08438418042317     
  0.58625000000000005        14.003654907469874       -10.665063769616655        92.898485802275218        1722.6894476329035        100.72297621779096     
  0.58875000000000000        13.722875182799209       -8.1164860232876848        91.629554397716277        1684.0679780379528        100.25275447672824     
  0.59125000000000005        13.459057772651880       -5.6900279693796607        90.479875520434831        1647.0714519618673        99.690383126033794     
  0.59375000000000000        13.208708045073182       -3.4004481759767153        89.395341572262936        1611.3765876212728        99.058067136547280     
  0.59625000000000006        12.968768034250989       -1.2501956038726256        88.337429292106037        1576.7186774543975        98.374876232014998     
  0.59875000000000000        12.737394780726767       0.76919381855359048        87.294984111638385        1542.9861197841765        97.651631486709448     
  0.60125000000000006        12.514080928351881        2.6684094764466084        86.279726235125210        1510.2427831008722        96.892907913318552     
  0.60375000000000001        12.298951640206312        4.4539795784282044        85.309899652057737        1478.6365665824389        96.102515131003130     
  0.60625000000000007        12.090334237981569        6.1367895841215825        84.381334910248157        1448.0184752311889        95.282912888116243     
  0.60875000000000001        11.879134458303781        7.7650277598272508        83.416446691179232        1417.0351123000287        94.419168528919926     
  0.61125000000000007        11.641162584188180        9.4677010351006778        82.200609237103180        1381.9588867907369        93.452116773324292     
  0.61375000000000002        11.339816597569797        11.424440666600962        80.413608220565692        1337.3711477702948        92.285383690749356     
  0.61625000000000008        10.978193954121284        13.560634647860661        78.091450297456859        1284.4058305203434        90.933505599402935     
  0.61875000000000002        10.760043500295579        14.759085122562420        77.037231692113608        1254.4134668898905        90.010298880683621     
  0.62125000000000008        11.212166871984460        12.052451430502412        82.065649786707326        1331.4695471122482        91.388092051159362     
  0.62375000000000003        12.526227959159103        3.2343348131817651        95.347270412427946        1562.1221661520212        95.704943584653392     
  0.62625000000000008        13.614044525011106       -5.2155509392139239        106.67134856152944        1765.8684816314674        98.939270292536946     
  0.62875000000000003        13.485015721762936       -5.0834433307711731        106.31699802302134        1750.2149508107791        98.639167298352234     
  0.63125000000000009        12.728359297179505      -0.48777449868557682        100.18762980530909        1623.5964344405738        96.578668315861876     
  0.63375000000000004        12.586822745423216      -0.48214833862767564        100.14443461996262        1610.9760727379503        96.337073353858671     
  0.63625000000000009        13.595602718915572       -9.6177334681329114        111.22831953941508        1817.2358856000608        99.947283637690575     
  0.63875000000000004        14.805205960056282       -21.631159153313078        123.88254593214842        2075.0146152365933        104.07953582835160     
  0.64124999999999999        14.944977600454717       -24.700131877912526        125.19348448125399        2117.2994290689558        105.22047083369138     
  0.64375000000000004        14.104818398293251       -18.847832418643684        116.65856989835235        1959.1989695482634        103.80668362662448     
  0.64624999999999999        13.080733310644783       -11.445392404909949        106.66341009793307        1770.7566045107396        101.74276297629652     
  0.64875000000000005        12.264136642138538       -5.9038676714130931        98.926350463042198        1628.2894069436404        100.11980520839799     
  0.65125000000000000        11.636112617140917       -1.9571411118268665        93.058806006504426        1524.0257632709240        98.980331906135774     
  0.65375000000000005        11.100806691289531        1.2007914815846075        88.048985804060521        1437.9568682418731        98.073954210766416     
  0.65625000000000000        10.607116892325333        3.9703118185477333        83.412549438376573        1360.2148753007693        97.246106764758636     
  0.65875000000000006        10.139187481983557        6.4919220595494256        79.039256106758387        1287.9988461577068        96.442471583200970     
  0.66125000000000000        9.6938923847401828        8.8140660486648699        74.940720619406946        1220.9049907492990        95.650459634929348     
  0.66375000000000006        9.2754167644656071        10.927888818144353        71.151931345624817        1159.4864823462244        94.890083071326188     
  0.66625000000000001        8.8933903705338597        12.785905131582012        67.714261388802782        1104.8317969374320        94.210706822177499     
  0.66875000000000007        8.5652044195222246        14.309813388475249        64.714612582770712        1059.0014422294491        93.701368767034253     
  0.67125000000000001        8.3213805950819264        15.376445329621426        62.364976244613537        1026.1015018589178        93.517703657504740     
  0.67375000000000007        8.2040445540215110        15.816193376407979        61.037175900731583        1012.5292179451010        93.884019655325233     
  0.67625000000000002        8.2356903422908925        15.522479054844910        61.016927833060457        1022.6214706102596        94.947819670285668     
  0.67875000000000008        8.3563067974560354        14.741944709997817        61.860781276735992        1047.8907968261426        96.443684138397145     
  0.68125000000000002        8.4176228103056179        14.193458029207621        62.170110332760935        1063.4894688113852        97.644917565148418     
  0.68375000000000008        8.3015756973528276        14.513911117588794        60.731751444375050        1048.0018856824358        97.953331300407115     
  0.68625000000000003        8.0121126494109731        15.687702984741783        57.632757816414667        1002.4051387642631        97.323245879406869     
  0.68875000000000008        7.6223871402241263        17.304907783914949        53.779487129867590        941.39059086399629        96.036515347241846     
  0.69125000000000003        7.1980619877762884        19.017771861634486        49.949548176995748        877.81259140577822        94.384000714854110     
  0.69375000000000009        6.7875194113309689        20.625692707909167        46.562016822484871        819.73497100681493        92.624437655024835     
  0.69625000000000004        6.4300490045729575        22.026276081879843        43.789384242159528        772.18760024122116        91.034522638512001     
  0.69875000000000009        6.1415433479839656        23.202111706431182        41.538176900918813        736.11321679586001        89.849470464072368     
  0.70125000000000004        5.8877167023449006        24.202266498854733        39.373796425065429        706.02518703476744        89.105292967314099     
  0.70374999999999999        5.5794537431845725        25.074433950698221        36.679106759798685        671.02831107763427        88.560952064471792     
  0.70625000000000004        5.1360395502525256        25.741447585301518        33.096442033074958        622.70416168193617        87.920068847964686     
  0.70874999999999999        4.5725581729451452        25.974836578654084        28.847334235914339        563.46045090122186        87.191512506307845     
  0.71125000000000005        3.9880616591989417        25.647691770020529        24.577596182620795        504.05166219126625        86.720498486863320     
  0.71375000000000000        3.4797481272460447        24.843164627629729        20.860709733981604        454.75710841894636        87.232221252806781     
  0.71625000000000005        3.1949689624238862        24.083147482789958        19.315384777377240        435.38960359445696        89.589611838699838     
  0.71875000000000000        3.2655772703614612        23.277706775013982        19.238685561479681        459.88453404913923        98.068234551556216     
  0.72125000000000006        2.9648387441503790        22.156822846754750        15.703143135694372        433.00625907560698        104.09658736157792     
  0.72375000000000000        2.3975306142958441        20.782535306303657        11.800987371735967        372.03013309733797        105.48868311001532     
  0.72625000000000006        2.5901606980854401        20.349232469759734        9.6354018585422843        396.44461438654497        115.27752743176127     
  0.72875000000000001        2.8559267539612092        16.310964200837141        7.4149239989055911        475.24246652611635        146.72593741506822     
  0.73125000000000007        2.4563938562075793        12.063344215741573        3.9353368391372805        502.11701394889747        191.06998077237287     
  0.73375000000000001        1.9585332670989728        8.3486622827779158        2.0440094866315968        509.04327168805742        250.28050454171401     
  0.73625000000000007       0.85150083776656704       -1.0802544261386999        4.7282325659385505        414.11590943660275        470.11481818786592     
  0.73875000000000002       0.72736815355225826      -0.81176243425630557        49.051245221783965        2482.8643801107937        1139.0194399190948     
  0.74125000000000008        2.3772439177696345       -10.019237641536400        232.25096342081059        11662.354694163208        124.54047942523836     
  0.74375000000000002        5.4707997143169438       -30.967058742202944        538.39245433317649        26996.015614624972        76.081669652884969     
  0.74625000000000008        9.3512806896701264       -32.582422628673235        924.14554027530096        46339.153734478488        66.064849057528264     
  0.74875000000000003        12.564403164163080       -14.640374849768477        1244.1128196540412        62403.527583481395        63.646814242257825     
  0.75125000000000008        12.564403170006054        14.640374867876199        1244.1128202345512        62403.527612646925        63.646814237441106     
  0.75375000000000003        9.3512806983883472        32.582422636441493        924.14554113923805        46339.153777775588        66.064849051232557     
  0.75625000000000009        5.4707997122020409        30.967058749362149        538.39245411536785        26996.015603798860        76.081669735878165     
  0.75875000000000004        2.3772439174438027        10.019237780230426        232.25096344210908        11662.354695647937        124.54047829033351     
  0.76125000000000009       0.72736815211296180       0.81176237353089298        49.051245402220161        2482.8643890495346        1139.0194333258094     
  0.76375000000000004       0.85150083048184455        1.0802544391996631        4.7282325827460756        414.11590757793635        470.11481975911568     
  0.76625000000000010        1.9585332643505307       -8.3486622200341216        2.0440095448404190        509.04327303195851        250.28050567114323     
  0.76875000000000004        2.4563938642611580       -12.063344146140224        3.9353368579649430        502.11701660166858        191.06998139648928     
  0.77124999999999999        2.8559267619339552       -16.310964175729676        7.4149240105064536        475.24246791101700        146.72593758498488     
  0.77375000000000005        2.5901606997985427       -20.349232478879330        9.6354018739415288        396.44461454492631        115.27752739187524     
  0.77625000000000000        2.3975306140973176       -20.782535309701426        11.800987377184333        372.03013308814548        105.48868308733186     
  0.77875000000000005        2.9648387433025274       -22.156822851253754        15.703143138411317        433.00625894387480        104.09658731872442     
  0.78125000000000000        3.2655772689204214       -23.277706779361701        19.238685556412911        459.88453385927846        98.068234517473329     
  0.78375000000000006        3.1949689626707922       -24.083147486238527        19.315384778670651        435.38960362837457        89.589611835416463     
  0.78625000000000000        3.4797481282049230       -24.843164632184443        20.860709741591293        454.75710855053080        87.232221256103003     
  0.78875000000000006        3.9880616603289734       -25.647691773718549        24.577596190020628        504.05166233899001        86.720498493174347     
  0.79125000000000001        4.5725581742742678       -25.974836581734259        28.847334244099834        563.46045107482723        87.191512514284611     
  0.79375000000000007        5.1360395513354868       -25.741447587883087        33.096442040687883        622.70416183699103        87.920068854571184     
  0.79625000000000001        5.5794537434474050       -25.074433953967215        36.679106765064617        671.02831115283880        88.560952066434766     
  0.79875000000000007        5.8877167018312626       -24.202266503145921        39.373796428382711        706.02518703123849        89.105292965036512     
  0.80125000000000002        6.1415433474134202       -23.202111710385598        41.538176904775547        736.11321678662046        89.849470461447325     
  0.80375000000000008        6.4300490045427141       -22.026276083732384        43.789384248120463        772.18760028712006        91.034522638641519     
  0.80625000000000002        6.7875194119499742       -20.625692706735819        46.562016830171238        819.73497111866641        92.624437658380515     
  0.80875000000000008        7.1980619888639303       -19.017771857570185        49.949548185582316        877.81259156711621        94.384000720385956     
  0.81125000000000003        7.6223871414979829       -17.304907778002843        53.779487138933085        941.39059104872558        96.036515353387188     
  0.81375000000000008        8.0121126505015123       -15.687702979010378        57.632757824897091        1002.4051389290501        97.323245884294778     
  0.81625000000000003        8.3015756977537247       -14.513911115243310        60.731751448702653        1048.0018857492419        97.953331301770561     
  0.81875000000000009        8.4176228095523360       -14.193458033238738        62.170110327979458        1063.4894686966240        97.644917561072958     
  0.82125000000000004        8.3563067956618813       -14.741944719663048        61.860781262617223        1047.8907965435124        96.443684129531846     
  0.82375000000000009        8.2356903402727468       -15.522479065455588        61.016927816436763        1022.6214702942656        94.947819660549300     
  0.82625000000000004        8.2040445525468719       -15.816193384091646        61.037175888432884        1012.5292177167073        93.884019648400212     
  0.82875000000000010        8.3213805943170343       -15.376445333712734        62.364976238192256        1026.1015017406576        93.517703654025510     
  0.83125000000000004        8.5652044192502075       -14.309813390031090        64.714612580442832        1059.0014421868145        93.701368765831603     
  0.83374999999999999        8.8933903705083122       -12.785905131783950        67.714261388516775        1104.8317969328746        94.210706822061667     
  0.83625000000000005        9.2754167645331336       -10.927888817779035        71.151931346104277        1159.4864823563573        94.890083071596948     
  0.83875000000000000        9.6938923848261958       -8.8140660481568318        74.940720620035577        1220.9049907625622        95.650459635263971     
  0.84125000000000005        10.139187482056677       -6.4919220591027953        79.039256107281432        1287.9988461690973        96.442471583475537     
  0.84375000000000000        10.607116892374055       -3.9703118182538066        83.412549438702570        1360.2148753083359        97.246106764936314     
  0.84625000000000006        11.100806691310073       -1.2007914814867116        88.048985804157525        1437.9568682448305        98.073954210841208     
  0.84875000000000000        11.636112617129161        1.9571411116811923        93.058806006332077        1524.0257632683279        98.980331906100901     
  0.85125000000000006        12.264136642082557        5.9038676709118443        98.926350462482802        1628.2894069329659        100.11980520822320     
  0.85375000000000001        13.080733310527823        11.445392403887366        106.66341009680735        1770.7566044881560        101.74276297594923     
  0.85625000000000007        14.104818398138523        18.847832417259760        116.65856989683431        1959.1989695172433        103.80668362620024     
  0.85875000000000001        14.944977600396868        24.700131877395762        125.19348448063553        2117.2994290567858        105.22047083354705     
  0.86125000000000007        14.805205960257291        21.631159155147671        123.88254593411490        2075.0146152775219        104.07953582890033     
  0.86375000000000002        13.595602719285438        9.6177334712054776        111.22831954309271        1817.2358856720127        99.947283638808145     
  0.86625000000000008        12.586822745681429       0.48214834057311884        100.14443462255034        1610.9760727852313        96.337073354646421     
  0.86875000000000002        12.728359297245989       0.48777449923809019        100.18762980610732        1623.5964344532556        96.578668316020298     
  0.87125000000000008        13.485015721727979        5.0834433306175271        106.31699802291416        1750.2149508058701        98.639167298230106     
  0.87375000000000003        13.614044524950994        5.2155509388812717        106.67134856120452        1765.8684816220630        98.939270292343537     
  0.87625000000000008        12.526227959114980       -3.2343348133631800        95.347270412227886        1562.1221661456379        95.704943584496576     
  0.87875000000000003        11.212166871966000       -12.052451430493171        82.065649786697549        1331.4695471101727        91.388092051086929     
  0.88125000000000009        10.760043500287818       -14.759085122495701        77.037231692171304        1254.4134668893248        90.010298880646928     
  0.88375000000000004        10.978193954113378       -13.560634647803838        78.091450297507038        1284.4058305196979        90.933505599364750     
  0.88625000000000009        11.339816597560517       -11.424440666561239        80.413608220604772        1337.3711477694367        92.285383690707306     
  0.88875000000000004        11.641162584178621       -9.4677010350712010        82.200609237140256        1381.9588867898296        93.452116773281944     
  0.89125000000000010        11.879134458294528       -7.7650277598024440        83.416446691218127        1417.0351122991610        94.419168528879453     
  0.89375000000000004        12.090334237972744       -6.1367895840982580        84.381334910289610        1448.0184752303844        95.282912888078442     
  0.89624999999999999        12.298951640197870       -4.4539795784042315        85.309899652101905        1478.6365665817054        96.102515130968683     
  0.89875000000000005        12.514080928343832       -2.6684094764202371        86.279726235173030        1510.2427831002228        96.892907913287772     
  0.90125000000000000        12.737394780719082      -0.76919381852356983        87.294984111690781        1542.9861197836149        97.651631486682064     
  0.90375000000000005        12.968768034243574        1.2501956039068283        88.337429292163506        1576.7186774539227        98.374876231990939     
  0.90625000000000000        13.208708045065872        3.4004481760148169        89.395341572325265        1611.3765876208677        99.058067136526034     
  0.90875000000000006        13.459057772644510        5.6900279694207621        90.479875520500897        1647.0714519615062        99.690383126014865     
  0.91125000000000000        13.722875182791551        8.1164860233306104        91.629554397784730        1684.0679780376045        100.25275447671110     
  0.91375000000000006        14.003654907461742        10.665063769659982        92.898485802345036        1722.6894476325374        100.72297621777493     
  0.91625000000000001        14.304080536662244        13.317421913323605        94.331268000299190        1763.1622773755889        101.08438418040787     
  0.91875000000000007        14.624955678902325        16.064297405453388        95.939807433665948        1805.4706040475039        101.33125179199340     
  0.92125000000000001        14.965092892081838        18.910728114730688        97.700356274971824        1849.3342724288614        101.46713616980271     
  0.92375000000000007        15.322343628255437        21.867722614118321        99.576033899207545        1894.3610710862959        101.49862263338268     
  0.92625000000000002        15.695045024132478        24.938002886945910        101.54929611160490        1940.2875167978241        101.43047128526472     
  0.92875000000000008        16.082762894051040        28.112157189764879        103.63833975798136        1987.1342471110815        101.26609942733536     
  0.93125000000000002        16.485712923169437        31.381489201338724        105.88240852769358        2035.1405054686472        101.01158733909375     
  0.93375000000000008        16.903298493300213        34.752249605860655        108.30653428291694        2084.4884161882997        100.67747018969867     
  0.93625000000000003        17.333105293789867        38.240982842359614        110.89633668848217        2135.0176292691017        100.27508747791278     
  0.93875000000000008        17.771604169805510        41.854464302302404        113.60779996443031        2186.2155733107566        99.810980934086501     
  0.94125000000000003        18.216214533728682        45.579894678271280        116.40309394124176        2237.5480982840522        99.285796317598283     
  0.94375000000000009        18.666557819832580        49.398097510929219        119.27336548584854        2288.8080018447904        98.699849156115476     
  0.94625000000000004        19.123429649461528        53.302323596474523        122.22476386069285        2340.1457006598857        98.061391854409365     
  0.94875000000000009        19.586918340785552        57.302020822748929        125.25118684797998        2391.8758391285683        97.390960962617925     
  0.95125000000000004        20.056066454069800        61.415234737737876        128.33021605014025        2444.3477970710974        96.716395782165790     
  0.95375000000000010        20.530555671428729        65.666278290033560        131.44494596550061        2497.9700347285561        96.060353319217270     
  0.95625000000000004        21.013597682453323        70.094719183979009        134.60974621871631        2553.4243237033247        95.432166720965583     
  0.95874999999999999        21.513773254600338        74.765305784478244        137.87126505609692        2611.8990195808483        94.832779305470353     
  0.96125000000000005        22.042317577579922        79.767707666640320        141.26858038387130        2674.8610597451379        94.265699225467657     
  0.96375000000000000        22.607493606831000        85.198087123084179        144.79200254662342        2743.4911525462599        93.742624209840855     
  0.96625000000000005        23.214386101694654        91.137791740747190        148.40729569440163        2818.8125008683155        93.284227400178267     
  0.96875000000000000        23.870237782046381        97.676880649378958        152.10873231094408        2902.4433109421052        92.917135597625375     
  0.97125000000000006        24.589972912040402        105.00313721374293        155.95545228533331        2997.5716338835659        92.673067713765349     
  0.97375000000000000        25.405222282494783        113.51559482389835        160.13668729220507        3110.9057019909374        92.603241050945002     
  0.97625000000000006        26.371738203381796        123.91399298210575        165.01454582491331        3254.4748841122546        92.792000785208089     
  0.97875000000000001        27.558258556106164        137.17468552943086        170.96983067070718        3443.9830563826345        93.338173834656530     
  0.98125000000000007        29.013432802125692        154.20449423770430        178.06701681389131        3692.4894515596075        94.310173607320777     
  0.98375000000000001        30.692829691914028        174.94913032172212        185.46114462124797        3995.2742956783077        95.668781919959599     
  0.98625000000000007        32.370698986667605        197.01425028317004        190.91734917595085        4308.5445664943636        97.186995862669548     
  0.98875000000000002        33.637734415136784        215.00971883136742        191.50272173148363        4544.2852410772875        98.460894592015080     
  0.99125000000000008        34.070335972116183        222.73603301488257        185.73822403914684        4609.6905865882127        99.069522909169692     
  0.99375000000000002        33.544597331081320        218.06093169223806        175.51048162750914        4484.5905897351449        98.873604726601528     
  0.99625000000000008        32.396334802671447        205.70352119298877        165.04822138904927        4255.9359595633032        98.234481288288691     
  0.99875000000000003        31.184975879194216        193.72098091585684        157.59672930437267        4051.8409878463353        97.865319747134436     
   1.0012500000000000        30.282146950631962        187.29677819296381        153.52707401153089        3946.5689280072115        98.347250784516973     
   1.0037500000000001        29.704060042826097        186.59221833798424        151.21866449668372        3936.1678397818555        99.824529980959696     
   1.0062500000000001        29.269171270932986        189.06384333304470        148.87821990046550        3979.4996829547686        102.16332703662667     
   1.0087500000000000        28.800129272212786        192.20945805640460        145.49148191745397        4038.6783661223035        105.20055960803786     
   1.0112500000000000        28.205624735492488        194.62370144300525        140.83268080076266        4092.8366953486161        108.83553577135504     
   1.0137500000000002        27.471170654367842        195.86171389198398        135.15703246849648        4135.3334288673905        113.01413024606165     
   1.0162500000000001        26.622438222426634        195.98005002804626        128.87668669177589        4166.3275121390197        117.68410631756196     
   1.0187500000000000        25.702035258358205        195.18409917401928        122.40747531716846        4187.9086682021916        122.76449571483560     
   1.0212500000000000        24.755468891208874        193.68955413115043        116.10813851252006        4201.5225658929476        128.11362772761308     
   1.0237499999999999        23.832220810300893        191.73445693324950        110.30782504412004        4208.4603024141816        133.51297085752518     
   1.0262500000000001        22.986441591972454        189.65818705576896        105.26823287460864        4210.6125424273505        138.65337556742381     
   1.0287500000000001        22.283529917158369        187.97539682365783        101.21645823708889        4212.6726400659600        143.15303478414316     
   1.0312500000000000        21.797789348305876        187.39416557692905        98.385485064877955        4222.7396465281818        146.58357558615077     
   1.0337499999999999        21.602580236876086        188.73047776124025        97.030962039245068        4250.6898479864194        148.51725917327508     
   1.0362500000000001        21.752226573406571        192.66241389020195        97.441924275679980        4303.5300493390678        148.58523225360213     
   1.0387500000000001        22.259944659616998        199.32544698112636        99.911296600467480        4378.9036612973832        146.55287575555053     
   1.0412500000000000        23.084462821203346        207.97479101173542        104.58090166158730        4461.0885612766024        142.40490258320227     
   1.0437500000000000        24.129533387053687        217.24576700072785        111.15583309900506        4525.4529891902912        136.40794886916274     
   1.0462500000000001        25.309621352206026        226.22536879907898        118.92006035187738        4560.5045645452001        129.20336390490596     
   1.0487500000000001        26.611337691687357        235.46099595174366        127.14162758401523        4583.8074972199029        121.69200655304388     
   1.0512500000000000        28.085851874482529        246.64750571406088        135.42751011534210        4630.7383528479822        114.69155822479715     
   1.0537500000000000        29.778050320717025        261.20359683783823        143.75645347186844        4727.6706023205206        108.63954850007258     
   1.0562500000000001        31.683336869267436        279.34698825394867        152.24205115754694        4878.8927549364707        103.57631718232990     
   1.0587500000000001        33.748576069419741        300.30490444441887        160.95849694001410        5071.8610010589382        99.320534338951532     
   1.0612500000000000        35.913060846901068        322.99964558538642        169.88589794830688        5289.1522534647793        95.642449392277925     
   1.0637500000000000        38.131551319573823        346.55503460344761        178.86142291775633        5514.9588252833782        92.329182394813202     
   1.0662500000000001        40.408238991232807        370.92417327241685        187.87068717462847        5745.7509927275914        89.253619412388019     
   1.0687500000000001        42.817336578667181        397.07570365709165        197.44341557655713        5995.5360127245731        86.392993330030691     
   1.0712500000000000        45.380554208039243        425.00144190420900        207.59659385083319        6262.6232339800345        83.684797011203656     
   1.0737500000000000        47.951397325041825        452.57734092151048        217.22787713894104        6509.9093051214040        80.959071079766318     
   1.0762500000000002        50.707542469408168        482.19458235066691        227.46840255066309        6773.0994634790750        78.296588512000241     
   1.0787500000000001        54.266094732531741        523.27543166142664        242.79053931527514        7191.5302213414998        76.023282233263217     
   1.0812500000000000        58.166082534035780        568.57264831308976        259.51373343292505        7655.6693253635940        73.889304024337321     
   1.0837500000000000        60.408727233203912        587.75783698888631        263.19680277941188        7718.7530816338694        70.950651399437703     
   1.0862500000000002        62.405468148006776        602.96871302670581        265.49114963049499        7721.4850661905366        68.003182411479230     
   1.0887500000000001        71.145677483703224        720.30124053454551        316.01912742248913        9177.6267917330133        67.881737121603635     
   1.0912500000000001        81.229151852882410        859.17878477193972        376.60389608209817        10943.868821328997        68.041819963504892     
   1.0937500000000000        68.070523930153399        649.12378615365719        275.13339241059327        7883.1716003691117        62.172353869525182     
   1.0962499999999999        36.837474217976322        217.45017808218444        80.870067338020888        2218.8082721767655        40.400175813050247     
   1.0987500000000001        23.897041136403352        70.441939173124410        22.307985895899836        560.77044954082783        18.685843437900733     
   1.1012500000000001        16.352433390812408        10.312790815844764        2.3458959673163533        52.309722204794362        2.9897404443149735     
   1.1037500000000000        14.190117377165141       0.39983639090992806        4.7814129177033801E-002   3.2739741732867627       0.23031948328554144     
   1.1062500000000000        14.003883765060230        3.1392757588563401E-003   1.8116320880551964E-004   2.5025872105771567       0.17870662878399224     
   1.1087500000000001        13.999906400636217       -6.0393662823411624E-005  -2.8000480437189897E-006   2.4999522605536306       0.17856921245626878     
   1.1112500000000001        13.999993675534727       -2.6268074310272232E-006  -7.1153494406409168E-008   2.4999979229857754       0.17857136088242143     
   1.1137500000000000        14.000000328370877        1.3592528913646869E-007   4.3658985850442436E-009   2.5000001074931681       0.17857143206110784     
   1.1162500000000000        14.000000006280992        2.1449384766078867E-009   2.7401980907908545E-011   2.5000000016955455       0.17857142861242428     
   1.1187500000000001        13.999999999531330       -1.6552899260048454E-010  -4.2268280596116842E-012   2.4999999998690994       0.17857142856805647     
   1.1212500000000001        13.999999999996623       -1.0500855108136595E-012  -4.9546718373095617E-015   2.4999999999991687       0.17857142857141228     
   1.1237500000000000        14.000000000000481        1.6363101435067865E-013   3.5012090681094819E-015   2.5000000000001292       0.17857142857143166     
   1.1262500000000000        13.999999999999998       -4.1562066476116794E-016  -1.3464424062631454E-017   2.5000000000000009       0.17857142857142869     
   1.1287500000000001        13.999999999999998       -1.3666075260283379E-016  -8.5665356838360839E-019   2.5000000000000004       0.17857142857142863     
   1.1312500000000001        13.999999999999998       -5.5506065941750813E-022   0.0000000000000000        2.5000000000000004       0.17857142857142863     
   1.1337500000000000        13.999999999999998        5.6857168178801637E-030   0.0000000000000000        2.5000000000000004       0.17857142857142863     
   1.1362500000000000        13.999999999999998       -3.7160806179663698E-038   0.0000000000000000        2.5000000000000004       0.17857142857142863     
   1.1387500000000002        13.999999999999998        1.9390890571818367E-046   0.0000000000000000        2.5000000000000004       0.17857142857142863     
   1.1412500000000001        13.999999999999998       -7.6268750211580173E-055   0.0000000000000000        2.5000000000000004       0.17857142857142863     
   1.1437500000000000        13.999999999999998        1.9105714184028371E-063   0.0000000000000000        2.5000000000000004       0.17857142857142863     
   1.1462500000000000        13.999999999999998       -6.4696609321841416E-072   0.0000000000000000        2.5000000000000004       0.17857142857142863     
   1.1487500000000002        13.999999999999998        4.0395976053674646E-081   0.0000000000000000        2.5000000000000004       0.17857142857142863     
   1.1512500000000001        13.999999999999998       -3.0155044782779143E-089   0.0000000000000000        2.5000000000000004       0.17857142857142863     
   1.1537500000000001        13.999999999999998        1.9965966087057949E-097   0.0000000000000000        2.5000000000000004       0.17857142857142863     
   1.1562500000000000        13.999999999999998       -1.0605428962348286E-105   0.0000000000000000        2.5000000000000004       0.17857142857142863     
   1.1587499999999999        13.999999999999998        5.2010001880423121E-114   0.0000000000000000        2.5000000000000004       0.17857142857142863     
   1.1612500000000001        13.999999999999998       -2.1277798158829387E-122   0.0000000000000000        2.5000000000000004       0.17857142857142863     
   1.1637500000000001        13.999999999999998        7.4654126815604912E-131   0.0000000000000000        2.5000000000000004       0.17857142857142863     
   1.1662500000000000        13.999999999999998       -2.1946616761691738E-139   0.0000000000000000        2.5000000000000004       0.17857142857142863     
   1.1687500000000000        13.999999999999998        6.5958923885417122E-148   0.0000000000000000        2.5000000000000004       0.17857142857142863     
   1.1712500000000001        13.999999999999998       -1.4397976985461221E-156   0.0000000000000000        2.5000000000000004       0.17857142857142863     
   1.1737500000000001        13.999999999999998        5.7758975517843944E-165   0.0000000000000000        2.5000000000000004       0.17857142857142863     
   1.1762500000000000        13.999999999999998       -3.5351938016248630E-173   0.0000000000000000        2.5000000000000004       0.17857142857142863     
   1.1787500000000000        13.999999999999998        1.5056454251663800E-181   0.0000000000000000        2.5000000000000004       0.17857142857142863     
   1.1812500000000001        13.999999999999998       -9.4993350159570282E-190   0.0000000000000000        2.5000000000000004       0.17857142857142863     
   1.1837500000000001        13.999999999999998        3.6839685901256953E-198   0.0000000000000000        2.5000000000000004       0.17857142857142863     
   1.1862500000000000        13.999999999999998       -1.4556879950565311E-206   0.0000000000000000        2.5000000000000004       0.17857142857142863     
   1.1887500000000000        13.999999999999998        4.9548848276255756E-215   0.0000000000000000        2.5000000000000004       0.17857142857142863     
   1.1912500000000001        13.999999999999998       -1.6130966315195616E-223   0.0000000000000000        2.5000000000000004       0.17857142857142863     
   1.1937500000000001        13.999999999999998        4.5038347903100531E-232   0.0000000000000000        2.5000000000000004       0.17857142857142863     
   1.1962500000000000        13.999999999999998       -1.7386994106902432E-240   0.0000000000000000        2.5000000000000004       0.17857142857142863     
   1.1987500000000000        13.999999999999998        5.5136460787930602E-249   0.0000000000000000        2.5000000000000004       0.17857142857142863     
   1.2012500000000002        13.999999999999998       -2.6726110244951226E-257   0.0000000000000000        2.5000000000000004       0.17857142857142863     
   1.2037500000000001        13.999999999999998        1.0860774181820073E-265   0.0000000000000000        2.5000000000000004       0.17857142857142863     
   1.2062500000000000        13.999999999999998       -4.3905728793573920E-274   0.0000000000000000        2.5000000000000004       0.17857142857142863     
   1.2087500000000000        13.999999999999998        1.9195487914228039E-282   0.0000000000000000        2.5000000000000004       0.17857142857142863     
   1.2112500000000002        13.999999999999998       -5.1821468513506350E-291   0.0000000000000000        2.5000000000000004       0.17857142857142863     
   1.2137500000000001        13.999999999999998        2.8624912394520754E-299   0.0000000000000000        2.5000000000000004       0.17857142857142863     
   1.2162500000000001        13.999999999999998       -4.4397065114145500E-308   0.0000000000000000        2.5000000000000004       0.17857142857142863     
   1.2187500000000000        13.999999999999998        3.7158734535335070E-316   0.0000000000000000        2.5000000000000004       0.17857142857142863     
   1.2212499999999999        13.999999999999998        0.0000000000000000        0.0000000000000000        2.5000000000000004       0.17857142857142863     
   1.2237500000000001        13.999999999999998        0.0000000000000000        0.0000000000000000        2.5000000000000004       0.17857142857142863     
   1.2262500000000001        13.999999999999998        0.0000000000000000        0.0000000000000000        2.5000000000000004       0.17857142857142863     
   1.2287500000000000        13.999999999999998        0.0000000000000000        0.0000000000000000        2.5000000000000004       0.17857142857142863     
   1.2312500000000000        13.999999999999998        0.0000000000000000        0.0000000000000000        2.5000000000000004       0.17857142857142863     
   1.2337500000000001        13.999999999999998        0.0000000000000000        0.0000000000000000        2.5000000000000004       0.17857142857142863     
   1.2362500000000001        13.999999999999998        0.0000000000000000        0.0000000000000000        2.5000000000000004       0.17857142857142863     
   1.2387500000000000        13.999999999999998        0.0000000000000000        0.0000000000000000        2.5000000000000004       0.17857142857142863     
   1.2412500000000000        13.999999999999998        0.0000000000000000        0.0000000000000000        2.5000000000000004       0.17857142857142863     
   1.2437500000000001        13.999999999999998        0.0000000000000000        0.0000000000000000        2.5000000000000004       0.17857142857142863     
   1.2462500000000001        13.999999999999998        0.0000000000000000        0.0000000000000000        2.5000000000000004       0.17857142857142863     
   1.2487500000000000        13.999999999999998        0.0000000000000000        0.0000000000000000        2.5000000000000004       0.17857142857142863     
   1.2512500000000000        13.999999999999998        0.0000000000000000        0.0000000000000000        2.5000000000000004       0.17857142857142863     
   1.2537500000000001        13.999999999999998        0.0000000000000000        0.0000000000000000        2.5000000000000004       0.17857142857142863     
   1.2562500000000001        13.999999999999998        0.0000000000000000        0.0000000000000000        2.5000000000000004       0.17857142857142863     
   1.2587500000000000        13.999999999999998        0.0000000000000000        0.0000000000000000        2.5000000000000004       0.17857142857142863     
   1.2612500000000000        13.999999999999998        0.0000000000000000        0.0000000000000000        2.5000000000000004       0.17857142857142863     
   1.2637500000000002        13.999999999999998        0.0000000000000000        0.0000000000000000        2.5000000000000004       0.17857142857142863     
   1.2662500000000001        13.999999999999998        0.0000000000000000        0.0000000000000000        2.5000000000000004       0.17857142857142863     
   1.2687500000000000        13.999999999999998        0.0000000000000000        0.0000000000000000        2.5000000000000004       0.17857142857142863     
   1.2712500000000000        13.999999999999998        0.0000000000000000        0.0000000000000000        2.5000000000000004       0.17857142857142863     
   1.2737500000000002        13.999999999999998        0.0000000000000000        0.0000000000000000        2.5000000000000004       0.17857142857142863     
   1.2762500000000001        13.999999999999998        0.0000000000000000        0.0000000000000000        2.5000000000000004       0.17857142857142863     
   1.2787500000000001        13.999999999999998        0.0000000000000000        0.0000000000000000        2.5000000000000004       0.17857142857142863     
   1.2812500000000000        13.999999999999998        0.0000000000000000        0.0000000000000000        2.5000000000000004       0.17857142857142863     
   1.2837499999999999        13.999999999999998        0.0000000000000000        0.0000000000000000        2.5000000000000004       0.17857142857142863     
   1.2862500000000001        13.999999999999998        0.0000000000000000        0.0000000000000000        2.5000000000000004       0.17857142857142863     
   1.2887500000000001        13.999999999999998        0.0000000000000000        0.0000000000000000        2.5000000000000004       0.17857142857142863     
   1.2912500000000000        13.999999999999998        0.0000000000000000        0.0000000000000000        2.5000000000000004       0.17857142857142863     
   1.2937500000000000        13.999999999999998        0.0000000000000000        0.0000000000000000        2.5000000000000004       0.17857142857142863     
   1.2962500000000001        13.999999999999998        0.0000000000000000        0.0000000000000000        2.5000000000000004       0.17857142857142863     
   1.2987500000000001        13.999999999999998        0.0000000000000000        0.0000000000000000        2.5000000000000004       0.17857142857142863     
   1.3012500000000000        13.999999999999998        0.0000000000000000        0.0000000000000000        2.5000000000000004       0.17857142857142863     
   1.3037500000000000        13.999999999999998        0.0000000000000000        0.0000000000000000        2.5000000000000004       0.17857142857142863     
   1.3062500000000001        13.999999999999998        0.0000000000000000        0.0000000000000000        2.5000000000000004       0.17857142857142863     
   1.3087500000000001        13.999999999999998        0.0000000000000000        0.0000000000000000        2.5000000000000004       0.17857142857142863     
   1.3112500000000000        13.999999999999998        0.0000000000000000        0.0000000000000000        2.5000000000000004       0.17857142857142863     
   1.3137500000000000        13.999999999999998        0.0000000000000000        0.0000000000000000        2.5000000000000004       0.17857142857142863     
   1.3162500000000001        13.999999999999998        0.0000000000000000        0.0000000000000000        2.5000000000000004       0.17857142857142863     
   1.3187500000000001        13.999999999999998        0.0000000000000000        0.0000000000000000        2.5000000000000004       0.17857142857142863     
   1.3212500000000000        13.999999999999998        0.0000000000000000        0.0000000000000000        2.5000000000000004       0.17857142857142863     
   1.3237500000000000        13.999999999999998        0.0000000000000000        0.0000000000000000        2.5000000000000004       0.17857142857142863     
   1.3262500000000002        13.999999999999998        0.0000000000000000        0.0000000000000000        2.5000000000000004       0.17857142857142863     
   1.3287500000000001        13.999999999999998        0.0000000000000000        0.0000000000000000        2.5000000000000004       0.17857142857142863     
   1.3312500000000000        13.999999999999998        0.0000000000000000        0.0000000000000000        2.5000000000000004       0.17857142857142863     
   1.3337500000000000        13.999999999999998        0.0000000000000000        0.0000000000000000        2.5000000000000004       0.17857142857142863     
   1.3362500000000002        13.999999999999998        0.0000000000000000        0.0000000000000000        2.5000000000000004       0.17857142857142863     
   1.3387500000000001        13.999999999999998        0.0000000000000000        0.0000000000000000        2.5000000000000004       0.17857142857142863     
   1.3412500000000001        13.999999999999998        0.0000000000000000        0.0000000000000000        2.5000000000000004       0.17857142857142863     
   1.3437500000000000        13.999999999999998        0.0000000000000000        0.0000000000000000        2.5000000000000004       0.17857142857142863     
   1.3462499999999999        13.999999999999998        0.0000000000000000        0.0000000000000000        2.5000000000000004       0.17857142857142863     
   1.3487500000000001        13.999999999999998        0.0000000000000000        0.0000000000000000        2.5000000000000004       0.17857142857142863     
   1.3512500000000001        13.999999999999998        0.0000000000000000        0.0000000000000000        2.5000000000000004       0.17857142857142863     
   1.3537500000000000        13.999999999999998        0.0000000000000000        0.0000000000000000        2.5000000000000004       0.17857142857142863     
   1.3562500000000000        13.999999999999998        0.0000000000000000        0.0000000000000000        2.5000000000000004       0.17857142857142863     
   1.3587500000000001        13.999999999999998        0.0000000000000000        0.0000000000000000        2.5000000000000004       0.17857142857142863     
   1.3612500000000001        13.999999999999998        0.0000000000000000        0.0000000000000000        2.5000000000000004       0.17857142857142863     
   1.3637500000000000        13.999999999999998        0.0000000000000000        0.0000000000000000        2.5000000000000004       0.17857142857142863     
   1.3662500000000000        13.999999999999998        0.0000000000000000        0.0000000000000000        2.5000000000000004       0.17857142857142863     
   1.3687500000000001        13.999999999999998        0.0000000000000000        0.0000000000000000        2.5000000000000004       0.17857142857142863     
   1.3712500000000001        13.999999999999998        0.0000000000000000        0.0000000000000000        2.5000000000000004       0.17857142857142863     
   1.3737500000000000        13.999999999999998        0.0000000000000000        0.0000000000000000        2.5000000000000004       0.17857142857142863     
   1.3762500000000000        13.999999999999998        0.0000000000000000        0.0000000000000000        2.5000000000000004       0.17857142857142863     
   1.3787500000000001        13.999999999999998        0.0000000000000000        0.0000000000000000        2.5000000000000004       0.17857142857142863     
   1.3812500000000001        13.999999999999998        0.0000000000000000        0.0000000000000000        2.5000000000000004       0.17857142857142863     
   1.3837500000000000        13.999999999999998        0.0000000000000000        0.0000000000000000        2.5000000000000004       0.17857142857142863     
   1.3862500000000000        13.999999999999998        0.0000000000000000        0.0000000000000000        2.5000000000000004       0.17857142857142863     
   1.3887500000000002        13.999999999999998        0.0000000000000000        0.0000000000000000        2.5000000000000004       0.17857142857142863     
   1.3912500000000001        13.999999999999998        0.0000000000000000        0.0000000000000000        2.5000000000000004       0.17857142857142863     
   1.3937500000000000        13.999999999999998        0.0000000000000000        0.0000000000000000        2.5000000000000004       0.17857142857142863     
   1.3962500000000000        13.999999999999998        0.0000000000000000        0.0000000000000000        2.5000000000000004       0.17857142857142863     
   1.3987500000000002        13.999999999999998        0.0000000000000000        0.0000000000000000        2.5000000000000004       0.17857142857142863     
   1.4012500000000001        13.999999999999998        0.0000000000000000        0.0000000000000000        2.5000000000000004       0.17857142857142863     
   1.4037500000000001        13.999999999999998        0.0000000000000000        0.0000000000000000        2.5000000000000004       0.17857142857142863     
   1.4062500000000000        13.999999999999998        0.0000000000000000        0.0000000000000000        2.5000000000000004       0.17857142857142863     
   1.4087499999999999        13.999999999999998        0.0000000000000000        0.0000000000000000        2.5000000000000004       0.17857142857142863     
   1.4112500000000001        13.999999999999998        0.0000000000000000        0.0000000000000000        2.5000000000000004       0.17857142857142863     
   1.4137500000000001        13.999999999999998        0.0000000000000000        0.0000000000000000        2.5000000000000004       0.17857142857142863     
   1.4162500000000000        13.999999999999998        0.0000000000000000        0.0000000000000000        2.5000000000000004       0.17857142857142863     
   1.4187500000000000        13.999999999999998        0.0000000000000000        0.0000000000000000        2.5000000000000004       0.17857142857142863     
   1.4212500000000001        13.999999999999998        0.0000000000000000        0.0000000000000000        2.5000000000000004       0.17857142857142863     
   1.4237500000000001        13.999999999999998        0.0000000000000000        0.0000000000000000        2.5000000000000004       0.17857142857142863     
   1.4262500000000000        13.999999999999998        0.0000000000000000        0.0000000000000000        2.5000000000000004       0.17857142857142863     
   1.4287500000000000        13.999999999999998        0.0000000000000000        0.0000000000000000        2.5000000000000004       0.17857142857142863     
   1.4312500000000001        13.999999999999998        0.0000000000000000        0.0000000000000000        2.5000000000000004       0.17857142857142863     
   1.4337500000000001        13.999999999999998        0.0000000000000000        0.0000000000000000        2.5000000000000004       0.17857142857142863     
   1.4362500000000000        13.999999999999998        0.0000000000000000        0.0000000000000000        2.5000000000000004       0.17857142857142863     
   1.4387500000000000        13.999999999999998        0.0000000000000000        0.0000000000000000        2.5000000000000004       0.17857142857142863     
   1.4412500000000001        13.999999999999998        0.0000000000000000        0.0000000000000000        2.5000000000000004       0.17857142857142863     
   1.4437500000000001        13.999999999999998        0.0000000000000000        0.0000000000000000        2.5000000000000004       0.17857142857142863     
   1.4462500000000000        13.999999999999998        0.0000000000000000        0.0000000000000000        2.5000000000000004       0.17857142857142863     
   1.4487500000000000        13.999999999999998        0.0000000000000000        0.0000000000000000        2.5000000000000004       0.17857142857142863     
   1.4512500000000002        13.999999999999998        0.0000000000000000        0.0000000000000000        2.5000000000000004       0.17857142857142863     
   1.4537500000000001        13.999999999999998        0.0000000000000000        0.0000000000000000        2.5000000000000004       0.17857142857142863     
   1.4562500000000000        13.999999999999998        0.0000000000000000        0.0000000000000000        2.5000000000000004       0.17857142857142863     
   1.4587500000000000        13.999999999999998        0.0000000000000000        0.0000000000000000        2.5000000000000004       0.17857142857142863     
   1.4612500000000002        13.999999999999998        0.0000000000000000        0.0000000000000000        2.5000000000000004       0.17857142857142863     
   1.4637500000000001        13.999999999999998        0.0000000000000000        0.0000000000000000        2.5000000000000004       0.17857142857142863     
   1.4662500000000001        13.999999999999998        0.0000000000000000        0.0000000000000000        2.5000000000000004       0.17857142857142863     
   1.4687500000000000        13.999999999999998        0.0000000000000000        0.0000000000000000        2.5000000000000004       0.17857142857142863     
   1.4712499999999999        13.999999999999998        0.0000000000000000        0.0000000000000000        2.5000000000000004       0.17857142857142863     
   1.4737500000000001        13.999999999999998        0.0000000000000000        0.0000000000000000        2.5000000000000004       0.17857142857142863     
   1.4762500000000001        13.999999999999998        0.0000000000000000        0.0000000000000000        2.5000000000000004       0.17857142857142863     
   1.4787500000000000        13.999999999999998        0.0000000000000000        0.0000000000000000        2.5000000000000004       0.17857142857142863     
   1.4812500000000000        13.999999999999998        0.0000000000000000        0.0000000000000000        2.5000000000000004       0.17857142857142863     
   1.4837500000000001        13.999999999999998        0.0000000000000000        0.0000000000000000        2.5000000000000004       0.17857142857142863     
   1.4862500000000001        13.999999999999998        0.0000000000000000        0.0000000000000000        2.5000000000000004       0.17857142857142863     
   1.4887500000000000        13.999999999999998        0.0000000000000000        0.0000000000000000        2.5000000000000004       0.17857142857142863     
   1.4912500000000000        13.999999999999998        0.0000000000000000        0.0000000000000000        2.5000000000000004       0.17857142857142863     
   1.4937500000000001        13.999999999999998        0.0000000000000000        0.0000000000000000        2.5000000000000004       0.17857142857142863     
   1.4962500000000001        13.999999999999998        0.0000000000000000        0.0000000000000000        2.5000000000000004       0.17857142857142863     
   1.4987500000000000        13.999999999999998        0.0000000000000000        0.0000000000000000        2.5000000000000004       0.17857142857142863     
