 -0.70533901423358125       0.53225419399590546     
 -0.70180348032764850       0.53226772967083968     
 -0.69826794642171575       0.53227283734427333     
 -0.69473241251578299       0.53228410536091841     
 -0.69119687860985024       0.53229489575064015     
 -0.68766134470391749       0.53231078475294979     
 -0.68412581079798485       0.53232894822349763     
 -0.68059027689205209       0.53235083170224640     
 -0.67705474298611934       0.53237419908447470     
 -0.67351920908018659       0.53239869051297373     
 -0.66998367517425383       0.53242229242631711     
 -0.66644814126832108       0.53244383186827815     
 -0.66291260736238833       0.53246106115723246     
 -0.65937707345645558       0.53247268415784532     
 -0.65584153955052282       0.53247696676917466     
 -0.65230600564459018       0.53247343197375563     
 -0.64877047173865743       0.53246167852729909     
 -0.64523493783272468       0.53244291989346160     
 -0.64169940392679192       0.53241872926205125     
 -0.63816387002085917       0.53239105302129786     
 -0.63462833611492642       0.53236204641958595     
 -0.63109280220899366       0.53233332543568390     
 -0.62755726830306091       0.53230664942989891     
 -0.62402173439712827       0.53228376534422017     
 -0.62048620049119541       0.53226639102360540     
 -0.61695066658526276       0.53225639952022308     
 -0.61341513267933001       0.53225475472236772     
 -0.60987959877339726       0.53226170528233319     
 -0.60634406486746462       0.53227623117476797     
 -0.60280853096153186       0.53229658060955787     
 -0.59927299705559911       0.53232045350882795     
 -0.59573746314966636       0.53234521273097180     
 -0.59220192924373360       0.53236821313265870     
 -0.58866639533780085       0.53238623157651443     
 -0.58513086143186810       0.53239786322437566     
 -0.58159532752593535       0.53240104949113998     
 -0.57805979362000259       0.53239593757301729     
 -0.57452425971406995       0.53238310483843554     
 -0.57098872580813720       0.53236388391276857     
 -0.56745319190220445       0.53234074931212416     
 -0.56391765799627169       0.53231605434122020     
 -0.56038212409033894       0.53229140089163141     
 -0.55684659018440619       0.53226848843450769     
 -0.55331105627847343       0.53224927656303223     
 -0.54977552237254068       0.53223561682083209     
 -0.54623998846660793       0.53222984621430491     
 -0.54270445456067529       0.53223311892844349     
 -0.53916892065474253       0.53224581791821002     
 -0.53563338674880978       0.53226600950340242     
 -0.53209785284287703       0.53229177104017855     
 -0.52856231893694439       0.53232181206104379     
 -0.52502678503101152       0.53235475379785213     
 -0.52149125112507888       0.53238942265017786     
 -0.51795571721914602       0.53242408645976180     
 -0.51442018331321337       0.53245813245561413     
 -0.51088464940728051       0.53249003714687415     
 -0.50734911550134787       0.53251917140036609     
 -0.50381358159541512       0.53254430579641543     
 -0.50027804768948247       0.53256572662969504     
 -0.49674251378354967       0.53257907444693342     
 -0.49320697987761691       0.53259139734168781     
 -0.48967144597168422       0.53259634079845475     
 -0.48613591206575146       0.53258848107747125     
 -0.48260037815981871       0.53257059541092233     
 -0.47906484425388596       0.53255831862450154     
 -0.47552931034795326       0.53254296149768110     
 -0.47199377644202051       0.53252073766797636     
 -0.46845824253608775       0.53249366694276201     
 -0.46492270863015500       0.53246231684971035     
 -0.46138717472422225       0.53242961990243720     
 -0.45785164081828955       0.53240916910258695     
 -0.45431610691235685       0.53236550026034113     
 -0.45078057300642405       0.53228782955827580     
 -0.44724503910049140       0.53225403737245691     
 -0.44370950519455854       0.53224873436328635     
 -0.44017397128862590       0.53219915147966623     
 -0.43663843738269309       0.53208256222343553     
 -0.43310290347676039       0.53203351043862357     
 -0.42956736957082758       0.53209702558242311     
 -0.42603183566489494       0.52979216162771803     
 -0.42249630175896213       0.48485474611970170     
 -0.41896076785302944       0.53592728643818699     
 -0.41542523394709663       0.52342514940759155     
 -0.41188970004116399       0.54087927187547491     
 -0.40835416613523123       0.52898180207542078     
 -0.40481863222929848       0.53363948571885100     
 -0.40128309832336573       0.52852084366576446     
 -0.39774756441743303       0.53235724722330102     
 -0.39421203051150028       0.53275045494011375     
 -0.39067649660556752       0.53069895372399156     
 -0.38714096269963477       0.53536731091292267     
 -0.38360542879370202       0.52931351541227523     
 -0.38006989488776932       0.53392218638735989     
 -0.37653436098183657       0.53083530987830485     
 -0.37299882707590382       0.53077772304994064     
 -0.36946329316997106       0.53024503016454183     
 -0.36592775926403842       0.53430812495468416     
 -0.36239222535810561       0.53258536964680392     
 -0.35885669145217292       0.53205937306258755     
 -0.35532115754624011       0.53121946254310126     
 -0.35178562364030735       0.52748146356158165     
 -0.34825008973437466       0.53363934610355157     
 -0.34471455582844190       0.53056036017184682     
 -0.34117902192250915       0.53631676148034457     
 -0.33764348801657640       0.53221250716171209     
 -0.33410795411064365       0.53104446352523271     
 -0.33057242020471095       0.53315763239075842     
 -0.32703688629877820       0.53146155685327612     
 -0.32350135239284544       0.53223884738532179     
 -0.31996581848691269       0.53117992802882985     
 -0.31643028458097999       0.53202242475143691     
 -0.31289475067504724       0.53357363164366600     
 -0.30935921676911449       0.53393822634240906     
 -0.30582368286318173       0.54568654873335221     
 -0.30228814895724898       0.89069218237371195     
 -0.29875261505131634       0.96315367348459657     
 -0.29521708114538359       0.95531488178874935     
 -0.29168154723945083       0.95032253648349563     
 -0.28814601333351814       0.94519967046377151     
 -0.28461047942758538       0.94076579790396331     
 -0.28107494552165263       0.93341120472195538     
 -0.27753941161571988       0.92477923114071692     
 -0.27400387770978718       0.91909418039671864     
 -0.27046834380385443       0.91288735900035567     
 -0.26693280989792167       0.90617441079449657     
 -0.26339727599198892       0.89911436288653579     
 -0.25986174208605617       0.89328987318745567     
 -0.25632620818012347       0.89197154608654450     
 -0.25279067427419072       0.89624682521543497     
 -0.24925514036825797       0.90242076859106235     
 -0.24571960646232521       0.90740130818503506     
 -0.24218407255639249       0.90918040410545609     
 -0.23864853865045974       0.90753503738839925     
 -0.23511300474452701       0.90437863814766140     
 -0.23157747083859426       0.90042888316015313     
 -0.22804193693266153       0.89584620738776577     
 -0.22450640302672878       0.89406209169142237     
 -0.22097086912079603       0.89677950654309824     
 -0.21743533521486330       0.90474680705100163     
 -0.21389980130893055       0.91242887489090707     
 -0.21036426740299791       0.92133490760493997     
 -0.20682873349706515       0.92836942249212218     
 -0.20329319959113240       0.93567076701489160     
 -0.19975766568519968       0.94737478466787584     
 -0.19622213177926692       0.95571166352530701     
 -0.19268659787333420       0.95848231118179239     
 -0.18915106396740144       0.95743129863140064     
 -0.18561553006146872       0.95873019052375508     
 -0.18207999615553597       0.96326486167188707     
 -0.17854446224960321       0.96703228565514732     
 -0.17500892834367049       0.96758313630385695     
 -0.17147339443773774       0.96524424431611378     
 -0.16793786053180501       0.97303502787544682     
 -0.16440232662587226       0.91120036677567295     
 -0.16086679271993953       0.68150738951925072     
 -0.15733125881400678       0.65758219562703490     
 -0.15379572490807403       0.66960913207396588     
 -0.15026019100214130       0.72682865212504755     
 -0.14672465709620855       0.68741913354396833     
 -0.14318912319027582       0.61717388332417200     
 -0.13965358928434307       0.60783966462058925     
 -0.13611805537841032       0.62016726728649219     
 -0.13258252147247759       0.62820324571990427     
 -0.12904698756654484       0.63037689954001475     
 -0.12551145366061212       0.63389303293177657     
 -0.12197591975467936       0.63605993290816643     
 -0.11844038584874671       0.63625639330710482     
 -0.11490485194281397       0.63658203820406978     
 -0.11136931803688123       0.63729464774679601     
 -0.10783378413094848       0.63760514839609228     
 -0.10429825022501574       0.63721395567602179     
 -0.10076271631908300       0.63649646785391445     
  -9.7227182413150259E-002  0.63618536963662242     
  -9.3691648507217520E-002  0.63640952616442947     
  -9.0156114601284781E-002  0.63605582723288345     
  -8.6620580695352042E-002  0.63527762299537271     
  -8.3085046789419290E-002  0.63526223948288130     
  -7.9549512883486551E-002  0.63592812550106526     
  -7.6013978977553812E-002  0.63653462952641438     
  -7.2478445071621073E-002  0.63714040316478082     
  -6.8942911165688334E-002  0.63632227612230430     
  -6.5407377259755595E-002  0.63313366439855057     
  -6.1871843353822849E-002  0.62858768100861062     
  -5.8336309447890110E-002  0.62354840603084805     
  -5.4800775541957371E-002  0.62154623850351842     
  -5.1265241636024625E-002  0.62311063325092408     
  -4.7729707730091886E-002  0.72376568497993143     
  -4.4194173824159147E-002  0.76736321882443370     
  -4.0658639918226401E-002  0.72778729498396300     
  -3.7123106012293662E-002  0.73243949666248209     
  -3.3587572106360923E-002  0.78239453650327240     
  -3.0052038200428260E-002  0.90320685455870431     
  -2.6516504294495518E-002   1.0045167486421587     
  -2.2980970388562776E-002  0.99197642531899277     
  -1.9445436482630037E-002  0.99944547060997402     
  -1.5909902576697294E-002   1.0150425711305042     
  -1.2374368670764553E-002   1.0207512770696172     
  -8.8388347648318127E-003   1.0254115842909686     
  -5.3033008588990720E-003   1.0274472346164281     
  -1.7677669529663313E-003   1.0277989976545414     
   1.7677669529664883E-003   1.0277989976545452     
   5.3033008588991510E-003   1.0274472346164389     
   8.8388347648319706E-003   1.0254115842909881     
   1.2374368670764633E-002   1.0207512770696408     
   1.5909902576697294E-002   1.0150425711305302     
   1.9445436482630116E-002  0.99944547060999323     
   2.2980970388562776E-002  0.99197642531903618     
   2.6516504294495598E-002   1.0045167486422164     
   3.0052038200428260E-002  0.90320685455875460     
   3.3587572106361076E-002  0.78239453650331792     
   3.7123106012293738E-002  0.73243949666254227     
   4.0658639918226561E-002  0.72778729498405714     
   4.4194173824159223E-002  0.76736321882448266     
   4.7729707730092046E-002  0.72376568497981131     
   5.1265241636024708E-002  0.62311063325090643     
   5.4800775541957523E-002  0.62154623850352242     
   5.8336309447890186E-002  0.62354840603087447     
   6.1871843353823008E-002  0.62858768100863438     
   6.5407377259755664E-002  0.63313366439857033     
   6.8942911165688486E-002  0.63632227612232151     
   7.2478445071621156E-002  0.63714040316479492     
   7.6013978977553964E-002  0.63653462952642759     
   7.9549512883486634E-002  0.63592812550107813     
   8.3085046789419456E-002  0.63526223948289307     
   8.6620580695352112E-002  0.63527762299538315     
   9.0156114601284934E-002  0.63605582723289322     
   9.3691648507217604E-002  0.63640952616443847     
   9.7227182413150412E-002  0.63618536963663086     
  0.10076271631908308       0.63649646785392355     
  0.10429825022501590       0.63721395567602834     
  0.10783378413094856       0.63760514839609550     
  0.11136931803688123       0.63729464774679467     
  0.11490485194281404       0.63658203820406500     
  0.11844038584874671       0.63625639330709793     
  0.12197591975467953       0.63605993290815643     
  0.12551145366061220       0.63389303293175958     
  0.12904698756654501       0.63037689953999787     
  0.13258252147247768       0.62820324571989117     
  0.13611805537841049       0.62016726728648197     
  0.13965358928434315       0.60783966462056271     
  0.14318912319027596       0.61717388332415613     
  0.14672465709620863       0.68741913354402961     
  0.15026019100214144       0.72682865212497916     
  0.15379572490807411       0.66960913207375727     
  0.15733125881400695       0.65758219562710762     
  0.16086679271993959       0.68150738951963219     
  0.16440232662587242       0.91120036677594496     
  0.16793786053180507       0.97303502787523544     
  0.17147339443773790       0.96524424431601763     
  0.17500892834367057       0.96758313630374393     
  0.17854446224960338       0.96703228565506127     
  0.18207999615553605       0.96326486167182734     
  0.18561553006146886       0.95873019052371389     
  0.18915106396740153       0.95743129863136534     
  0.19268659787333434       0.95848231118175431     
  0.19622213177926701       0.95571166352526871     
  0.19975766568519968       0.94737478466785841     
  0.20329319959113248       0.93567076701488827     
  0.20682873349706515       0.92836942249211185     
  0.21036426740299796       0.92133490760493508     
  0.21389980130893063       0.91242887489090585     
  0.21743533521486347       0.90474680705099764     
  0.22097086912079611       0.89677950654309568     
  0.22450640302672895       0.89406209169141970     
  0.22804193693266159       0.89584620738776222     
  0.23157747083859442       0.90042888316015546     
  0.23511300474452709       0.90437863814766528     
  0.23864853865045990       0.90753503738840302     
  0.24218407255639257       0.90918040410546097     
  0.24571960646232538       0.90740130818504205     
  0.24925514036825805       0.90242076859106790     
  0.25279067427419089       0.89624682521544319     
  0.25632620818012353       0.89197154608655582     
  0.25986174208605634       0.89328987318746533     
  0.26339727599198903       0.89911436288653768     
  0.26693280989792184       0.90617441079449734     
  0.27046834380385448       0.91288735900035989     
  0.27400387770978729       0.91909418039672164     
  0.27753941161571999       0.92477923114071536     
  0.28107494552165280       0.93341120472195560     
  0.28461047942758544       0.94076579790396786     
  0.28814601333351814       0.94519967046377418     
  0.29168154723945094       0.95032253648349774     
  0.29521708114538359       0.95531488178876289     
  0.29875261505131639       0.96315367348459968     
  0.30228814895724909       0.89069218237372816     
  0.30582368286318190       0.54568654873335920     
  0.30935921676911454       0.53393822634240828     
  0.31289475067504741       0.53357363164367100     
  0.31643028458098005       0.53202242475143269     
  0.31996581848691286       0.53117992802882752     
  0.32350135239284555       0.53223884738532112     
  0.32703688629877836       0.53146155685328156     
  0.33057242020471100       0.53315763239076519     
  0.33410795411064381       0.53104446352523094     
  0.33764348801657651       0.53221250716171176     
  0.34117902192250932       0.53631676148033947     
  0.34471455582844196       0.53056036017184605     
  0.34825008973437477       0.53363934610354802     
  0.35178562364030747       0.52748146356158743     
  0.35532115754624027       0.53121946254310859     
  0.35885669145217292       0.53205937306257722     
  0.36239222535810578       0.53258536964680447     
  0.36592775926403842       0.53430812495469104     
  0.36946329316997123       0.53024503016454494     
  0.37299882707590393       0.53077772304993465     
  0.37653436098183674       0.53083530987831529     
  0.38006989488776938       0.53392218638736855     
  0.38360542879370202       0.52931351541227167     
  0.38714096269963488       0.53536731091292467     
  0.39067649660556752       0.53069895372399301     
  0.39421203051150033       0.53275045494011575     
  0.39774756441743303       0.53235724722330868     
  0.40128309832336584       0.52852084366576835     
  0.40481863222929848       0.53363948571885200     
  0.40835416613523129       0.52898180207541934     
  0.41188970004116399       0.54087927187547513     
  0.41542523394709679       0.52342514940758778     
  0.41896076785302944       0.53592728643817378     
  0.42249630175896230       0.48485474611969948     
  0.42603183566489494       0.52979216162771947     
  0.42956736957082775       0.53209702558242811     
  0.43310290347676039       0.53203351043861891     
  0.43663843738269326       0.53208256222342987     
  0.44017397128862590       0.53219915147966834     
  0.44370950519455871       0.53224873436328168     
  0.44724503910049140       0.53225403737246690     
  0.45078057300642421       0.53228782955827214     
  0.45431610691235685       0.53236550026033347     
  0.45785164081828966       0.53240916910258340     
  0.46138717472422236       0.53242961990243942     
  0.46492270863015517       0.53246231684970535     
  0.46845824253608781       0.53249366694276334     
  0.47199377644202051       0.53252073766796870     
  0.47552931034795332       0.53254296149767821     
  0.47906484425388596       0.53255831862449499     
  0.48260037815981882       0.53257059541092655     
  0.48613591206575146       0.53258848107746992     
  0.48967144597168427       0.53259634079845242     
  0.49320697987761691       0.53259139734167227     
  0.49674251378354978       0.53257907444693631     
  0.50027804768948247       0.53256572662969659     
  0.50381358159541523       0.53254430579640943     
  0.50734911550134787       0.53251917140036731     
  0.51088464940728073       0.53249003714686716     
  0.51442018331321337       0.53245813245562124     
  0.51795571721914624       0.53242408645975492     
  0.52149125112507888       0.53238942265018996     
  0.52502678503101163       0.53235475379784525     
  0.52856231893694439       0.53232181206103069     
  0.53209785284287714       0.53229177104017311     
  0.53563338674880978       0.53226600950340919     
  0.53916892065474264       0.53224581791819614     
  0.54270445456067529       0.53223311892845226     
  0.54623998846660815       0.53222984621430469     
  0.54977552237254079       0.53223561682082687     
  0.55331105627847366       0.53224927656303223     
  0.55684659018440630       0.53226848843450436     
  0.56038212409033894       0.53229140089163685     
  0.56391765799627180       0.53231605434123019     
  0.56745319190220445       0.53234074931212172     
  0.57098872580813720       0.53236388391276412     
  0.57452425971406995       0.53238310483843243     
  0.57805979362000270       0.53239593757301718     
  0.58159532752593535       0.53240104949114753     
  0.58513086143186821       0.53239786322437510     
  0.58866639533780085       0.53238623157650489     
  0.59220192924373372       0.53236821313264282     
  0.59573746314966636       0.53234521273095614     
  0.59927299705559922       0.53232045350882917     
  0.60280853096153186       0.53229658060955587     
  0.60634406486746462       0.53227623117476175     
  0.60987959877339726       0.53226170528233618     
  0.61341513267933012       0.53225475472236350     
  0.61695066658526276       0.53225639952021853     
  0.62048620049119563       0.53226639102359674     
  0.62402173439712827       0.53228376534422139     
  0.62755726830306113       0.53230664942991135     
  0.63109280220899378       0.53233332543568612     
  0.63462833611492653       0.53236204641958806     
  0.63816387002085928       0.53239105302129608     
  0.64169940392679203       0.53241872926204559     
  0.64523493783272468       0.53244291989345549     
  0.64877047173865743       0.53246167852729953     
  0.65230600564459018       0.53247343197375452     
  0.65584153955052282       0.53247696676917289     
  0.65937707345645569       0.53247268415783566     
  0.66291260736238833       0.53246106115723357     
  0.66644814126832119       0.53244383186826594     
  0.66998367517425383       0.53242229242631745     
  0.67351920908018670       0.53239869051297217     
  0.67705474298611934       0.53237419908446482     
  0.68059027689205209       0.53235083170224773     
  0.68412581079798485       0.53232894822350629     
  0.68766134470391760       0.53231078475293314     
  0.69119687860985024       0.53229489575064037     
  0.69473241251578310       0.53228410536090864     
  0.69826794642171575       0.53227283734427644     
  0.70180348032764861       0.53226772967082359     
  0.70533901423358125       0.53225419399590002     
