   1.2500000000000000E-003  0.53383486162547433     
   3.7499999999999999E-003  0.53383224290603892     
   6.2499999999999995E-003  0.53383210660617564     
   8.7500000000000008E-003  0.53384854405035231     
   1.1250000000000001E-002  0.53385726149625756     
   1.3750000000000000E-002  0.53384854207938415     
   1.6250000000000001E-002  0.53383321098146108     
   1.8749999999999999E-002  0.53382014174704950     
   2.1249999999999998E-002  0.53381655768723657     
   2.3750000000000000E-002  0.53385103246005328     
   2.6249999999999999E-002  0.53391018639493093     
   2.8749999999999998E-002  0.53395672987396603     
   3.1250000000000000E-002  0.53398245770679731     
   3.3750000000000002E-002  0.53398002134286182     
   3.6249999999999998E-002  0.53393938898950222     
   3.8750000000000000E-002  0.53385881896378240     
   4.1250000000000002E-002  0.53378185813313839     
   4.3749999999999997E-002  0.53375742898304601     
   4.6249999999999999E-002  0.53375678732063925     
   4.8750000000000002E-002  0.53379875399266696     
   5.1249999999999997E-002  0.53387392317516624     
   5.3749999999999999E-002  0.53392059524091717     
   5.6250000000000001E-002  0.53389235813620139     
   5.8749999999999997E-002  0.53384071951123280     
   6.1249999999999999E-002  0.53382303045132684     
   6.3750000000000001E-002  0.53387727311135313     
   6.6250000000000003E-002  0.53398893015118931     
   6.8750000000000006E-002  0.53406472584466269     
   7.1249999999999994E-002  0.53406641835641366     
   7.3749999999999996E-002  0.53402441392500355     
   7.6249999999999998E-002  0.53397281386488293     
   7.8750000000000001E-002  0.53392750249622656     
   8.1250000000000003E-002  0.53390102227710456     
   8.3750000000000005E-002  0.53390514343693662     
   8.6250000000000007E-002  0.53394207713636876     
   8.8749999999999996E-002  0.53395945690356794     
   9.1249999999999998E-002  0.53395782361007238     
   9.3750000000000000E-002  0.53393485138472496     
   9.6250000000000002E-002  0.53385117694645401     
   9.8750000000000004E-002  0.53386170749634398     
  0.10125000000000001       0.53503279359804445     
  0.10375000000000000       0.53988402672999691     
  0.10625000000000000       0.62340720319249798     
  0.10875000000000000       0.97866715860019204     
  0.11125000000000000        1.0578431118692220     
  0.11375000000000000        1.0586336447124669     
  0.11625000000000001        1.0491455172159598     
  0.11874999999999999        1.0472573990902572     
  0.12125000000000000        1.0454236162042161     
  0.12375000000000000        1.0439160685309199     
  0.12625000000000000        1.0418079888448946     
  0.12875000000000000        1.0390421397889038     
  0.13125000000000001        1.0363264913533898     
  0.13375000000000001        1.0326229477763209     
  0.13625000000000001        1.0235637756974125     
  0.13875000000000001        1.0046927231030303     
  0.14125000000000001       0.97636050285933607     
  0.14374999999999999       0.94191074744749370     
  0.14624999999999999       0.89838348684912739     
  0.14874999999999999       0.83744274898476512     
  0.15125000000000000       0.76639269988856062     
  0.15375000000000000       0.70587091043366856     
  0.15625000000000000       0.65284988139873645     
  0.15875000000000000       0.63484623633861048     
  0.16125000000000000       0.62887698105989775     
  0.16375000000000001       0.62621344444190230     
  0.16625000000000001       0.62856800746777908     
  0.16875000000000001       0.63166698001172716     
  0.17125000000000001       0.63422561392565324     
  0.17375000000000002       0.63622354390298730     
  0.17624999999999999       0.63483172317315506     
  0.17874999999999999       0.63269064604642711     
  0.18124999999999999       0.63029726609168168     
  0.18375000000000000       0.62781749890134442     
  0.18625000000000000       0.62505132564800192     
  0.18875000000000000       0.62212072915953143     
  0.19125000000000000       0.61961623295222190     
  0.19375000000000001       0.61720108015865882     
  0.19625000000000001       0.61532296558181343     
  0.19875000000000001       0.61350907406294675     
  0.20125000000000001       0.61163955087672339     
  0.20375000000000001       0.60932821760367073     
  0.20625000000000002       0.60676103879633436     
  0.20874999999999999       0.60394643507668100     
  0.21124999999999999       0.60110138960429982     
  0.21375000000000000       0.59843366140111509     
  0.21625000000000000       0.59612406786896077     
  0.21875000000000000       0.59417606924769162     
  0.22125000000000000       0.59248054895088997     
  0.22375000000000000       0.59087195552705563     
  0.22625000000000001       0.58914323015701986     
  0.22875000000000001       0.58729975415998636     
  0.23125000000000001       0.58533945935328746     
  0.23375000000000001       0.58338134507748018     
  0.23625000000000002       0.58144291867196474     
  0.23874999999999999       0.57963840535377176     
  0.24124999999999999       0.57797815688799914     
  0.24374999999999999       0.57650651018770571     
  0.24625000000000000       0.57517317394960477     
  0.24875000000000000       0.57394043549934415     
  0.25125000000000003       0.57275258513778260     
  0.25375000000000003       0.57160541955861355     
  0.25625000000000003       0.57053592271323095     
  0.25875000000000004       0.56957563026635261     
  0.26125000000000004       0.56874733827288948     
  0.26375000000000004       0.56801092955443766     
  0.26625000000000004       0.56730245552171299     
  0.26875000000000004       0.56652857311274041     
  0.27125000000000005       0.56562265928025846     
  0.27375000000000005       0.56456870214455734     
  0.27625000000000005       0.56341376854246816     
  0.27875000000000005       0.56227615699590616     
  0.28125000000000006       0.56127621280024531     
  0.28375000000000006       0.56053989957180028     
  0.28625000000000006       0.56004170526636377     
  0.28875000000000001       0.55979296915965238     
  0.29125000000000001       0.55986595828988039     
  0.29375000000000001       0.56026360429868061     
  0.29625000000000001       0.56106146604927321     
  0.29875000000000002       0.56234657217997819     
  0.30125000000000002       0.56419476287280912     
  0.30375000000000002       0.56658346536256332     
  0.30625000000000002       0.56934257357067808     
  0.30875000000000002       0.57218364567433100     
  0.31125000000000003       0.57483558050244099     
  0.31375000000000003       0.57716616349031069     
  0.31625000000000003       0.57920048239817046     
  0.31875000000000003       0.58102060764246000     
  0.32125000000000004       0.58264245145223659     
  0.32375000000000004       0.58398310609599047     
  0.32625000000000004       0.58496687077157850     
  0.32875000000000004       0.58563929956976246     
  0.33125000000000004       0.58618286121639418     
  0.33375000000000005       0.58677245887905816     
  0.33625000000000005       0.58743546464828245     
  0.33875000000000005       0.58807299222092246     
  0.34125000000000005       0.58864982473195659     
  0.34375000000000006       0.58936211379343106     
  0.34625000000000006       0.59055353750514206     
  0.34875000000000006       0.59242991605703543     
  0.35125000000000001       0.59479559948226646     
  0.35375000000000001       0.59705462394576758     
  0.35625000000000001       0.59849695390206137     
  0.35875000000000001       0.59881766006793136     
  0.36125000000000002       0.59862239813269569     
  0.36375000000000002       0.59928387163325514     
  0.36625000000000002       0.60178434417683702     
  0.36875000000000002       0.60560453222189259     
  0.37125000000000002       0.60898972949068830     
  0.37375000000000003       0.61037629524946679     
  0.37625000000000003       0.60968111183958984     
  0.37875000000000003       0.60824057979538204     
  0.38125000000000003       0.60748108173996940     
  0.38375000000000004       0.60789613321985747     
  0.38625000000000004       0.60933270332157852     
  0.38875000000000004       0.61183117757451821     
  0.39125000000000004       0.61571501743737755     
  0.39375000000000004       0.62068658138928756     
  0.39625000000000005       0.62533260553665770     
  0.39875000000000005       0.62831551763742077     
  0.40125000000000005       0.62992365534744732     
  0.40375000000000005       0.63147246576525262     
  0.40625000000000006       0.63373076189131017     
  0.40875000000000006       0.63666969540989893     
  0.41125000000000006       0.64000583173961867     
  0.41375000000000006       0.64336150739926068     
  0.41625000000000001       0.64615293935930140     
  0.41875000000000001       0.64850659839939406     
  0.42125000000000001       0.65077990037699840     
  0.42375000000000002       0.65297007333235269     
  0.42625000000000002       0.65519780725440202     
  0.42875000000000002       0.65765539615528890     
  0.43125000000000002       0.66067059633295866     
  0.43375000000000002       0.66332500977538833     
  0.43625000000000003       0.66596307964772894     
  0.43875000000000003       0.66801414868262499     
  0.44125000000000003       0.67083186449466758     
  0.44375000000000003       0.68992859479355950     
  0.44625000000000004       0.74740960887429031     
  0.44875000000000004       0.85214026379139951     
  0.45125000000000004       0.96525496494287510     
  0.45375000000000004        1.0323894641931992     
  0.45625000000000004        1.0447977062809310     
  0.45875000000000005        1.0348085517410155     
  0.46125000000000005        1.0294967092832095     
  0.46375000000000005        1.0286664436155553     
  0.46625000000000005        1.0215507376194239     
  0.46875000000000006        1.0086365781026536     
  0.47125000000000006       0.99561367815995827     
  0.47375000000000006       0.98488424833250909     
  0.47625000000000006       0.97558208593053586     
  0.47875000000000001       0.97215021445276673     
  0.48125000000000001       0.97240907996558379     
  0.48375000000000001       0.97560953983338061     
  0.48625000000000002       0.98465584651084681     
  0.48875000000000002       0.99614928086441057     
  0.49125000000000002        1.0069964113752987     
  0.49375000000000002        1.0160349705066913     
  0.49625000000000002        1.0239073793210272     
  0.49875000000000003        1.0298702097285390     
  0.50125000000000008        1.0246595521679835     
  0.50375000000000003       0.99412852044254207     
  0.50625000000000009       0.94284743811698624     
  0.50875000000000004       0.90588695805291319     
  0.51124999999999998       0.90158678370965628     
  0.51375000000000004       0.90024459522015787     
  0.51624999999999999       0.90342629435201360     
  0.51875000000000004       0.90641313447731164     
  0.52124999999999999       0.91070012811632250     
  0.52375000000000005       0.91481898109851034     
  0.52625000000000000       0.91922430562460444     
  0.52875000000000005       0.92376408106000829     
  0.53125000000000000       0.92570672691324041     
  0.53375000000000006       0.92194626913054745     
  0.53625000000000000       0.91092887319305249     
  0.53875000000000006       0.89153568015826778     
  0.54125000000000001       0.86268072343100055     
  0.54375000000000007       0.82397758248857733     
  0.54625000000000001       0.77711107651548517     
  0.54875000000000007       0.72816112464374627     
  0.55125000000000002       0.68866802631217050     
  0.55375000000000008       0.66076621346649911     
  0.55625000000000002       0.66219909685754275     
  0.55875000000000008       0.65566036859161947     
  0.56125000000000003       0.65479073558216117     
  0.56375000000000008       0.65383254751242526     
  0.56625000000000003       0.65098429527440804     
  0.56875000000000009       0.64895452916655827     
  0.57125000000000004       0.64573061858053105     
  0.57375000000000009       0.64569014515516598     
  0.57625000000000004       0.64645166532161269     
  0.57874999999999999       0.64783480097963420     
  0.58125000000000004       0.64747597708874227     
  0.58374999999999999       0.64712088922450883     
  0.58625000000000005       0.64909569573923065     
  0.58875000000000000       0.65045284914682655     
  0.59125000000000005       0.65153658277261539     
  0.59375000000000000       0.65272344757106637     
  0.59625000000000006       0.65532714190078878     
  0.59875000000000000       0.65967578405336602     
  0.60125000000000006       0.66552087987630770     
  0.60375000000000001       0.67339289490928378     
  0.60625000000000007       0.68952036291474683     
  0.60875000000000001       0.72692345274239778     
  0.61125000000000007       0.78168171303480405     
  0.61375000000000002       0.82889868272280720     
  0.61625000000000008       0.87181633125485125     
  0.61875000000000002       0.94889712493025802     
  0.62125000000000008        1.0632397190335792     
  0.62375000000000003        1.1603841824155656     
  0.62625000000000008        1.1981696580998862     
  0.62875000000000003        1.1954922101742738     
  0.63125000000000009        1.1923547258098648     
  0.63375000000000004        1.2022096690461797     
  0.63625000000000009        1.2181789343390723     
  0.63875000000000004        1.2353404692677830     
  0.64124999999999999        1.2541592585427817     
  0.64375000000000004        1.2735871830856649     
  0.64624999999999999        1.2915510498982681     
  0.64875000000000005        1.3079613728355088     
  0.65125000000000000        1.3231071202110729     
  0.65375000000000005        1.3367893960815667     
  0.65625000000000000        1.3490246113085140     
  0.65875000000000006        1.3602325702035767     
  0.66125000000000000        1.3710425866071394     
  0.66375000000000006        1.3818761732411240     
  0.66625000000000001        1.3926322119606991     
  0.66875000000000007        1.4028758965436459     
  0.67125000000000001        1.4122847824351856     
  0.67375000000000007        1.4208914716322438     
  0.67625000000000002        1.4289579647007642     
  0.67875000000000008        1.4367557866207750     
  0.68125000000000002        1.4445059505946383     
  0.68375000000000008        1.4524116452327933     
  0.68625000000000003        1.4606031040984866     
  0.68875000000000008        1.4690013017247217     
  0.69125000000000003        1.4772679225723211     
  0.69375000000000009        1.4849537552123988     
  0.69625000000000004        1.4917785784009430     
  0.69875000000000009        1.4978240095273954     
  0.70125000000000004        1.5034098052327005     
  0.70374999999999999        1.5087186661941208     
  0.70625000000000004        1.5136544268558161     
  0.70874999999999999        1.5182904921583291     
  0.71125000000000005        1.5234317269998252     
  0.71375000000000000        1.5301626364287118     
  0.71625000000000005        1.5378822446957612     
  0.71875000000000000        1.5422830712270237     
  0.72125000000000006        1.5363374807048040     
  0.72375000000000000        1.5158671837436239     
  0.72625000000000006        1.4856809246956255     
  0.72875000000000001        1.4578480966741421     
  0.73125000000000007        1.4414931066165373     
  0.73375000000000001        1.4367171596287767     
  0.73625000000000007        1.4391402745715025     
  0.73875000000000002        1.4437539667438528     
  0.74125000000000008        1.4475845541883010     
  0.74375000000000002        1.4494431372227887     
  0.74625000000000008        1.4489783063515032     
  0.74875000000000003        1.4464954027503398     
  0.75125000000000008        1.4431805178906112     
  0.75375000000000003        1.4409616844010760     
  0.75625000000000009        1.4414439436314304     
  0.75875000000000004        1.4447705292078266     
  0.76125000000000009        1.4491896237960411     
  0.76375000000000004        1.4515179139307306     
  0.76625000000000010        1.4493787563986142     
  0.76875000000000004        1.4434986676686019     
  0.77124999999999999        1.4377703425593462     
  0.77375000000000005        1.4371525987461986     
  0.77625000000000000        1.4432614071541283     
  0.77875000000000005        1.4535089101034933     
  0.78125000000000000        1.4623973947862716     
  0.78375000000000006        1.4652942210338806     
  0.78625000000000000        1.4633767451516044     
  0.78875000000000006        1.4608640855206085     
  0.79125000000000001        1.4600723836952254     
  0.79375000000000007        1.4603625886100238     
  0.79625000000000001        1.4606583297819746     
  0.79875000000000007        1.4605482571625428     
  0.80125000000000002        1.4603347503185229     
  0.80375000000000008        1.4603691673085915     
  0.80625000000000002        1.4605185328867993     
  0.80875000000000008        1.4608394889608389     
  0.81125000000000003        1.4613959254446307     
  0.81375000000000008        1.4620942522867793     
  0.81625000000000003        1.4627685288012029     
  0.81875000000000009        1.4633493837322860     
  0.82125000000000004        1.4638760314165118     
  0.82375000000000009        1.4644377341395991     
  0.82625000000000004        1.4651025629794092     
  0.82875000000000010        1.4658607190129647     
  0.83125000000000004        1.4666675986204167     
  0.83374999999999999        1.4675411755012848     
  0.83625000000000005        1.4685145404137467     
  0.83875000000000000        1.4695605273009469     
  0.84125000000000005        1.4705819327872891     
  0.84375000000000000        1.4715075108557858     
  0.84625000000000006        1.4723711225447884     
  0.84875000000000000        1.4730414628680659     
  0.85125000000000006        1.4736092583210116     
  0.85375000000000001        1.4739122159913851     
  0.85625000000000007        1.4739240611616751     
  0.85875000000000001        1.4736826108088965     
  0.86125000000000007        1.4733786851591333     
  0.86375000000000002        1.4731499880512624     
  0.86625000000000008        1.4731634670216007     
  0.86875000000000002        1.4733737520961814     
  0.87125000000000008        1.4736415379185210     
  0.87375000000000003        1.4738611340182466     
  0.87625000000000008        1.4740477972466315     
  0.87875000000000003        1.4742472806922711     
  0.88125000000000009        1.4744782537678847     
  0.88375000000000004        1.4747505360172219     
  0.88625000000000009        1.4750652075748603     
  0.88875000000000004        1.4754323912961649     
  0.89125000000000010        1.4758507033449564     
  0.89375000000000004        1.4763083230662140     
  0.89624999999999999        1.4767990596122060     
  0.89875000000000005        1.4773646151124755     
  0.90125000000000000        1.4779977764360694     
  0.90375000000000005        1.4785986997635880     
  0.90625000000000000        1.4790562528174576     
  0.90875000000000006        1.4794076286753985     
  0.91125000000000000        1.4798259660272484     
  0.91375000000000006        1.4803448121698646     
  0.91625000000000001        1.4808328052384119     
  0.91875000000000007        1.4811473261021741     
  0.92125000000000001        1.4813465571142135     
  0.92375000000000007        1.4814689083235852     
  0.92625000000000002        1.4816513196052368     
  0.92875000000000008        1.4816711785079950     
  0.93125000000000002        1.4815088655942836     
  0.93375000000000008        1.4813166140847884     
  0.93625000000000003        1.4811603919442415     
  0.93875000000000008        1.4809038432086263     
  0.94125000000000003        1.4809326501963909     
  0.94375000000000009        1.4813175482026593     
  0.94625000000000004        1.4817689154398930     
  0.94875000000000009        1.4821355700720176     
  0.95125000000000004        1.4821192639832461     
  0.95375000000000010        1.4820677844104826     
  0.95625000000000004        1.4821506539862643     
  0.95874999999999999        1.4823614992304641     
  0.96125000000000005        1.4825876073608679     
  0.96375000000000000        1.4828645417617441     
  0.96625000000000005        1.4832851523689823     
  0.96875000000000000        1.4839180658099957     
  0.97125000000000006        1.4845924338301526     
  0.97375000000000000        1.4851047022481598     
  0.97625000000000006        1.4854893297446530     
  0.97875000000000001        1.4860203661893701     
  0.98125000000000007        1.4868920856050527     
  0.98375000000000001        1.4879495424611016     
  0.98625000000000007        1.4889318761385579     
  0.98875000000000002        1.4895896266646265     
  0.99125000000000008        1.4899363985189102     
  0.99375000000000002        1.4902687533821868     
  0.99625000000000008        1.4905427916664133     
  0.99875000000000003        1.4910753482355532     
