   1.2500000000000000E-003  0.53361655240205674       0.64383719814432749        1.8852479520328248E-004   1.1388420756430406        1.4063091898302562     
   3.7499999999999999E-003  0.53361622784267371       0.64383702567742396        1.8830524233159342E-004   1.1388414642579558        1.4063088468337930     
   6.2499999999999995E-003  0.53361459427580493       0.64383630487088650        1.8754692948909913E-004   1.1388385596316821        1.4063071107105880     
   8.7500000000000008E-003  0.53361506842338136       0.64383692247731328        1.8856728318131748E-004   1.1388398923685505        1.4063076083166202     
   1.1250000000000001E-002  0.53362079129064677       0.64383994522434640        1.9215518149661001E-004   1.1388506707871762        1.4063136941238930     
   1.3750000000000000E-002  0.53362562886889231       0.64384031520673990        1.9122026751156452E-004   1.1388571382483617        1.4063188276774758     
   1.6250000000000001E-002  0.53361598532953880       0.64382913143025933        1.7535401913438959E-004   1.1388315815458503        1.4063084926690639     
   1.8749999999999999E-002  0.53357158337671018       0.64379775628183022        1.3947537406923472E-004   1.1387382993987154        1.4062610901489889     
   2.1249999999999998E-002  0.53346830532669220       0.64373937711224793        8.4838804640754650E-005   1.1385390523184702        1.4061509754518580     
   2.3750000000000000E-002  0.53331184364669515       0.64365944123327257        2.0571368496454867E-005   1.1382477202243431        1.4059844987283738     
   2.6249999999999999E-002  0.53317140512956340       0.64358793230583899       -3.2666213914219090E-005   1.1379867442905645        1.4058353723256627     
   2.8749999999999998E-002  0.53312854314779212       0.64355891485589845       -5.9187008925267685E-005   1.1378981104802710        1.4057892681027979     
   3.1250000000000000E-002  0.53318019215729029       0.64356916181830537       -7.2938205345393886E-005   1.1379737928556903        1.4058424057365895     
   3.3750000000000002E-002  0.53325008122317730       0.64358223339937271       -1.0104964649759553E-004   1.1380751926534955        1.4059141763922198     
   3.6249999999999998E-002  0.53328349040838541       0.64357153195130568       -1.4527426771861117E-004   1.1381025599304788        1.4059472395752055     
   3.8750000000000000E-002  0.53327187306530166       0.64353598934763667       -1.8495464586863378E-004   1.1380443706680570        1.4059332970652827     
   4.1250000000000002E-002  0.53322148613566589       0.64348858996955294       -2.0610764407529513E-004   1.1379244424504631        1.4058796900526287     
   4.3749999999999997E-002  0.53315958090637439       0.64345451547606247       -2.0527847399691982E-004   1.1378071692791858        1.4058155439525692     
   4.6249999999999999E-002  0.53315156993731416       0.64346978235911556       -1.7637653085135285E-004   1.1378169870497166        1.4058095985402459     
   4.8750000000000002E-002  0.53324866543185701       0.64355347737469182       -1.1531489180575472E-004   1.1380399598436832        1.4059149804237050     
   5.1249999999999997E-002  0.53340483678779504       0.64367509194812089       -3.5257329989847789E-005   1.1383817661955824        1.4060822273664348     
   5.3749999999999999E-002  0.53350407937955557       0.64377103646859091        4.1210119118820426E-005   1.1386216857682308        1.4061887956467893     
   5.6250000000000001E-002  0.53349219014170779       0.64380194351307629        1.0320747029306782E-004   1.1386446716171443        1.4061770674903451     
   5.8749999999999997E-002  0.53343035440219377       0.64377674111794991        1.4717702830697598E-004   1.1385371120275229        1.4061110191874882     
   6.1249999999999999E-002  0.53339609358589701       0.64371842738310636        1.5625834706365250E-004   1.1384228337789057        1.4060722474841840     
   6.3750000000000001E-002  0.53337439532940889       0.64362653783141199        1.0536410995626077E-004   1.1382823243669109        1.4060443164824976     
   6.6250000000000003E-002  0.53329061544243672       0.64348687886494238       -6.2423135478053518E-006   1.1380067628691908        1.4059501379307826     
   6.8750000000000006E-002  0.53312412743962168       0.64330702879135804       -1.4275057294309968E-004   1.1375816102857570        1.4057714076139172     
   7.1249999999999994E-002  0.53294008742002363       0.64312594673878520       -2.5994880555436770E-004   1.1371347816030286        1.4055769463641208     
   7.3749999999999996E-002  0.53281999866269691       0.64299203793024007       -3.3340242201911096E-004   1.1368235801229412        1.4054487728080531     
   7.6249999999999998E-002  0.53279717438050844       0.64294058181988079       -3.5616459216555906E-004   1.1367300120282331        1.4054186887360249     
   7.8750000000000001E-002  0.53285784015653781       0.64298236572218537       -3.2982133736168779E-004   1.1368519777610426        1.4054758702890591     
   8.1250000000000003E-002  0.53298051989508866       0.64310432954900709       -2.6756343410289015E-004   1.1371540528080870        1.4056106403753512     
   8.3750000000000005E-002  0.53313323826974446       0.64326479387339131       -2.0647346313973759E-004   1.1375543636820566        1.4058042678231131     
   8.6250000000000007E-002  0.53324991900607821       0.64340585827273111       -1.9453745709470841E-004   1.1379016982370240        1.4059881164406445     
   8.8749999999999996E-002  0.53327063653257056       0.64348749738185096       -2.5643306043689521E-004   1.1380582131743537        1.4060705023762039     
   9.1249999999999998E-002  0.53324029558468911       0.64353319155195265       -3.4184034344019300E-004   1.1380786876549280        1.4060439740670720     
   9.3750000000000000E-002  0.53318907831357676       0.64359399402835593       -4.2198664897215635E-004   1.1380217064934253        1.4058644594252252     
   9.6250000000000002E-002  0.53274804510668017       0.64323437693091523       -8.2878761825336007E-004   1.1369341635914541        1.4051976742563193     
   9.8750000000000004E-002  0.53378977962009500       0.64435655818445181        9.1228906231998990E-005   1.1393176803984604        1.4058059632338782     
  0.10125000000000001       0.53973373659091983       0.64982641566457744        5.3023274819730152E-003   1.1538228873455414        1.4129358908454079     
  0.10375000000000000       0.63834067818079332       0.70470547655335913        6.4911826226959804E-002   1.3504879202504725        1.5010834080196762     
  0.10625000000000000       0.99779535131312680       0.71122617478680794       0.42028485316010417        2.2335653181922392        1.8957497869082696     
  0.10875000000000000        1.0697138715282963       0.69561901613446064       0.46999621735123703        2.4013237960257703        1.9368713960827317     
  0.11125000000000000        1.0563406668150888       0.70228461802348463       0.45669173505554000        2.3674311742459375        1.9267083519023107     
  0.11375000000000000        1.0441237102114149       0.70609124157348502       0.44460762242607887        2.3371297255240551        1.9190451903247485     
  0.11625000000000001        1.0431493971650452       0.70841203089138938       0.44711524502151839        2.3359196656098042        1.9168431965494177     
  0.11874999999999999        1.0419940593310986       0.71172079185826376       0.44765000082217099        2.3323605663456206        1.9128107315742642     
  0.12125000000000000        1.0372870010628898       0.71630437916945955       0.44530197337709765        2.3201307505343371        1.9061492279164070     
  0.12375000000000000        1.0337723733459458       0.72052837161031480       0.44214903486666191        2.3096625596758411        1.8998454048967339     
  0.12625000000000000        1.0309831697514091       0.72436340730310012       0.43795154946783782        2.2984981280112149        1.8923804405872666     
  0.12875000000000000        1.0291858909384382       0.72550069138278284       0.43190059219294707        2.2866339632858010        1.8852740148132396     
  0.13125000000000001        1.0265430293972095       0.71974046436394512       0.42223899987992758        2.2718739886321151        1.8827463148072823     
  0.13375000000000001        1.0201366154114231       0.70202120919113931       0.40668749319687197        2.2513526606840575        1.8906632845133662     
  0.13625000000000001        1.0070427916155213       0.66695165178758509       0.38289183591161863        2.2214408372601921        1.9143115046199675     
  0.13875000000000001       0.98604159987222018       0.61021856547559894       0.34943609138505211        2.1797414131740505        1.9563123908926856     
  0.14125000000000001       0.95747077743253051       0.53023907679529025       0.30545910644724628        2.1260037253909241        2.0162055998583193     
  0.14374999999999999       0.91720254130063250       0.42760818156474056       0.25202724785157776        2.0656784092777576        2.1057237769696817     
  0.14624999999999999       0.85777895606127763       0.30575635016276359       0.18912945991190516        2.0050384120420039        2.2496407203538684     
  0.14874999999999999       0.77967427670505307       0.17344673887330020       0.11976242082038832        1.9564559915244899        2.4727830943153690     
  0.15125000000000000       0.70475423734098863        4.7821791112923485E-002   5.1504604048688958E-002   1.9241167522820399        2.7252226839264226     
  0.15375000000000000       0.64959447444118645       -5.6934816166741821E-002  -3.2762195043132543E-003   1.9094185539983790        2.9355471647144249     
  0.15625000000000000       0.62719118221702774      -0.13357159820329137       -3.8725096310062372E-002   1.9027686554904859        3.0092098892889854     
  0.15875000000000000       0.62177611549369693      -0.18083791578776293       -5.7241785653527985E-002   1.8989702560537507        3.0075742550479765     
  0.16125000000000000       0.62141864086833420      -0.20239566838076900       -6.2537672300717079E-002   1.8911286276220793        2.9851401829821458     
  0.16375000000000001       0.62535785998456550      -0.20655904302650710       -6.0362224217497068E-002   1.8790141087229855        2.9454928741722317     
  0.16625000000000001       0.62796813889540926      -0.19889339671177972       -5.4069377662653004E-002   1.8645948170008921        2.9153864260537627     
  0.16875000000000001       0.63100831178337247      -0.18579805106806996       -4.6240483560143493E-002   1.8506807922490074        2.8868601683297128     
  0.17125000000000001       0.63205290688507665      -0.17056868752843554       -3.8882404174225199E-002   1.8384463248856457        2.8703849080487673     
  0.17375000000000002       0.63176621180923553      -0.15631437459303710       -3.2432017385286338E-002   1.8271093755653331        2.8601385928840695     
  0.17624999999999999       0.63009464277526939      -0.14441743893077469       -2.7795376641099274E-002   1.8166979519499082        2.8559752001002341     
  0.17874999999999999       0.62772433570831854      -0.13527835120214260       -2.4329581218093081E-002   1.8065145852037179        2.8539063224222154     
  0.18124999999999999       0.62527129106108947      -0.12846900241646544       -2.2137665753234139E-002   1.7972152283849399        2.8525628219255434     
  0.18375000000000000       0.62291394221968499      -0.12316590564024552       -2.0227138669289702E-002   1.7882495060270214        2.8507061186704274     
  0.18625000000000000       0.62083768498506720      -0.11861615148338836       -1.8431859936362399E-002   1.7797516961731366        2.8480017141672254     
  0.18875000000000000       0.61885429133842462      -0.11416616157242648       -1.6096778773460507E-002   1.7710989987700174        2.8445451543856008     
  0.19125000000000000       0.61696434831135005      -0.10948164453975609       -1.3298280305652350E-002   1.7623729857603720        2.8405462915167918     
  0.19375000000000001       0.61508447291958301      -0.10444764465576681       -9.9065125846009867E-003   1.7532987455413043        2.8359532803512861     
  0.19625000000000001       0.61326794985384825       -9.9198691291882343E-002  -6.2274254028277303E-003   1.7439784395745792        2.8306124873174792     
  0.19875000000000001       0.61150421199650917       -9.3926786840109022E-002  -2.4121637895075133E-003   1.7343172821776760        2.8243451696405515     
  0.20125000000000001       0.60982241922389557       -8.8820109536167258E-002   1.2322905220704034E-003   1.7245201437565139        2.8172965741266607     
  0.20375000000000001       0.60817840507985899       -8.3957559489459960E-002   4.5840318586746866E-003   1.7147215567780072        2.8098814389570541     
  0.20625000000000002       0.60645761823776956       -7.9340711318003770E-002   7.5590698912703959E-003   1.7050740696585227        2.8028950029832855     
  0.20874999999999999       0.60448102610935472       -7.4896770286748043E-002   1.0192548789588099E-002   1.6955660828968007        2.7971766292143032     
  0.21124999999999999       0.60213234827724704       -7.0537179069029177E-002   1.2544275437285105E-002   1.6861307485779071        2.7931874511004100     
  0.21375000000000000       0.59944230426708622       -6.6168345249652274E-002   1.4657739623921789E-002   1.6767061517053605        2.7907189667345413     
  0.21625000000000000       0.59656157189118209       -6.1729585946860246E-002   1.6595577588955166E-002   1.6672162405929996        2.7889688695608164     
  0.21875000000000000       0.59368444837974166       -5.7195781550182997E-002   1.8362339739503752E-002   1.6576398761123219        2.7870037366068505     
  0.22125000000000000       0.59095179040463630       -5.2559697047607365E-002   1.9961556166658300E-002   1.6479979133866400        2.7841923035721292     
  0.22375000000000000       0.58843695216344949       -4.7810865791817113E-002   2.1329090868874797E-002   1.6384415787587370        2.7804383859236594     
  0.22625000000000001       0.58614512287542109       -4.2923211734636528E-002   2.2410681538803941E-002   1.6291536291773170        2.7760251075543274     
  0.22875000000000001       0.58404601064383432       -3.7872574358322135E-002   2.3157871518307904E-002   1.6202696436288795        2.7713272128019852     
  0.23125000000000001       0.58208487229912154       -3.2651092583354961E-002   2.3585747812867555E-002   1.6117660711629083        2.7665595733840824     
  0.23375000000000001       0.58020034789631603       -2.7272216267679453E-002   2.3750202403197727E-002   1.6034962783901394        2.7617515573053475     
  0.23625000000000002       0.57832859800922642       -2.1761452614733841E-002   2.3749425276593749E-002   1.5952559824611239        2.7568391456444430     
  0.23874999999999999       0.57642360902147638       -1.6145509145374756E-002   2.3672796850521205E-002   1.5869051270599570        2.7517833829666145     
  0.24124999999999999       0.57446790897122202       -1.0448377368256623E-002   2.3594229099106030E-002   1.5784015219968772        2.7465798448266838     
  0.24374999999999999       0.57248747959373392       -4.6984677315261248E-003   2.3537370949341323E-002   1.5698241446848380        2.7412320094084510     
  0.24625000000000000       0.57053968221007711        1.0653001968625340E-003   2.3479013232486599E-002   1.5613225735630263        2.7357228955711594     
  0.24875000000000000       0.56868823004602387        6.7812272076298074E-003   2.3353335826829878E-002   1.5530687722308696        2.7300526965017848     
  0.25125000000000003       0.56697397751718559        1.2366801362009254E-002   2.3053687905984940E-002   1.5452164841094174        2.7243100763658816     
  0.25375000000000003       0.56539642906102516        1.7724062012615026E-002   2.2475915096481634E-002   1.5378665618200968        2.7186977823938503     
  0.25625000000000003       0.56392996843643162        2.2758958811351909E-002   2.1513339648992613E-002   1.5310961698565830        2.7135046004091516     
  0.25875000000000004       0.56254816128741481        2.7403483886641697E-002   2.0106077554387647E-002   1.5249696353751245        2.7089998315126889     
  0.26125000000000004       0.56125722480389362        3.1628233316876954E-002   1.8231285091744185E-002   1.5195880262780719        2.7053562817499368     
  0.26375000000000004       0.56010643306007957        3.5443719259628144E-002   1.5921803022019544E-002   1.5150950683002724        2.7026065657679474     
  0.26625000000000004       0.55918453119952427        3.8879404065953485E-002   1.3247240858059443E-002   1.5116805000055762        2.7006683518911965     
  0.26875000000000004       0.55860066997810764        4.1960231662924834E-002   1.0289054445997734E-002   1.5095574589542249        2.6994001697763226     
  0.27125000000000005       0.55845470202653480        4.4685839181433817E-002   7.1198135016414740E-003   1.5089093412651038        2.6986542290751161     
  0.27375000000000005       0.55880660094474899        4.7032159527587249E-002   3.7718998075041486E-003   1.5098275963788381        2.6983139148078874     
  0.27625000000000005       0.55964259717408527        4.8972467066740501E-002   2.4772210531862689E-004   1.5122196258953720        2.6982879245266473     
  0.27875000000000005       0.56086404073195717        5.0508443008054855E-002  -3.4808290210211644E-003   1.5157769677830477        2.6985005191618350     
  0.28125000000000006       0.56230102591090092        5.1688873665140952E-002  -7.4413611157164109E-003   1.5200055451129668        2.6988757204677549     
  0.28375000000000006       0.56376591457891789        5.2598051110449760E-002  -1.1659292210669740E-002   1.5243846953999425        2.6993659151623883     
  0.28625000000000006       0.56511730038810182        5.3319194965688342E-002  -1.6150396950204135E-002   1.5285549048296163        2.6999859553699093     
  0.28875000000000001       0.56630778378828583        5.3893434445066980E-002  -2.0932465954850255E-002   1.5324554863601985        2.7008355632128329     
  0.29125000000000001       0.56738169899453672        5.4307897272102536E-002  -2.6024315055385112E-002   1.5362950508762379        2.7020595375373313     
  0.29375000000000001       0.56843040745729467        5.4515581642234523E-002  -3.1434618379104065E-002   1.5403838400030447        2.7037619206431929     
  0.29625000000000001       0.56953615351239040        5.4470578042462463E-002  -3.7146403262742128E-002   1.5449415381376455        2.7059307012085361     
  0.29875000000000002       0.57073863364703248        5.4146100822997333E-002  -4.3103672129455560E-002   1.5500032894127034        2.7084327589519610     
  0.30125000000000002       0.57204057633028960        5.3524042254778560E-002  -4.9223935408439071E-002   1.5554805526152646        2.7110990466756446     
  0.30375000000000002       0.57343234457062797        5.2569271764935754E-002  -5.5419224923153848E-002   1.5612912451219998        2.7138399737472643     
  0.30625000000000002       0.57491223627408283        5.1216155249608403E-002  -6.1626100656306734E-002   1.5674595640066471        2.7167196089736323     
  0.30875000000000002       0.57648444999120541        4.9382444627183116E-002  -6.7811662231105699E-002   1.5741029669289015        2.7199338199302754     
  0.31125000000000003       0.57814962513711854        4.6997608996365473E-002  -7.3968328430693522E-002   1.5813603879969467        2.7237212711510703     
  0.31375000000000003       0.57990536201869158        4.4021145107780685E-002  -8.0092531974957110E-002   1.5893363121775292        2.7282633665624108     
  0.31625000000000003       0.58176443883210072        4.0438953856293730E-002  -8.6175706728095089E-002   1.5981149747116004        2.7336269971680296     
  0.31875000000000003       0.58376891571258893        3.6252475852355609E-002  -9.2202009221658526E-002   1.6077862425154472        2.7397472390998043     
  0.32125000000000004       0.58597955332737617        3.1480897406969313E-002  -9.8156076725627511E-002   1.6184190069391722        2.7464310259451459     
  0.32375000000000004       0.58844137320950274        2.6177698535419059E-002 -0.10402849752545004        1.6299761404110520        2.7533727563531771     
  0.32625000000000004       0.59115270754236238        2.0436051615984576E-002 -0.10981819988623404        1.6422560321799653        2.7602044861837451     
  0.32875000000000004       0.59405998624807410        1.4368143740686606E-002 -0.11553053377651412        1.6549344396095229        2.7666005977117596     
  0.33125000000000004       0.59706862085274670        8.0723840495422680E-003 -0.12116950767529620        1.6676682824089633        2.7724093085112882     
  0.33375000000000005       0.60005182794274192        1.6192088558086343E-003 -0.12673411420910136        1.6801769937367541        2.7777456453225766     
  0.33625000000000005       0.60285924075023511       -4.9370779247403778E-003 -0.13220570949429239        1.6922491484043181        2.7829592846276205     
  0.33875000000000005       0.60536005312913410       -1.1546084996056086E-002 -0.13755818525268959        1.7037387456900164        2.7884226944484580     
  0.34125000000000005       0.60752909813667277       -1.8176428751561918E-002 -0.14275934828161785        1.7145843720630127        2.7941697291257985     
  0.34375000000000006       0.60950816146931253       -2.4845335700133329E-002 -0.14777835208389095        1.7248427227125465        2.7996697008641651     
  0.34625000000000006       0.61152412860311789       -3.1625876172220194E-002 -0.15255848869998023        1.7346421933379792        2.8041327322934917     
  0.34875000000000006       0.61366821692190854       -3.8611860936615817E-002 -0.15698051530251528        1.7440767713792584        2.8073536415930196     
  0.35125000000000001       0.61572977265338658       -4.5859975254028240E-002 -0.16084518586689456        1.7531115975454372        2.8103159661444574     
  0.35375000000000001       0.61731293132008513       -5.3356636859101567E-002 -0.16394191139318182        1.7616001965137977        2.8146583281229689     
  0.35625000000000001       0.61818852541260916       -6.1030481117360397E-002 -0.16618275177379185        1.7693851789776014        2.8212037251312023     
  0.35875000000000001       0.61852726715041539       -6.8782374024362727E-002 -0.16769746181026024        1.7763769142266304        2.8290088435731069     
  0.36125000000000002       0.61871952446495238       -7.6485534622284662E-002 -0.16877235714135239        1.7825199122720816        2.8361377202773954     
  0.36375000000000002       0.61896472725141083       -8.3962113105874175E-002 -0.16967708310205859        1.7876954717949816        2.8414283829139761     
  0.36625000000000002       0.61915431012445776       -9.1005103200416923E-002 -0.17053344578765856        1.7916923746153974        2.8450408337792572     
  0.36875000000000002       0.61918409774307104       -9.7476635242403700E-002 -0.17132451299998924        1.7943145575410304        2.8471977547192169     
  0.37125000000000002       0.61913255857197269      -0.10338620337187307      -0.17194187634290400        1.7955413046297557        2.8475872114415832     
  0.37375000000000003       0.61892618673193933      -0.10883382644043316      -0.17214878625936592        1.7955847737178394        2.8469875021587017     
  0.37625000000000003       0.61811293387076049      -0.11388401477381502      -0.17163381875067282        1.7947950762557836        2.8481440911860112     
  0.37875000000000003       0.61643335979681324      -0.11854828041161559      -0.17033937042325764        1.7934922004898737        2.8527950118977192     
  0.38125000000000003       0.61451134206120361      -0.12286877129802543      -0.16875215265417695        1.7918168732606774        2.8581452392895299     
  0.38375000000000004       0.61337856834913129      -0.12690099252119771      -0.16760672410955807        1.7896540557148850        2.8589643600715275     
  0.38625000000000004       0.61316910253073253      -0.13056186509055195      -0.16713263561163710        1.7866802431521820        2.8540286292166561     
  0.38875000000000004       0.61281506471776703      -0.13359581512370333      -0.16674889043040447        1.7825353954523775        2.8479828144272283     
  0.39125000000000004       0.61126775880870721      -0.13577831811483893      -0.16568003052916749        1.7770232476767223        2.8457088733334457     
  0.39375000000000004       0.60855921753940090      -0.13708425245974093      -0.16377208466014687        1.7701773805224148        2.8472181348380983     
  0.39625000000000005       0.60542823310407390      -0.13759218904158962      -0.16156303184512777        1.7621379158409991        2.8491335226641059     
  0.39875000000000005       0.60236100453496166      -0.13731802213908911      -0.15968513429722506        1.7530415514630602        2.8491609410805800     
  0.40125000000000005       0.59933514285055045      -0.13624523549695311      -0.15840800541634509        1.7431236095596270        2.8476610944256517     
  0.40375000000000005       0.59623081048623650      -0.13448220428843960      -0.15772076011776406        1.7328968873961139        2.8459942852148585     
  0.40625000000000006       0.59314539153793622      -0.13230098722797984      -0.15763209924503921        1.7231082019148714        2.8448463232294832     
  0.40875000000000006       0.59030316865874211      -0.12997363472783513      -0.15826080111109800        1.7144053011963944        2.8441004341166276     
  0.41125000000000006       0.58779444511150980      -0.12753297642333988      -0.15966874628483069        1.7069927130440590        2.8436320761710805     
  0.41375000000000006       0.58541772541264625      -0.12464394633246481      -0.16167344789448032        1.7006135737269972        2.8441568432469699     
  0.41625000000000001       0.58269203677947035      -0.12071449001348247      -0.16385849640980943        1.6948992329638894        2.8477408801034438     
  0.41875000000000001       0.57903414526951058      -0.11527947449767235      -0.16584778061728020        1.6898184257541191        2.8575029796329501     
  0.42125000000000001       0.57419573443711180      -0.10855948243813325      -0.16777267253002756        1.6859234510392720        2.8755884338604809     
  0.42375000000000002       0.56898058343385549      -0.10193122570135738      -0.17072526425950207        1.6843103140408466        2.8991613529106344     
  0.42625000000000002       0.56582063989317000       -9.7971672744801022E-002 -0.17688709305400782        1.6864430085068667        2.9166696116087718     
  0.42875000000000002       0.56840269124341958       -9.9911797634096827E-002 -0.18910534789402750        1.6940186592985080        2.9095222647333636     
  0.43125000000000002       0.57979189482401172      -0.11070959538332839      -0.20992051527576561        1.7088558946670698        2.8635859985493415     
  0.43375000000000002       0.59996067047296231      -0.13217587339453252      -0.24036423417377475        1.7326796972683933        2.7834675618028739     
  0.43625000000000003       0.62527008251138227      -0.16453391015181373      -0.27932678883510187        1.7667769611153386        2.6912168586520275     
  0.43875000000000003       0.65041032189580295      -0.20640706880419568      -0.32395632941762048        1.8116056919468346        2.6109303963703452     
  0.44125000000000003       0.67017143414863956      -0.25490621529856405      -0.37036141449958793        1.8664414856189930        2.5599804650143798     
  0.44375000000000003       0.68076144181435949      -0.30624497027694325      -0.41453373051752151        1.9294234704752482        2.5476325695454798     
  0.44625000000000004       0.68273890850715913      -0.35826127963576881      -0.45521972197251570        1.9991717563189526        2.5682064340555177     
  0.44875000000000004       0.68271221482931366      -0.41368214149462035      -0.49765079780367061        2.0785191239251741        2.5952504668902692     
  0.45125000000000004       0.68940745308877882      -0.47953816681001343      -0.55277046849968547        2.1770325789351208        2.5944698354754645     
  0.45375000000000004       0.70887887851506204      -0.56225468180388960      -0.63096077962827157        2.3076340021815698        2.5446537561543066     
  0.45625000000000004       0.74517892473462721      -0.66404138415824632      -0.73612025586113095        2.4773515924530294        2.4395437055160691     
  0.45875000000000005       0.80074546015129933      -0.78167071290131684      -0.86258295321624978        2.6773715365851594        2.2869295330573922     
  0.46125000000000005       0.87060676898777756      -0.90378240881737315      -0.99356159709195646        2.8802340017560146        2.1182723847278062     
  0.46375000000000005       0.93927250230297132       -1.0110199290236421       -1.1046219244476898        3.0501046243165861        1.9764668576891395     
  0.46625000000000005       0.98902926259449320       -1.0851182842416267       -1.1754213253514350        3.1611468102994968        1.8881190759481468     
  0.46875000000000006        1.0126069366571708       -1.1206845517035775       -1.2018111531771030        3.2107675062563050        1.8540607645569980     
  0.47125000000000006        1.0168441332622975       -1.1275531787141133       -1.1966860334459468        3.2180789724772065        1.8574660850283484     
  0.47375000000000006        1.0146698101328193       -1.1217873309202062       -1.1790425653233512        3.2096468128731699        1.8769837065451744     
  0.47625000000000006        1.0151491176751160       -1.1152424055758388       -1.1622214589814330        3.2045871938560300        1.8979321291829769     
  0.47875000000000001        1.0205420517452064       -1.1123343656290987       -1.1508125193971344        3.2097437355004867        1.9153511429434658     
  0.48125000000000001        1.0293978519973619       -1.1129890474922119       -1.1444288104403666        3.2240070099063116        1.9294443972885658     
  0.48375000000000001        1.0397001971221140       -1.1159973956091163       -1.1414723905062645        3.2433666628893407        1.9407676820915465     
  0.48625000000000002        1.0495400694140726       -1.1201412781354656       -1.1404139459041185        3.2629083974892743        1.9490294299545523     
  0.48875000000000002        1.0563814037673425       -1.1239346131398205       -1.1396697338298709        3.2764247636218680        1.9536111885504601     
  0.49125000000000002        1.0564138919883965       -1.1255008465388705       -1.1372005752404628        3.2750520752738312        1.9532273452245785     
  0.49375000000000002        1.0457442028534498       -1.1232325417770315       -1.1310270252261527        3.2495242374374351        1.9456579046265283     
  0.49625000000000002        1.0244941559542533       -1.1170455205785181       -1.1208432638126169        3.1996715664308333        1.9302851502547136     
  0.49875000000000003        1.0004754923157386       -1.1093810921797393       -1.1093810921797880        3.1432240794466502        1.9121733708398141     
  0.50125000000000008       0.98408674513600525       -1.1038942665817042       -1.1007974882863349        3.1039832974122366        1.8993899563137588     
  0.50375000000000003       0.97718360715693564       -1.1015430329587561       -1.0962590435097419        3.0861424995293518        1.8935600433397746     
  0.50625000000000009       0.97314549246070581       -1.0997776950847977       -1.0934671629201427        3.0748592100048713        1.8898328533837301     
  0.50875000000000004       0.96695686950466964       -1.0964769535273609       -1.0907397884905878        3.0592784509567577        1.8846976312931267     
  0.51124999999999998       0.95911245704399761       -1.0918500220024014       -1.0885627495721799        3.0409847194964916        1.8785735954075329     
  0.51375000000000004       0.95229447403564715       -1.0871542440445126       -1.0883010609816037        3.0263506069968553        1.8732949495246529     
  0.51624999999999999       0.94796099078326201       -1.0834031611735899       -1.0909091698646365        3.0188170727824248        1.8692878439195770     
  0.51875000000000004       0.94601945159634160       -1.0811416353214764       -1.0966861722991563        3.0181449071454818        1.8653831650190189     
  0.52124999999999999       0.94616629010945186       -1.0807947586570221       -1.1057308655911788        3.0234307075479729        1.8601789270169968     
  0.52375000000000005       0.94838081892266257       -1.0826103241987646       -1.1179718722937333        3.0341237846028184        1.8529054748710994     
  0.52625000000000000       0.95240370473026204       -1.0861202337651168       -1.1326225420305445        3.0487118931973547        1.8436877154040858     
  0.52875000000000005       0.95718377095160390       -1.0895971714199091       -1.1475543816378380        3.0634162751933651        1.8338784111420359     
  0.53125000000000000       0.96063902051076144       -1.0897434850138374       -1.1588568077910262        3.0717560838585722        1.8265646486100480     
  0.53375000000000006       0.95964647130058900       -1.0817054309930871       -1.1607328698660238        3.0648077989171787        1.8269076641035040     
  0.53625000000000000       0.95032651334455664       -1.0595749908016503       -1.1459635258078715        3.0321964641545693        1.8420697403825119     
  0.53875000000000006       0.92884288508636870       -1.0175609034371280       -1.1071883785367271        2.9640485694615526        1.8806015169141568     
  0.54125000000000001       0.89296979226897122      -0.95185559416138688       -1.0392425477657761        2.8542988051631579        1.9510724811925670     
  0.54375000000000007       0.84390591073219867      -0.86278651015706753      -0.94177043035006891        2.7040592761399092        2.0589055389397068     
  0.54625000000000001       0.78778426090590004      -0.75624562102548387      -0.82121783784764613        2.5246141013188570        2.2005950232148761     
  0.54875000000000007       0.73490944727875762      -0.64297961014613825      -0.69002255998025974        2.3369993873419430        2.3564618947319311     
  0.55125000000000002       0.69550322669033349      -0.53482030545573545      -0.56225637419204810        2.1663115347244681        2.4923144758716118     
  0.55375000000000008       0.67330531164215135      -0.43976130202514752      -0.44785018008303146        2.0319017365890861        2.5832933966370826     
  0.55625000000000002       0.66244141067752571      -0.35970778152928895      -0.35056942730763196        1.9400480138771452        2.6411764814969780     
  0.55875000000000008       0.65254719736109856      -0.29344826923201517      -0.27172180400606533        1.8856357535939765        2.7018454665560512     
  0.56125000000000003       0.63862030335315390      -0.24141903927490238      -0.21397299047520674        1.8590760366838008        2.7834968147405843     
  0.56375000000000008       0.62451829130318237      -0.20587462920044736      -0.17988568205771532        1.8509623966277498        2.8680051858659827     
  0.56625000000000003       0.61625652573079459      -0.18694728521382192      -0.16804989294449740        1.8536890202826308        2.9247880830047532     
  0.56875000000000009       0.61524276103674680      -0.18085509801140878      -0.17249269456699592        1.8618053811339430        2.9436235236082386     
  0.57125000000000004       0.61895449549299086      -0.18190079191155933      -0.18544406943058461        1.8715417450335470        2.9356480657476407     
  0.57375000000000009       0.62434915854080186      -0.18500837764386607      -0.20013974201046358        1.8801172438661509        2.9160415405962450     
  0.57625000000000004       0.62938664879113615      -0.18683488299506593      -0.21213842221248100        1.8855156518291771        2.8949346614830898     
  0.57874999999999999       0.63298355432817655      -0.18565067877094615      -0.21963279336288305        1.8866708710997095        2.8773916223349967     
  0.58125000000000004       0.63464866045919410      -0.18067338969775878      -0.22330625776899732        1.8836001226694825        2.8655174135530332     
  0.58374999999999999       0.63424556836806745      -0.17139279115041875      -0.22569054069562114        1.8771961033916782        2.8599069618480644     
  0.58625000000000005       0.63179829719179625      -0.15723661956874407      -0.22993359819908940        1.8687792044737019        2.8606802117905166     
  0.58875000000000000       0.62732369480261685      -0.13786045546468728      -0.23821939364934869        1.8592945445700289        2.8676038453733033     
  0.59125000000000005       0.62102998860926717      -0.11402134680148013      -0.25007085425876180        1.8481369454118828        2.8779956496564059     
  0.59375000000000000       0.61559852857188269       -8.9521929814511153E-002 -0.26168277160029840        1.8385992497823724        2.8857623498733589     
  0.59625000000000006       0.61334978795653206       -7.7628112799272939E-002 -0.26278644269047113        1.8236605833608777        2.8734882190022102     
  0.59875000000000000       0.61763171060909794       -7.7153859467529395E-002 -0.25031297202892999        1.8055045258308611        2.8333426733991933     
  0.60125000000000006       0.63396340526540895      -0.10003956618710601      -0.21528820898089324        1.7940783584657898        2.7598284881622432     
  0.60375000000000001       0.65370929665964495      -0.14264945803188114      -0.15119163909756173        1.7850347494644305        2.6800698687360720     
  0.60625000000000007       0.66819522388262897      -0.19826948820794890       -5.9859706291143677E-002   1.7955600235374720        2.6391435805114574     
  0.60875000000000001       0.67842287854728844      -0.26089578185711049        5.2910619364748557E-002   1.8381323151233651        2.6324344007283837     
  0.61125000000000007       0.70557514213763706      -0.33285287338143904       0.18226642484780772        1.9232351757485713        2.5811314653814090     
  0.61375000000000002       0.77352321834323257      -0.42042629688974381       0.32484148153101089        2.0566768000296456        2.4229561177554109     
  0.61625000000000008       0.87560058529448936      -0.51663037432971115       0.47191541775022733        2.2283069934845301        2.2255822516129098     
  0.61875000000000002       0.97896605654038593      -0.60129201746410854       0.60583815816445419        2.4090449344409701        2.0806867821386006     
  0.62125000000000008        1.0605311756786828      -0.66254578831736577       0.70784213382240579        2.5613853562854274        1.9973082964982896     
  0.62375000000000003        1.1160359976208272      -0.70068824623755133       0.76659138693492701        2.6614372317389892        1.9517267187678822     
  0.62625000000000008        1.1461501674524142      -0.71451743416110536       0.78341753844688455        2.7187993141467341        1.9441962047701851     
  0.62875000000000003        1.1582703352697119      -0.70634753077463441       0.77250274870067959        2.7604902611301387        1.9749327140901087     
  0.63125000000000009        1.1696174434670390      -0.68977868326385083       0.75324570554940773        2.8050411176120749        2.0169796388755201     
  0.63375000000000004        1.1915833990723672      -0.67685939973908815       0.73820000328559288        2.8577187232120842        2.0450246889419117     
  0.63625000000000009        1.2196936568761829      -0.66833662909828617       0.72783148107859486        2.9143444425976806        2.0612346854373316     
  0.63875000000000004        1.2455228630137931      -0.66063683673213947       0.71815634092122671        2.9688862978487673        2.0767514273434342     
  0.64124999999999999        1.2678222675053004      -0.65319384480890363       0.70834646156136605        3.0186287328769743        2.0921563562578287     
  0.64375000000000004        1.2880675086535018      -0.64649226587886055       0.69925142694851494        3.0634522082555726        2.1050226963282741     
  0.64624999999999999        1.3062173616242445      -0.64000384994715576       0.69063633449675677        3.1035317756585399        2.1161571433320052     
  0.64875000000000005        1.3223299229211354      -0.63327542375422463       0.68202223901876624        3.1391652055811541        2.1262774152668991     
  0.65125000000000000        1.3367627874444823      -0.62617588865605178       0.67332913482622325        3.1708837170872894        2.1354921733248924     
  0.65375000000000005        1.3496414828226038      -0.61862755994206153       0.66466728000222219        3.1992998163032649        2.1441655371376593     
  0.65625000000000000        1.3611859531436199      -0.61068808309490619       0.65630423866776655        3.2250646517256101        2.1524269018293891     
  0.65875000000000006        1.3717182320997963      -0.60252464136093631       0.64849928980583926        3.2487082200442785        2.1601270709950082     
  0.66125000000000000        1.3814883969430363      -0.59431756908955502       0.64138677285906054        3.2705649801243553        2.1671104553555334     
  0.66375000000000006        1.3905993079589698      -0.58615840530351671       0.63488420363371167        3.2907714788919478        2.1733828090201719     
  0.66625000000000001        1.3989787154664706      -0.57799169739343637       0.62863354428968643        3.3093046083977531        2.1792085853141399     
  0.66875000000000007        1.4065383925051005      -0.56972957063378005       0.62221618397003930        3.3261460421123736        2.1848910356391817     
  0.67125000000000001        1.4133967502425169      -0.56143893496523511       0.61550704221088404        3.3414864482996167        2.1904369398226593     
  0.67375000000000007        1.4198979965071798      -0.55337929189507851       0.60880412940659034        3.3557888743460476        2.1955357799961903     
  0.67625000000000002        1.4263541190386271      -0.54580628270706144       0.60254962521385635        3.3696240212469784        2.1999618908163390     
  0.67875000000000008        1.4328107938972001      -0.53874170769473451       0.59689856394704588        3.3834051505998457        2.2039120653080784     
  0.68125000000000002        1.4391343168943926      -0.53197404103671542       0.59160456788187987        3.3972717357209343        2.2078206877107864     
  0.68375000000000008        1.4453063465657388      -0.52529709078026987       0.58635603751997201        3.4112195060899317        2.2118621771284257     
  0.68625000000000003        1.4515541499556306      -0.51873139795651690       0.58119809275003798        3.4253220498671602        2.2157488153347398     
  0.68875000000000008        1.4581883534363813      -0.51251486859729467       0.57660137492802210        3.4398185515258133        2.2190206350101001     
  0.69125000000000003        1.4653832699899692      -0.50690767925175240       0.57313393239102450        3.4550026723992620        2.2214302850607668     
  0.69375000000000009        1.4731148631498061      -0.50199690517096474       0.57105418634459482        3.4710371845896733        2.2230574860578853     
  0.69625000000000004        1.4812039583442285      -0.49762090036955597       0.57011009604337937        3.4878218646003543        2.2242146712007789     
  0.69875000000000009        1.4893398112689051      -0.49343149095331196       0.56960961502519236        3.5049649298244354        2.2253484208492615     
  0.70125000000000004        1.4971029021114353      -0.48905456317319440       0.56868023103035859        3.5218651495756585        2.2269534069509147     
  0.70374999999999999        1.5040855537766606      -0.48426009104845935       0.56658280719606702        3.5378873489571316        2.2294048988348987     
  0.70625000000000004        1.5101154707084823      -0.47905887421746685       0.56297976534667793        3.5525688257590544        2.2327041411174671     
  0.70874999999999999        1.5154614939011595      -0.47374998501334725       0.55823051419453018        3.5658225734006042        2.2362553279226929     
  0.71125000000000005        1.5208488219481793      -0.46895846005344655       0.55373463664173095        3.5781117455647555        2.2388833625546112     
  0.71375000000000000        1.5271059485702878      -0.46543674394544532       0.55163519643559167        3.5903476984959450        2.2393898835898125     
  0.71625000000000005        1.5343022656455951      -0.46319542004996622       0.55255517391639652        3.6029970868846530        2.2378786112781266     
  0.71875000000000000        1.5405743802809371      -0.46008787951061064       0.55139405718212775        3.6143024004287465        2.2374281482351681     
  0.72125000000000006        1.5416185313518529      -0.45117658343700767       0.53469719769389934        3.6190093297490078        2.2445631419606986     
  0.72375000000000000        1.5323168613423914      -0.43056800222622837       0.48485743079813570        3.6105463299315730        2.2667268611109010     
  0.72625000000000006        1.5107588638579703      -0.39574338534937514       0.39232203380266922        3.5877485964960032        2.3067717971409021     
  0.72875000000000001        1.4818144219331124      -0.35162238290247572       0.26863325914014108        3.5597787939533050        2.3577246731293200     
  0.73125000000000007        1.4556282827802105      -0.31005702865101520       0.14765130601365509        3.5395242955884232        2.4037825468328768     
  0.73375000000000001        1.4406491683411853      -0.28252407200845558        6.7069917542247726E-002   3.5311724249229286        2.4307850467093428     
  0.73625000000000007        1.4376710295381636      -0.27117077097538766        4.0849622405714235E-002   3.5307541994236074        2.4376925769837712     
  0.73875000000000002        1.4404895464838250      -0.26868478863550227        5.0380851729034171E-002   3.5343100109996999        2.4355407572637850     
  0.74125000000000008        1.4418995829968009      -0.26633596021153488        6.4507031843870133E-002   3.5387994259814213        2.4362020897672383     
  0.74375000000000002        1.4392942446361534      -0.26048485975411778        6.5477334420444566E-002   3.5417851114962202        2.4433671952765805     
  0.74625000000000008        1.4356540608363049      -0.25310439921788352        5.6788379192498989E-002   3.5432953149101056        2.4517474153381245     
  0.74875000000000003        1.4354160665110329      -0.24765219156875018        5.0839127054931932E-002   3.5448872630934063        2.4540781860616847     
  0.75125000000000008        1.4397119332711079      -0.24511661858167649        5.3174140104094623E-002   3.5474274590406307        2.4488089456732069     
  0.75375000000000003        1.4459230956877853      -0.24395414214662375        5.9718800300808714E-002   3.5505308252147723        2.4404602119365428     
  0.75625000000000009        1.4508312671027119      -0.24234924256214496        6.4670351092594003E-002   3.5533221997648532        2.4342180523126689     
  0.75875000000000004        1.4531770567958371      -0.23959028631407353        6.5959244410748741E-002   3.5553269129064349        2.4319672029094677     
  0.76125000000000009        1.4533790759157070      -0.23575688860955246        6.4029120741121909E-002   3.5566137827008864        2.4330073413293265     
  0.76375000000000004        1.4516252064192323      -0.23082348132323033        5.9052013799678157E-002   3.5574497156940419        2.4371972317147144     
  0.76625000000000010        1.4470987402781184      -0.22445594028700244        5.0526778931544947E-002   3.5580419555114906        2.4461029210317013     
  0.76875000000000004        1.4396657854282719      -0.21684014136185159        3.9063270069217504E-002   3.5585095454425968        2.4600497990218200     
  0.77124999999999999        1.4321886809380735      -0.20958332164876570        2.8253318573142516E-002   3.5589775539438988        2.4740901387781471     
  0.77375000000000005        1.4299395698730497      -0.20518116242610268        2.3858411915495866E-002   3.5596675481315909        2.4789494079061640     
  0.77625000000000000        1.4361162475424090      -0.20489871499845241        2.9334802405886942E-002   3.5609135431738665        2.4691573015700006     
  0.77875000000000005        1.4477067432427269      -0.20718680806424417        4.1604094321663600E-002   3.5628744171756352        2.4503933414956851     
  0.78125000000000000        1.4572677854360756      -0.20872967405183801        5.2508413883822762E-002   3.5650624517130436        2.4354946595186826     
  0.78375000000000006        1.4597584536716257      -0.20731934050864942        5.5639391002204192E-002   3.5666605612513624        2.4325107549968941     
  0.78625000000000000        1.4569680114942605      -0.20358564211611518        5.1732156640736771E-002   3.5674970961011261        2.4381831947591186     
  0.78875000000000006        1.4544956066116621      -0.19977670898971639        4.6770422098713724E-002   3.5682415987842759        2.4433005011631344     
  0.79125000000000001        1.4551936271946551      -0.19713248978678030        4.5144060536219464E-002   3.5696724514072899        2.4433996586718760     
  0.79375000000000007        1.4572949415457828      -0.19504268241027969        4.5968716228451903E-002   3.5719710373489741        2.4416429207423178     
  0.79625000000000001        1.4585016436781304      -0.19254482303611370        4.6174202638820216E-002   3.5747707531877189        2.4417733168257096     
  0.79875000000000007        1.4590202730849040      -0.18960453897332094        4.4894689265115570E-002   3.5777595193072571        2.4432483908197584     
  0.80125000000000002        1.4599492197940629      -0.18667754689854948        4.3393173289553805E-002   3.5809474709780011        2.4441725185672509     
  0.80375000000000008        1.4612774429127238      -0.18390009001806018        4.2423204395358426E-002   3.5843343273357613        2.4445369566723505     
  0.80625000000000002        1.4625590552122720      -0.18119045773232748        4.1733893988444307E-002   3.5877214480434807        2.4449628395983107     
  0.80875000000000008        1.4637738097604052      -0.17857409234968408        4.1156244575748908E-002   3.5909332539073437        2.4453655407672148     
  0.81125000000000003        1.4648905618823298      -0.17607162694165668        4.0607132067364604E-002   3.5939284516245449        2.4457692021970696     
  0.81375000000000008        1.4657541265820737      -0.17363639734656711        3.9785653701037482E-002   3.5966615991860920        2.4464109652541479     
  0.81625000000000003        1.4664531157964729      -0.17130088640928595        3.8723174115600792E-002   3.5990897971046172        2.4471109271936338     
  0.81875000000000009        1.4671472404608088      -0.16913407627262544        3.7788997474309367E-002   3.6012523527228844        2.4476184984012641     
  0.82125000000000004        1.4678130708393278      -0.16711802567418266        3.7001093591325987E-002   3.6031838232112579        2.4479982539977616     
  0.82375000000000009        1.4683892166968382      -0.16520308363534003        3.6136593953142726E-002   3.6048687467505394        2.4483501066157611     
  0.82625000000000004        1.4689080504986720      -0.16338261909201429        3.5247219737244227E-002   3.6063159415889103        2.4486262104636971     
  0.82875000000000010        1.4694358395505334      -0.16168072747476306        3.4549135478510601E-002   3.6075502649377618        2.4487284285968358     
  0.83125000000000004        1.4699647736159767      -0.16009640919913321        3.4072592120909830E-002   3.6086172853352818        2.4487009987006130     
  0.83374999999999999        1.4704033489511548      -0.15858679554523114        3.3525437266065626E-002   3.6095385184897388        2.4487188027429743     
  0.83625000000000005        1.4707139632494663      -0.15712845021162913        3.2746963063200303E-002   3.6103169320003889        2.4488505502818860     
  0.83875000000000000        1.4709394389441788      -0.15574631193188868        3.1959349652735218E-002   3.6109651753077516        2.4490284952162962     
  0.84125000000000005        1.4710990373745600      -0.15446530112202803        3.1391130186315210E-002   3.6115138431426126        2.4492365284211806     
  0.84375000000000000        1.4711656847429795      -0.15326669356985306        3.0891379169904979E-002   3.6119861629029746        2.4495392852651729     
  0.84625000000000006        1.4711810056227423      -0.15211885710584966        3.0203796269823346E-002   3.6123856510746157        2.4498760593565421     
  0.84875000000000000        1.4712762148647212      -0.15102061577358880        2.9427413121894161E-002   3.6127164383473049        2.4500303056465831     
  0.85125000000000006        1.4715062027443742      -0.14997854345170855        2.8861062792971567E-002   3.6130024987612104        2.4499226855602556     
  0.85375000000000001        1.4717592096545107      -0.14896338100522288        2.8502614047541976E-002   3.6132771209340078        2.4497638430885060     
  0.85625000000000007        1.4719245172111735      -0.14793214462249524        2.8095758373296802E-002   3.6135710762884821        2.4497649938464354     
  0.85875000000000001        1.4720596722293993      -0.14687914615929759        2.7615880916049530E-002   3.6139291999142218        2.4498616313331936     
  0.86125000000000007        1.4722700627878882      -0.14582023659384460        2.7261720216056842E-002   3.6144221508985703        2.4499230792034341     
  0.86375000000000002        1.4725135241073093      -0.14473925812838009        2.6953877605331154E-002   3.6151145419858439        2.4500653413195828     
  0.86625000000000008        1.4727012180917409      -0.14360343237060458        2.6340570970189263E-002   3.6160250581388369        2.4504550208702014     
  0.86875000000000002        1.4729312896807973      -0.14242654884331826        2.5429318918548952E-002   3.6171342879355279        2.4509145564558588     
  0.87125000000000008        1.4733975012127662      -0.14125690328392757        2.4725875696276902E-002   3.6184192825410162        2.4510972438030834     
  0.87375000000000003        1.4740690777803822      -0.14009476908997273        2.4491802721846704E-002   3.6198560295305868        2.4510352666891415     
  0.87625000000000008        1.4746960594046419      -0.13888529297258498        2.4303266198382682E-002   3.6213936634149562        2.4511175338316455     
  0.87875000000000003        1.4751788103105854      -0.13761507495534422        2.3724518815664300E-002   3.6229590034609389        2.4514651049587801     
  0.88125000000000009        1.4756877142755651      -0.13635446317210487        2.3012017042744016E-002   3.6244916280977049        2.4517467677337530     
  0.88375000000000004        1.4763127308105424      -0.13517025378025396        2.2631809972319415E-002   3.6259443257529531        2.4517723966536362     
  0.88625000000000009        1.4768395848840685      -0.13405356427254939        2.2414162099204576E-002   3.6272462496236018        2.4518520065588998     
  0.88875000000000004        1.4770471546116615      -0.13297691132003991        2.1848466666024399E-002   3.6283088155740040        2.4522990558942346     
  0.89125000000000010        1.4770404240109203      -0.13196838392423249        2.1009472963740727E-002   3.6290942020569337        2.4529114215140435     
  0.89375000000000004        1.4770959778696806      -0.13107038803228976        2.0454950890504978E-002   3.6296597449273391        2.4532615961061737     
  0.89624999999999999        1.4772939131345391      -0.13025657660200612        2.0228451011631697E-002   3.6301200774658957        2.4532958766068411     
  0.89875000000000005        1.4774926541756073      -0.12945343837895007        1.9708470750306822E-002   3.6305796741324485        2.4533300098202782     
  0.90125000000000000        1.4776253194312141      -0.12863842222720215        1.8640646008713284E-002   3.6311055809212927        2.4535235574769008     
  0.90375000000000005        1.4778275922054100      -0.12786273218105909        1.7664682838137574E-002   3.6317287191628664        2.4536635905012263     
  0.90625000000000000        1.4781934977199236      -0.12716240691567093        1.7417726697821975E-002   3.6324304876250251        2.4535747638873717     
  0.90875000000000006        1.4785386247253169      -0.12649291359847228        1.7566087248492249E-002   3.6331294964060761        2.4535133437057683     
  0.91125000000000000        1.4785769437639251      -0.12578994884774219        1.7238407518421796E-002   3.6337104416314965        2.4538859319474446     
  0.91375000000000006        1.4783174816850400      -0.12507131581488437        1.6239090643516266E-002   3.6340972382322239        2.4546265164785561     
  0.91625000000000001        1.4781118618526947      -0.12442975147538360        1.5312830005463053E-002   3.6343059729044196        2.4551520107407185     
  0.91875000000000007        1.4782466874967981      -0.12391776165958189        1.5103869648599203E-002   3.6344259595111090        2.4550401291285904     
  0.92125000000000001        1.4786203902248696      -0.12347898352140542        1.5266302976142747E-002   3.6345588800050854        2.4545341416643720     
  0.92375000000000007        1.4789004187267212      -0.12300967984835180        1.4931179501123399E-002   3.6347823867770561        2.4542499368128334     
  0.92625000000000002        1.4789117511956791      -0.12245762615300443        1.3850846074158429E-002   3.6351619090085983        2.4545258669322663     
  0.92875000000000008        1.4788232955337217      -0.12184113514190016        1.2708035048468992E-002   3.6357698166927137        2.4551249249573943     
  0.93125000000000002        1.4789866862220518      -0.12118854153034384        1.2247012920703564E-002   3.6366741346292608        2.4555044016743892     
  0.93375000000000008        1.4795595501084176      -0.12048501673770685        1.2343446677738030E-002   3.6379115777340001        2.4554296303735965     
  0.93625000000000003        1.4803094228094800      -0.11968889041292763        1.2141798260715021E-002   3.6394749750064985        2.4552883764773061     
  0.93875000000000008        1.4809080827841008      -0.11878864980624253        1.1083999300364914E-002   3.6413299839325033        2.4556043192299435     
  0.94125000000000003        1.4813532417469069      -0.11782198961091310        9.5739367962501803E-003   3.6434330070691616        2.4563462506756903     
  0.94375000000000009        1.4819250738909187      -0.11683581113587030        8.5047319943007127E-003   3.6457203063834407        2.4570001989890788     
  0.94625000000000004        1.4827720809002498      -0.11584654849445863        8.2857696963060026E-003   3.6480971662593915        2.4572546329368716     
  0.94875000000000009        1.4837117457468016      -0.11485057149288083        8.4666667373014207E-003   3.6504514424600969        2.4573385915361294     
  0.95125000000000004        1.4844550447808091      -0.11386407257141007        8.2427660774950645E-003   3.6526791223501056        2.4576623716376202     
  0.95375000000000010        1.4849142909862749      -0.11293810939819900        7.2373612332389814E-003   3.6547093100698023        2.4583215535041232     
  0.95625000000000004        1.4852405131792650      -0.11212385255968728        5.7997858060655320E-003   3.6565167028121293        2.4590449268501993     
  0.95874999999999999        1.4856147297701985      -0.11142130575241944        4.5965965893879487E-003   3.6581094894480852        2.4595367820649949     
  0.96125000000000005        1.4860830254194126      -0.11077786217738386        3.9943741119432300E-003   3.6594999464020548        2.4597318115786977     
  0.96375000000000000        1.4865696108557684      -0.11014753945435495        3.8628096471578829E-003   3.6606886635063933        2.4597589786939276     
  0.96625000000000005        1.4869737866337429      -0.10954048477515427        3.8493671944688696E-003   3.6616733022571117        2.4597834934480223     
  0.96875000000000000        1.4872383358341836      -0.10900611833469628        3.6760254333675153E-003   3.6624626728820364        2.4599038884271143     
  0.97125000000000006        1.4873337698284648      -0.10858137021453912        3.1676442742122691E-003   3.6630706456626418        2.4601766648090773     
  0.97375000000000000        1.4872653428922114      -0.10826940915654683        2.2967897135194267E-003   3.6635098737974761        2.4606014246233356     
  0.97625000000000006        1.4871242120134724      -0.10804614431493986        1.2833331043360045E-003   3.6638045168294928        2.4610445574458368     
  0.97875000000000001        1.4869761692286831      -0.10785953892458547        3.2659603139688581E-004   3.6639947895848231        2.4614267337704718     
  0.98125000000000007        1.4867329914803724      -0.10765274890555639       -7.0087259883432355E-004   3.6641147069317546        2.4619195594549059     
  0.98375000000000001        1.4863330980999503      -0.10741946305016467       -1.8861926930643334E-003   3.6641899451683648        2.4626425074713945     
  0.98625000000000007        1.4859297805440741      -0.10721619285796768       -2.8288653638840556E-003   3.6642394687319104        2.4633524210419817     
  0.98875000000000002        1.4857235862324905      -0.10708454731523795       -3.0685804399100680E-003   3.6643016238948274        2.4637418378485161     
  0.99125000000000008        1.4857076616674001      -0.10702371468038731       -2.7358288496136685E-003   3.6643551532948564        2.4638076350304172     
  0.99375000000000002        1.4857715497049169      -0.10696985942411064       -2.3268359839615535E-003   3.6644685924260747        2.4637812327983548     
  0.99625000000000008        1.4857915959080856      -0.10694630515429832       -2.1038365141451366E-003   3.6644999421879003        2.4637704913078919     
  0.99875000000000003        1.4858743256375666      -0.10684374954097822       -1.9241322373565847E-003   3.6647878622970054        2.4638323598893437     
