   3.5355339059327377E-003  0.13799999999999774     
   1.0606601717798213E-002  0.13799999999999771     
   1.7677669529663688E-002  0.13799999999999787     
   2.4748737341529166E-002  0.13799999999999810     
   3.1819805153394637E-002  0.13799999999999824     
   3.8890872965260115E-002  0.13799999999999837     
   4.5961940777125593E-002  0.13799999999999851     
   5.3033008588991057E-002  0.13799999999999868     
   6.0104076400856535E-002  0.13799999999999904     
   6.7175144212722027E-002  0.13799999999999901     
   7.4246212024587477E-002  0.13799999999999876     
   8.1317279836452955E-002  0.13799999999999846     
   8.8388347648318433E-002  0.13799999999999857     
   9.5459415460183911E-002  0.13799999999999793     
  0.10253048327204939       0.13799999999999735     
  0.10960155108391487       0.13799999999999657     
  0.11667261889578034       0.13799999999999676     
  0.12374368670764581       0.13799999999999751     
  0.13081475451951130       0.13799999999999793     
  0.13788582233137675       0.13799999999999793     
  0.14495689014324226       0.13799999999999762     
  0.15202795795510771       0.13799999999999701     
  0.15909902576697321       0.13799999999999674     
  0.16617009357883866       0.13799999999999737     
  0.17324116139070411       0.13799999999999790     
  0.18031222920256962       0.13799999999999740     
  0.18738329701443512       0.13799999999999715     
  0.19445436482630057       0.13799999999999643     
  0.20152543263816602       0.13799999999999593     
  0.20859650045003153       0.13799999999999579     
  0.21566756826189698       0.13799999999999554     
  0.22273863607376249       0.13799999999999546     
  0.22980970388562794       0.13799999999999579     
  0.23688077169749344       0.13799999999999654     
  0.24395183950935889       0.13799999999999757     
  0.25102290732122434       0.13799999999999796     
  0.25809397513308985       0.13799999999999873     
  0.26516504294495535       0.13799999999999923     
  0.27223611075682080       0.13799999999999907     
  0.27930717856868625       0.13799999999999921     
  0.28637824638055176       0.13799999999999937     
  0.29344931419241721       0.13799999999999918     
  0.30052038200428266       0.13799999999999910     
  0.30759144981614817       0.13799999999999840     
  0.31466251762801367       0.13799999999999801     
  0.32173358543987918       0.13799999999999799     
  0.32880465325174457       0.13799999999999801     
  0.33587572106361008       0.13799999999999829     
  0.34294678887547558       0.39659483827800052     
  0.35001785668734098       0.70386929792473663     
  0.35708892449920648       0.69862841030997791     
  0.36415999231107199       0.70742864516730142     
  0.37123106012293750       0.71572873344829724     
  0.37830212793480295       0.72144202417508341     
  0.38537319574666840       0.72461636549195130     
  0.39244426355853390       0.72008456725774805     
  0.39951533137039941       0.78514197291215426     
  0.40658639918226480        1.0423909649607037     
  0.41365746699413031        1.2121125308746630     
  0.42072853480599576        1.1561503042311829     
  0.42779960261786121        1.1333683996204829     
  0.43487067042972671        1.1021640930874115     
  0.44194173824159222        1.0576389085203493     
  0.44901280605345772        1.0166286147270380     
  0.45608387386532312       0.96481060896352522     
  0.46315494167718863       0.91729813877433530     
  0.47022600948905413       0.87384876367093567     
  0.47729707730091964       0.86766500929571233     
  0.48436814511278509       0.78459323769723488     
  0.49143921292465054       0.56203960068931424     
  0.49851028073651593       0.54093812407156494     
  0.50558134854838144       0.54925233841167964     
  0.51265241636024694       0.57188214139650584     
  0.51972348417211234       0.59843352903848523     
  0.52679455198397784       0.62806593303164193     
  0.53386561979584335       0.66052660663513074     
  0.54093668760770885       0.69500049774245165     
  0.54800775541957436       0.73062850013516334     
  0.55507882323143987       0.76662198003758220     
  0.56214989104330537       0.80207095262373496     
  0.56922095885517088       0.83602748097066415     
  0.57629202666703627       0.86758543117250664     
  0.58336309447890167       0.89595487783864447     
  0.59043416229076717       0.92062427501471755     
  0.59750523010263268       0.94146234582580446     
  0.60457629791449818       0.95869883968862579     
  0.61164736572636369       0.97277556189911141     
  0.61871843353822897       0.98393489120914679     
  0.62578950135009448       0.99149065429903549     
  0.63286056916195998       0.99345324936638746     
  0.63993163697382549       0.98823943336554187     
  0.64700270478569100       0.97924463451472699     
  0.65407377259755650       0.97414006132140274     
  0.66114484040942201       0.97217173528541945     
  0.66821590822128751       0.95913827284227682     
  0.67528697603315280       0.93652046533246813     
  0.68235804384501830       0.93838842854682802     
  0.68942911165688381       0.97072868320538963     
  0.69650017946874931        1.0054971871631218     
  0.70357124728061482       0.99129333785574447     
  0.71064231509248033       0.92852090418337019     
  0.71771338290434583       0.91563044451721898     
  0.72478445071621134       0.92463159486998758     
  0.73185551852807684       0.94619801971173645     
  0.73892658633994235       0.98546721061131648     
  0.74599765415180774        1.0406359665228393     
  0.75306872196367314        1.1104151061357133     
  0.76013978977553864        1.1910986244654183     
  0.76721085758740415        1.2783672592826987     
  0.77428192539926965        1.3669163531847206     
  0.78135299321113516        1.4511404913162931     
  0.78842406102300067        1.5262053848575354     
  0.79549512883486617        1.5890991823503338     
  0.80256619664673168        1.6391170620329620     
  0.80963726445859707        1.6773544160745191     
  0.81670833227046247        1.7057446155888445     
  0.82377940008232797        1.7263617459850842     
  0.83085046789419337        1.7411015006478214     
  0.83792153570605876        1.7514231238793463     
  0.84499260351792427        1.7583359225693962     
  0.85206367132978977        1.7625664751020098     
  0.85913473914165528        1.7645850620516019     
  0.86620580695352078        1.7646108989884084     
  0.87327687476538629        1.7627118645274136     
  0.88034794257725180        1.7588845888804183     
  0.88741901038911730        1.7530750743556252     
  0.89449007820098270        1.7451984549524897     
  0.90156114601284809        1.7352074375884607     
  0.90863221382471360        1.7232350219263051     
  0.91570328163657910        1.7096812831213049     
  0.92277434944844461        1.6949582507052643     
  0.92984541726031011        1.6797949075952636     
  0.93691648507217562        1.6651571887723198     
  0.94398755288404113        1.6520730775281018     
  0.95105862069590663        1.6411009591916970     
  0.95812968850777203        1.6324364110181737     
  0.96520075631963753        1.6259919049822456     
  0.97227182413150293        1.6214790366709675     
  0.97934289194336843        1.6185123251027049     
  0.98641395975523394        1.6167154430033970     
  0.99348502756709922        1.6157179118942804     
   1.0005560953789647        1.6152446496631803     
   1.0076271631908302        1.6152660026403867     
   1.0146982310026957        1.6157481737209407     
   1.0217692988145610        1.6163538799578459     
   1.0288403666264267        1.6166573144393406     
   1.0359114344382920        1.6167780208016540     
   1.0429825022501578        1.6173504096478297     
   1.0500535700620230        1.6179799864897371     
   1.0571246378738888        1.6166846273802018     
   1.0641957056857541        1.6128923871403620     
   1.0712667734976196        1.6093497585340844     
   1.0783378413094851        1.6082142588278243     
   1.0854089091213504        1.6081125772526708     
   1.0924799769332161        1.6071927585866987     
   1.0995510447450814        1.6065615690626958     
   1.1066221125569471        1.6093640013859822     
   1.1136931803688124        1.6154943958091241     
   1.1207642481806781        1.6254579752975817     
   1.1278353159925434        1.6242625910450705     
   1.1349063838044089        1.6496206828571289     
   1.1419774516162744        1.5406061169806127     
   1.1490485194281397        1.4911975725835869     
   1.1561195872400054        1.4941482606876586     
   1.1631906550518707        1.4933800735891247     
   1.1702617228637364        1.4923870923575657     
   1.1773327906756017        1.4914797254124359     
   1.1844038584874670        1.4906499431496099     
   1.1914749262993327        1.4899269816163550     
   1.1985459941111980        1.4893053898925319     
   1.2056170619230637        1.4887614744529774     
   1.2126881297349290        1.4882341131275214     
   1.2197591975467945        1.4876561774172650     
   1.2268302653586600        1.4870036636319062     
   1.2339013331705253        1.4863141621266718     
   1.2409724009823910        1.4856538342650425     
   1.2480434687942563        1.4850655921124334     
   1.2551145366061220        1.4845569235964917     
   1.2621856044179873        1.4841248875413511     
   1.2692566722298531        1.4837699243806886     
   1.2763277400417183        1.4834897900847892     
   1.2833988078535841        1.4832719905356921     
   1.2904698756654494        1.4831081374711510     
   1.2975409434773146        1.4830020061885452     
   1.3046120112891804        1.4829514498525191     
   1.3116830791010456        1.4829258556250999     
   1.3187541469129114        1.4828820910398419     
   1.3258252147247767        1.4828083124581455     
   1.3328962825366424        1.4827372736289217     
   1.3399673503485077        1.4827015236067651     
   1.3470384181603734        1.4826825874263831     
   1.3541094859722387        1.4826214391303911     
   1.3611805537841040        1.4824840670632602     
   1.3682516215959697        1.4823077314142248     
   1.3753226894078350        1.4821749514857030     
   1.3823937572197003        1.4821481523117752     
   1.3894648250315660        1.4822264834277548     
   1.3965358928434313        1.4823757746333714     
   1.4036069606552970        1.4825306149124611     
   1.4106780284671623        1.4827390193922283     
