   3.5355339059327377E-003  0.13799999999999726     
   1.0606601717798213E-002  0.13799999999999757     
   1.7677669529663688E-002  0.13799999999999707     
   2.4748737341529166E-002  0.13799999999999679     
   3.1819805153394637E-002  0.13799999999999704     
   3.8890872965260115E-002  0.13799999999999701     
   4.5961940777125593E-002  0.13799999999999676     
   5.3033008588991057E-002  0.13799999999999740     
   6.0104076400856535E-002  0.13799999999999760     
   6.7175144212722027E-002  0.13799999999999690     
   7.4246212024587477E-002  0.13799999999999613     
   8.1317279836452955E-002  0.13799999999999568     
   8.8388347648318433E-002  0.13799999999999596     
   9.5459415460183911E-002  0.13799999999999640     
  0.10253048327204939       0.13799999999999660     
  0.10960155108391487       0.13799999999999651     
  0.11667261889578034       0.13799999999999657     
  0.12374368670764581       0.13799999999999674     
  0.13081475451951130       0.13799999999999663     
  0.13788582233137675       0.13799999999999660     
  0.14495689014324226       0.13799999999999674     
  0.15202795795510771       0.13799999999999693     
  0.15909902576697321       0.13799999999999718     
  0.16617009357883866       0.13799999999999757     
  0.17324116139070411       0.13799999999999751     
  0.18031222920256962       0.13799999999999793     
  0.18738329701443512       0.13799999999999826     
  0.19445436482630057       0.13799999999999846     
  0.20152543263816602       0.13799999999999873     
  0.20859650045003153       0.13799999999999873     
  0.21566756826189698       0.13799999999999896     
  0.22273863607376249       0.13799999999999854     
  0.22980970388562794       0.13799999999999801     
  0.23688077169749344       0.13799999999999757     
  0.24395183950935889       0.13799999999999749     
  0.25102290732122434       0.13799999999999801     
  0.25809397513308985       0.13799999999999821     
  0.26516504294495535       0.13799999999999840     
  0.27223611075682080       0.13799999999999879     
  0.27930717856868625       0.13799999999999918     
  0.28637824638055176       0.13799999999999904     
  0.29344931419241721       0.13799999999999873     
  0.30052038200428266       0.13799999999999801     
  0.30759144981614817       0.13799999999999696     
  0.31466251762801367       0.13799999999999640     
  0.32173358543987918       0.13799999999999621     
  0.32880465325174457       0.13799999999999651     
  0.33587572106361008       0.13799999999999685     
  0.34294678887547558       0.33149205391173120     
  0.35001785668734098       0.70663625025713428     
  0.35708892449920648       0.68904772377456214     
  0.36415999231107199       0.70387787319115147     
  0.37123106012293750       0.70896973711135636     
  0.37830212793480295       0.71817905935851589     
  0.38537319574666840       0.72470641204764430     
  0.39244426355853390       0.72547791242350157     
  0.39951533137039941       0.74941492099701201     
  0.40658639918226480       0.94594432166233744     
  0.41365746699413031        1.1852442091292283     
  0.42072853480599576        1.1793897684898389     
  0.42779960261786121        1.1383129914630088     
  0.43487067042972671        1.1147339560810825     
  0.44194173824159222        1.0755707153945733     
  0.44901280605345772        1.0333029963473410     
  0.45608387386532312       0.98129670448604833     
  0.46315494167718863       0.93487861077273549     
  0.47022600948905413       0.89044782071372430     
  0.47729707730091964       0.86699193157645549     
  0.48436814511278509       0.86183382796442654     
  0.49143921292465054       0.63277042553879470     
  0.49851028073651593       0.55426255400639834     
  0.50558134854838144       0.55051597201816316     
  0.51265241636024694       0.56771505242912457     
  0.51972348417211234       0.59192361114582814     
  0.52679455198397784       0.61961618089485648     
  0.53386561979584335       0.65030269846273336     
  0.54093668760770885       0.68334309555275441     
  0.54800775541957436       0.71781213660978671     
  0.55507882323143987       0.75293184619035758     
  0.56214989104330537       0.78785795835613770     
  0.56922095885517088       0.82170851981526871     
  0.57629202666703627       0.85361385593494643     
  0.58336309447890167       0.88275641045610687     
  0.59043416229076717       0.90847338810213918     
  0.59750523010263268       0.93042884956251681     
  0.60457629791449818       0.94864264507338902     
  0.61164736572636369       0.96335207088022001     
  0.61871843353822897       0.97469946148849118     
  0.62578950135009448       0.98219727008159796     
  0.63286056916195998       0.98470799950722698     
  0.63993163697382549       0.98233493407562489     
  0.64700270478569100       0.97919949221857649     
  0.65407377259755650       0.98051066055538894     
  0.66114484040942201       0.98293940842718808     
  0.66821590822128751       0.97240006737148299     
  0.67528697603315280       0.94921834922917636     
  0.68235804384501830       0.94553816855152317     
  0.68942911165688381       0.97073239498743291     
  0.69650017946874931        1.0030148695007344     
  0.70357124728061482       0.99735739860745054     
  0.71064231509248033       0.93279172379084008     
  0.71771338290434583       0.90902371143823890     
  0.72478445071621134       0.91777559304633094     
  0.73185551852807684       0.94103672065606181     
  0.73892658633994235       0.98287785208391631     
  0.74599765415180774        1.0404284524665059     
  0.75306872196367314        1.1120556975755935     
  0.76013978977553864        1.1939625352696481     
  0.76721085758740415        1.2817254591335536     
  0.77428192539926965        1.3701289082537678     
  0.78135299321113516        1.4537740554230889     
  0.78842406102300067        1.5281258280259167     
  0.79549512883486617        1.5904087456998002     
  0.80256619664673168        1.6399593798135372     
  0.80963726445859707        1.6777824550476805     
  0.81670833227046247        1.7057918445781848     
  0.82377940008232797        1.7261446062826367     
  0.83085046789419337        1.7407779904157221     
  0.83792153570605876        1.7511573599192589     
  0.84499260351792427        1.7582606591705789     
  0.85206367132978977        1.7627313906777733     
  0.85913473914165528        1.7649702563543654     
  0.86620580695352078        1.7651848715867964     
  0.87327687476538629        1.7634706832004283     
  0.88034794257725180        1.7598463216233540     
  0.88741901038911730        1.7542510631141293     
  0.89449007820098270        1.7465665612943098     
  0.90156114601284809        1.7367079706049202     
  0.90863221382471360        1.7247701342885899     
  0.91570328163657910        1.7111138223610278     
  0.92277434944844461        1.6962616809177280     
  0.92984541726031011        1.6809895220032138     
  0.93691648507217562        1.6663291078324010     
  0.94398755288404113        1.6532017414728943     
  0.95105862069590663        1.6421717282114101     
  0.95812968850777203        1.6333900869562377     
  0.96520075631963753        1.6267840037058734     
  0.97227182413150293        1.6220961621538061     
  0.97934289194336843        1.6189877867374725     
  0.98641395975523394        1.6171126395570625     
  0.99348502756709922        1.6161225758232116     
   1.0005560953789647        1.6156822275348688     
   1.0076271631908302        1.6156217304975584     
   1.0146982310026957        1.6159775134328123     
   1.0217692988145610        1.6166952124187741     
   1.0288403666264267        1.6173508634708138     
   1.0359114344382920        1.6174109582861629     
   1.0429825022501578        1.6167902666792084     
   1.0500535700620230        1.6158210195012792     
   1.0571246378738888        1.6142936990686723     
   1.0641957056857541        1.6116668597448891     
   1.0712667734976196        1.6088345648130500     
   1.0783378413094851        1.6071284483384261     
   1.0854089091213504        1.6063583146218177     
   1.0924799769332161        1.6059737918821875     
   1.0995510447450814        1.6068671934565653     
   1.1066221125569471        1.6107804996415596     
   1.1136931803688124        1.6168553494896538     
   1.1207642481806781        1.6267470952460343     
   1.1278353159925434        1.6259081763425529     
   1.1349063838044089        1.6461521855588297     
   1.1419774516162744        1.5216809209115576     
   1.1490485194281397        1.4914071210108184     
   1.1561195872400054        1.4939216470861520     
   1.1631906550518707        1.4930193059270032     
   1.1702617228637364        1.4920976790291653     
   1.1773327906756017        1.4912263423689645     
   1.1844038584874670        1.4903511965800678     
   1.1914749262993327        1.4894627307829840     
   1.1985459941111980        1.4885823545514432     
   1.2056170619230637        1.4877599017743950     
   1.2126881297349290        1.4870283140811342     
   1.2197591975467945        1.4863779363655047     
   1.2268302653586600        1.4857702223708755     
   1.2339013331705253        1.4851795075098515     
   1.2409724009823910        1.4846134732895173     
   1.2480434687942563        1.4841107311396100     
   1.2551145366061220        1.4837112682823863     
   1.2621856044179873        1.4834431290946146     
   1.2692566722298531        1.4833189888969103     
   1.2763277400417183        1.4833259427223715     
   1.2833988078535841        1.4834052432047820     
   1.2904698756654494        1.4834637925594005     
   1.2975409434773146        1.4834269055250757     
   1.3046120112891804        1.4832979417876191     
   1.3116830791010456        1.4831580858903379     
   1.3187541469129114        1.4830875886826680     
   1.3258252147247767        1.4830840842790480     
   1.3328962825366424        1.4830643984884500     
   1.3399673503485077        1.4829469657251348     
   1.3470384181603734        1.4827214334548837     
   1.3541094859722387        1.4824445606789074     
   1.3611805537841040        1.4821794269959021     
   1.3682516215959697        1.4819573547621121     
   1.3753226894078350        1.4817891003745141     
   1.3823937572197003        1.4816877942866467     
   1.3894648250315660        1.4816671259358367     
   1.3965358928434313        1.4817138660824956     
   1.4036069606552970        1.4817822352455909     
   1.4106780284671623        1.4818298900778442     
