   1.2500000000000000E-003  0.53146524122301186       0.64058529314453250       -1.6388627596439806E-004   1.1357091875960124        1.4105424161337410     
   3.7499999999999999E-003  0.53146804412164328       0.64058703017160656       -1.6203243193967838E-004   1.1357147585495051        1.4105453518846878     
   6.2499999999999995E-003  0.53147279341566278       0.64058883371965969       -1.5689211105996908E-004   1.1357229065036907        1.4105504817775565     
   8.7500000000000008E-003  0.53147951250302794       0.64058986005243113       -1.5380412639617459E-004   1.1357325219070078        1.4105575982159972     
   1.1250000000000001E-002  0.53149798237460155       0.64059808269047458       -1.4637892927438250E-004   1.1357654390326841        1.4105771118301822     
   1.3750000000000000E-002  0.53152521576702960       0.64061567404106090       -1.4509273135480323E-004   1.1358207149503925        1.4106061594767674     
   1.6250000000000001E-002  0.53151952191557428       0.64061004985032699       -1.4698884246433530E-004   1.1358069091631873        1.4106002679096494     
   1.8749999999999999E-002  0.53140063999097076       0.64058157950531092       -1.6360255369016907E-004   1.1356240673906641        1.4104738190129589     
   2.1249999999999998E-002  0.53127559487031761       0.64055337144098212       -1.9450099058788192E-004   1.1354340652633648        1.4103411127217442     
   2.3750000000000000E-002  0.53123441873205035       0.64052710815007785       -2.0476538314490321E-004   1.1353507135812788        1.4102967878595773     
   2.6249999999999999E-002  0.53124746499513309       0.64053049928342221       -2.2091209767287042E-004   1.1353711978260104        1.4103108547719210     
   2.8749999999999998E-002  0.53127500748408796       0.64051531226174852       -2.6117280186292241E-004   1.1353871133090720        1.4103398086285983     
   3.1250000000000000E-002  0.53121097637743531       0.64049187827283405       -2.7040301084651591E-004   1.1352792971989898        1.4102724144276098     
   3.3750000000000002E-002  0.53116061520629088       0.64052197929686228       -2.4524339844191452E-004   1.1352539339114056        1.4102211382995269     
   3.6249999999999998E-002  0.53115121590113812       0.64054980887393387       -2.2706262795542671E-004   1.1352761628609425        1.4102119076495414     
   3.8750000000000000E-002  0.53121055047782084       0.64060354049672796       -2.0297801824051897E-004   1.1354154690317919        1.4102758926584982     
   4.1250000000000002E-002  0.53139922328257505       0.64072750070852069       -1.6406778219707607E-004   1.1358015023550354        1.4104784882219994     
   4.3749999999999997E-002  0.53144690966519748       0.64078142263129079       -1.6415558478075610E-004   1.1359265906378222        1.4105301871634250     
   4.6249999999999999E-002  0.53134646660111251       0.64077641771067884       -2.1415939211805884E-004   1.1357975179393973        1.4104278021398486     
   4.8750000000000002E-002  0.53124941448310214       0.64074861749680079       -2.8135839440469488E-004   1.1356460210835821        1.4103304898880118     
   5.1249999999999997E-002  0.53122936852650482       0.64072679338643601       -3.3375235666333481E-004   1.1355966905775734        1.4103128937206502     
   5.3749999999999999E-002  0.53127646954427477       0.64073270912776104       -3.6589321806486537E-004   1.1356637607470947        1.4103651148868930     
   5.6250000000000001E-002  0.53137265027491154       0.64076350753379108       -3.8128890950747056E-004   1.1358215794075506        1.4104685351387265     
   5.8749999999999997E-002  0.53143879193196208       0.64078801576037159       -3.9711209530609367E-004   1.1359353461598070        1.4105419144038684     
   6.1249999999999999E-002  0.53141583582443197       0.64080075543017756       -4.1590744291365944E-004   1.1359227239076413        1.4105187572367350     
   6.3750000000000001E-002  0.53133038177096958       0.64077400591558686       -4.0416361649289550E-004   1.1357838124725681        1.4104279574462812     
   6.6250000000000003E-002  0.53133115338510206       0.64076476065146726       -3.7890739140475967E-004   1.1357736020095193        1.4104287676098859     
   6.8750000000000006E-002  0.53142685501194364       0.64078111264524007       -3.6249673026495736E-004   1.1359121875259830        1.4105294005116480     
   7.1249999999999994E-002  0.53146899925144908       0.64077194291010520       -3.9658489205358612E-004   1.1359560636661330        1.4105785021013162     
   7.3749999999999996E-002  0.53134959848953600       0.64056564315167897       -4.9383814970622715E-004   1.1355570750311537        1.4104492019027099     
   7.6249999999999998E-002  0.53132232581414907       0.64049060387526857       -4.8503666288655641E-004   1.1354270074135142        1.4104097729529568     
   7.8750000000000001E-002  0.53134950644783230       0.64047188523945375       -4.6667621130069825E-004   1.1354347666882874        1.4104318879442423     
   8.1250000000000003E-002  0.53140870744009705       0.64048994596687669       -3.7575259146275706E-004   1.1355222438795458        1.4104794685655124     
   8.3750000000000005E-002  0.53140885270484317       0.64055078286410927       -2.4397297688628816E-004   1.1355749734586591        1.4104406638026645     
   8.6250000000000007E-002  0.53144162537327744       0.64067148823702980       -7.3932548746703320E-005   1.1357439507173006        1.4104427531498762     
   8.8749999999999996E-002  0.53145876090996080       0.64075225498217536        2.4575821626220904E-005   1.1358405781947467        1.4104193166807311     
   9.1249999999999998E-002  0.53152571030835172       0.64084851635088602        1.4618372458438382E-004   1.1360239772497092        1.4104598671770943     
   9.3750000000000000E-002  0.53163119712957729       0.64109404690520067        1.2481401865912633E-004   1.1364299496232066        1.4105310066590580     
   9.6250000000000002E-002  0.53175747299235532       0.64132434484326850        1.9643847964654495E-004   1.1369009388211437        1.4107321216379967     
   9.8750000000000004E-002  0.53323297776756418       0.64286106468063042        1.0712234184694050E-003   1.1404217606668785        1.4119659645101266     
  0.10125000000000001       0.53548824702259479       0.64288778824615267        5.1850245269643479E-003   1.1484986341083889        1.4240455181565808     
  0.10375000000000000       0.57811777413104593       0.65998974345344907        1.3681255952702299E-002   1.2041271783891303        1.4309145921374329     
  0.10625000000000000       0.97190699758871812       0.73806681775154459       0.40649667186628069        2.1843711142113182        1.8717006918792889     
  0.10875000000000000        1.0569098162456942       0.71144788102473033       0.44705902929147678        2.3754873772649070        1.9315606719787288     
  0.11125000000000000        1.0522251992512275       0.69892145850263931       0.44514446735389085        2.3540895126300914        1.9271609047007163     
  0.11375000000000000        1.0467156846752781       0.70305356312365852       0.44564859375283988        2.3402191324528379        1.9195639243394180     
  0.11625000000000001        1.0436581758818728       0.70342600965728597       0.44110548296405749        2.3324174963061308        1.9183919770339357     
  0.11874999999999999        1.0405006278989635       0.70390138684298120       0.43460501225201087        2.3225781106262211        1.9161139992790779     
  0.12125000000000000        1.0411049621573449       0.70172469896786860       0.43466932206862330        2.3200806478215790        1.9141718469976374     
  0.12375000000000000        1.0362878269366718       0.69887916117082216       0.43458242378674694        2.3140125816991421        1.9176371596914303     
  0.12625000000000000        1.0301467190107347       0.69623835941804868       0.42862449546607639        2.3017648689662602        1.9194475866644243     
  0.12875000000000000        1.0283718672272735       0.69703053511680568       0.42400122515419369        2.2894588542872514        1.9115911911832837     
  0.13125000000000001        1.0227329924959863       0.69496227161449120       0.42243472902668916        2.2775505136414989        1.9107525214986614     
  0.13375000000000001        1.0192050209773200       0.68972428657201190       0.41964026219105965        2.2643637234701215        1.9079538040467061     
  0.13625000000000001        1.0138855530807276       0.67836597278262056       0.41225633171564308        2.2432222869655689        1.9060035113714155     
  0.13875000000000001       0.99562008777757516       0.64201847248939958       0.38790007403653481        2.2057003421121335        1.9315958606121064     
  0.14125000000000001       0.95977731694050439       0.56363967975580220       0.34145674216232524        2.1444908164409879        1.9986402634642537     
  0.14374999999999999       0.89405568914860789       0.43862593797364158       0.27606813676429437        2.0587026214593869        2.1346374150090779     
  0.14624999999999999       0.81390072744145359       0.28525171623690226       0.19576965701877330        1.9696298561736212        2.3296435636390345     
  0.14874999999999999       0.74084191737804361       0.12909226767362311       0.11366265374193266        1.9055048315158221        2.5451291376580594     
  0.15125000000000000       0.68512116285817326       -3.6817819233041591E-003   4.1102061657920630E-002   1.8747418298673459        2.7345513947291518     
  0.15375000000000000       0.65241165671686407       -9.9510494752645839E-002  -1.3102495725839962E-002   1.8598218909944007        2.8388537753608114     
  0.15625000000000000       0.63860507333954208      -0.15638698438768014       -4.5270433459492672E-002   1.8641686519351204        2.8866281336058388     
  0.15875000000000000       0.62338520572295930      -0.17444657504645811       -6.1191019782487602E-002   1.8710988140831746        2.9575408846665718     
  0.16125000000000000       0.62143386603737849      -0.17261308663141295       -6.5926496959974420E-002   1.8796987270536796        2.9805725516435806     
  0.16375000000000001       0.62950131958231559      -0.16508786821724586       -6.8276118808564046E-002   1.8773759777021690        2.9420526804702281     
  0.16625000000000001       0.63530287275845221      -0.15561546938511492       -6.0884927917633683E-002   1.8780633012042804        2.9215782446249454     
  0.16875000000000001       0.64174695747647748      -0.14984243919691637       -5.3161532794296376E-002   1.8787205389945498        2.8968195853824859     
  0.17125000000000001       0.64344291190749137      -0.14500940985378200       -4.7202083304635239E-002   1.8771099032873406        2.8892051147543181     
  0.17375000000000002       0.64332960723624477      -0.14289442237947717       -3.7918232204843139E-002   1.8724892668030853        2.8842169648199549     
  0.17624999999999999       0.64141075819501558      -0.14218519127697585       -3.2245921687473408E-002   1.8673543443852096        2.8854899326823227     
  0.17874999999999999       0.63974254652998364      -0.14262747883565519       -2.6941472565835803E-002   1.8608022991321538        2.8829346522829744     
  0.18124999999999999       0.63832435026170398      -0.14383735412049251       -2.2172941865776084E-002   1.8568620594974621        2.8829718021364732     
  0.18375000000000000       0.63721789115300187      -0.14519601978973581       -1.8971873601253492E-002   1.8539859563368861        2.8830976434791729     
  0.18625000000000000       0.63580927152647471      -0.14591478854201673       -1.7188884604068623E-002   1.8495393704726255        2.8822538100905781     
  0.18875000000000000       0.63334052961874465      -0.14490469329379366       -1.4837388951281373E-002   1.8400550242506384        2.8788691975457583     
  0.19125000000000000       0.63003693166972496      -0.14222239068182069       -1.2887353180094315E-002   1.8269963021311992        2.8741364311326101     
  0.19375000000000001       0.62635348205582830      -0.13804206747229411       -1.1601731505923370E-002   1.8123925925754585        2.8691045046984009     
  0.19625000000000001       0.62276629519162174      -0.13196571169796756       -9.6346031388995328E-003   1.7979441696216991        2.8644577057601888     
  0.19875000000000001       0.61956987338051739      -0.12473523451772779       -6.6498364189075060E-003   1.7845413882219638        2.8599671874057675     
  0.20125000000000001       0.61720310591929728      -0.11808553336594366       -4.5058183297930834E-003   1.7740883014874145        2.8560704921036901     
  0.20375000000000001       0.61547427479066896      -0.11223043649600875       -2.7155919950446099E-003   1.7657753144883366        2.8523317769497871     
  0.20625000000000002       0.61387783808511887      -0.10662884309321817       -7.5380916007724565E-004   1.7575072055973304        2.8478730949117419     
  0.20874999999999999       0.61223392966193568      -0.10093140341139728        1.3482131833048266E-003   1.7488122661911170        2.8428531056476349     
  0.21124999999999999       0.61052401260079803       -9.5049014422917646E-002   4.1039652619483131E-003   1.7399095562870044        2.8377212141370465     
  0.21375000000000000       0.60864435171076248       -8.9111190419926697E-002   7.6842872329114260E-003   1.7308339866787898        2.8329551083916322     
  0.21625000000000000       0.60655227832164482       -8.3366559069929819E-002   1.1680085235056566E-002   1.7216641020641787        2.8288123153740012     
  0.21875000000000000       0.60423998571406157       -7.8338910435576226E-002   1.5295660246006076E-002   1.7120182217528854        2.8246167053821103     
  0.22125000000000000       0.60203422444582078       -7.4471307221490868E-002   1.7804330765208716E-002   1.7022892263284792        2.8194741394916814     
  0.22375000000000000       0.60016458952618790       -7.1328239393024684E-002   1.9670571433069432E-002   1.6931247442591386        2.8135011916294528     
  0.22625000000000001       0.59865787357111178       -6.7872256439874157E-002   2.1627884682763526E-002   1.6849567360989375        2.8074776199252138     
  0.22875000000000001       0.59728135436347141       -6.3361686182531268E-002   2.3789364011641740E-002   1.6773228150740886        2.8018424324027071     
  0.23125000000000001       0.59556909108250222       -5.7858444054570933E-002   2.5996932181585768E-002   1.6689896896064327        2.7966728012404012     
  0.23375000000000001       0.59318792351054606       -5.1781675214330358E-002   2.8147364816692687E-002   1.6589339880713350        2.7917056304752670     
  0.23625000000000002       0.59014446940171028       -4.5563640800406265E-002   2.9981790047837981E-002   1.6469758874574825        2.7865301518749770     
  0.23874999999999999       0.58694843073453540       -3.9506585025234423E-002   3.1035799743306964E-002   1.6343707218054777        2.7808586584168373     
  0.24124999999999999       0.58408898672202691       -3.3412867565793439E-002   3.1303138711645043E-002   1.6224342642261833        2.7746452882855990     
  0.24374999999999999       0.58150875036236171       -2.6754395452548554E-002   3.0733511423184444E-002   1.6112600319670705        2.7683717768952079     
  0.24625000000000000       0.57877630230804700       -1.9509965773796201E-002   2.9999012377251368E-002   1.5999166621680190        2.7623977932074406     
  0.24875000000000000       0.57561447682237021       -1.2282096637612136E-002   3.0030123991423730E-002   1.5876499857665316        2.7565943384282012     
  0.25125000000000003       0.57211315715216016       -5.6787119050283937E-003   3.0406138691615618E-002   1.5745229511084373        2.7506564912774212     
  0.25375000000000003       0.56868823570493499        1.6481259870313651E-004   3.0668123274286745E-002   1.5613528661289759        2.7440798166365235     
  0.25625000000000003       0.56566946257262951        5.6926622711427214E-003   3.0756333439587967E-002   1.5489131866557246        2.7366660387583805     
  0.25875000000000004       0.56314748129454006        1.1502960719395361E-002   3.0521933643901641E-002   1.5376759850046580        2.7288258025902619     
  0.26125000000000004       0.56103310189368283        1.7885204347943738E-002   3.0173285495175329E-002   1.5275908024196467        2.7208632272221478     
  0.26375000000000004       0.55909246703248927        2.4587914634324415E-002   3.0153852202789374E-002   1.5180297570859991        2.7127461506188806     
  0.26625000000000004       0.55707481998739838        3.1103336425124421E-002   3.0176658610067669E-002   1.5081938184497554        2.7043192954054933     
  0.26875000000000004       0.55485127084380048        3.7137475418898162E-002   2.9772195407168026E-002   1.4976729553521937        2.6955536152562645     
  0.27125000000000005       0.55242347151222382        4.2678479761664570E-002   2.9019696192756600E-002   1.4866224611314420        2.6867280449922739     
  0.27375000000000005       0.54987559136914810        4.7927660035664010E-002   2.7925487496227794E-002   1.4756174891898071        2.6784598254362466     
  0.27625000000000005       0.54728387133015466        5.3280243279217758E-002   2.6393094167093366E-002   1.4650554909466218        2.6710554342846922     
  0.27875000000000005       0.54471525699326284        5.9106419076724634E-002   2.4380713880503516E-002   1.4550709716374495        2.6643618749663718     
  0.28125000000000006       0.54229723462604162        6.5404279725118156E-002   2.1990263458532749E-002   1.4458618623360571        2.6580846119478179     
  0.28375000000000006       0.54038735226590306        7.1561690073695602E-002   1.9242528325328852E-002   1.4384004914656279        2.6523928556472951     
  0.28625000000000006       0.53961087273142294        7.6536748582492722E-002   1.5955929993659843E-002   1.4346899890361038        2.6482531941905609     
  0.28875000000000001       0.54057788977731691        7.9432003116607003E-002   1.1888793042906994E-002   1.4368564880369412        2.6469634623097429     
  0.29125000000000001       0.54325391609988838        8.0234877025554735E-002   7.0554481129428597E-003   1.4449440985661899        2.6488041218299259     
  0.29375000000000001       0.54656487102425211        8.0112378260588563E-002   1.8811375125825488E-003   1.4554326165696190        2.6521246557265235     
  0.29625000000000001       0.54903801775358230        8.0630722999419924E-002  -3.0674927549911250E-003   1.4633413900450476        2.6544831747335591     
  0.29875000000000002       0.55005234317217910        8.2369581521670357E-002  -7.6983170870029436E-003   1.4665804435183269        2.6549458875768699     
  0.30125000000000002       0.55027105366310414        8.4537659455721226E-002  -1.2516934866169286E-002   1.4675164046437763        2.6548376681498405     
  0.30375000000000002       0.55081860030664442        8.5908964584898911E-002  -1.8119055961102571E-002   1.4700756726720572        2.6561888480601459     
  0.30625000000000002       0.55242642258319319        8.5802772409422357E-002  -2.4637113303762549E-002   1.4767602274887677        2.6601685742318244     
  0.30875000000000002       0.55524942290551349        8.4246624620749569E-002  -3.1943761480315018E-002   1.4880600027618209        2.6668192808795856     
  0.31125000000000003       0.55894229182113619        8.1751947343226508E-002  -3.9805655831783006E-002   1.5027155279738402        2.6752663964809353     
  0.31375000000000003       0.56275072490082689        7.9049545238482469E-002  -4.7981529417002740E-002   1.5179744991368875        2.6839182582071484     
  0.31625000000000003       0.56601683402761238        7.6533793565261715E-002  -5.6091471725038873E-002   1.5313407583373633        2.6914168042751596     
  0.31875000000000003       0.56882972927479059        7.3769460304203005E-002  -6.3862132837915656E-002   1.5429923242749009        2.6978618015981439     
  0.32125000000000004       0.57175041425101780        7.0007652585960575E-002  -7.1234381682007991E-002   1.5549196397321432        2.7043199830548432     
  0.32375000000000004       0.57472475023541270        6.5492454697187064E-002  -7.8257642763703228E-002   1.5670264539952898        2.7108052708066661     
  0.32625000000000004       0.57695274621123527        6.1498358419709021E-002  -8.4804505632099958E-002   1.5765219896588494        2.7160141225865697     
  0.32875000000000004       0.57820620342876372        5.8538027127371273E-002  -9.0788352197851654E-002   1.5826506564940583        2.7197213751539415     
  0.33125000000000004       0.57943434475718514        5.5420524468905288E-002  -9.6574685565077256E-002   1.5888344493838900        2.7235803482318750     
  0.33375000000000005       0.58163963613453551        5.0767785152244574E-002 -0.10272333027848961        1.5983769999313475        2.7286490055946198     
  0.33625000000000005       0.58474624900080585        4.4462021848058045E-002 -0.10954455751554634        1.6104715647006220        2.7336991573667073     
  0.33875000000000005       0.58793049650343254        3.7389654855186666E-002 -0.11670381568805860        1.6222351974249833        2.7375063675060947     
  0.34125000000000005       0.59018871110938786        3.0089594447773073E-002 -0.12322549743624177        1.6315481480905494        2.7413553719664714     
  0.34375000000000006       0.59096898873889170        2.2953145979037321E-002 -0.12946151474638537        1.6388122482909224        2.7483441427252155     
  0.34625000000000006       0.59034976416579321        1.7000796651024361E-002 -0.13615919095180259        1.6446561092775693        2.7588887654381935     
  0.34875000000000006       0.58874166806414963        1.2334780064684567E-002 -0.14292642513786813        1.6473591428651950        2.7684147117024849     
  0.35125000000000001       0.58667939635545863        7.3076412117628392E-003 -0.14945566686897260        1.6474745164346993        2.7756083050714007     
  0.35375000000000001       0.58538131017340111       -2.9543794102666806E-004 -0.15379201875065635        1.6481399263906389        2.7809867171503888     
  0.35625000000000001       0.58619751564080536       -9.3609970472541670E-003 -0.15678931578418401        1.6539175385660381        2.7855367137702354     
  0.35875000000000001       0.58869865426582024       -1.6994546648078843E-002 -0.16182342866332594        1.6640766351614988        2.7885065560134930     
  0.36125000000000002       0.59220209312821326       -2.4775294929129110E-002 -0.16870140826515845        1.6756820920413542        2.7881271686386437     
  0.36375000000000002       0.59557325663188776       -3.4185512940409536E-002 -0.17308005759647249        1.6861787755846880        2.7873115049184864     
  0.36625000000000002       0.59658200474782008       -4.2168473249843734E-002 -0.17674885711056670        1.6933502024033309        2.7920340602735281     
  0.36875000000000002       0.59453745685501536       -4.7070647056651468E-002 -0.18239872606576704        1.6969248221876685        2.8039988493511889     
  0.37125000000000002       0.59173808788369964       -5.3718471244410509E-002 -0.18664749784943535        1.7021574417388230        2.8226723336688750     
  0.37375000000000003       0.59151186962067204       -6.4829014262425766E-002 -0.18943750998035230        1.7143319056198392        2.8409314912019155     
  0.37625000000000003       0.59496186916593830       -7.7856928303240050E-002 -0.19325896167904971        1.7291578092319948        2.8450157161453418     
  0.37875000000000003       0.60082472093809491       -9.1006820707107111E-002 -0.19460999075194940        1.7417788150163878        2.8350512385231088     
  0.38125000000000003       0.60536548595335071       -9.9955828519268930E-002 -0.19578507297433270        1.7528211944909491        2.8295451474557995     
  0.38375000000000004       0.60712131807537517      -0.10509645174983338      -0.20058935244826304        1.7652543046302833        2.8380177948212806     
  0.38625000000000004       0.60827962615594400      -0.11381822606012044      -0.21084999192206993        1.7826161905893678        2.8530033745359709     
  0.38875000000000004       0.61161110838292010      -0.12758754524481822      -0.21695144711286507        1.8043495730892634        2.8654858540600343     
  0.39125000000000004       0.61591733859011077      -0.14033038568756828      -0.21492217497819094        1.8216523983227695        2.8707875376713332     
  0.39375000000000004       0.61946135651837808      -0.14887586818834261      -0.21461207572734728        1.8333271143794647        2.8706572532708945     
  0.39625000000000005       0.62118366126932090      -0.15456005690194236      -0.22314727427318132        1.8436371698291290        2.8724648093168366     
  0.39875000000000005       0.62315918592107877      -0.16087570312051785      -0.23376006059730658        1.8557486246592241        2.8742872810028532     
  0.40125000000000005       0.62563499169392656      -0.16790616128544830      -0.23967498407213295        1.8668131191222488        2.8744769957908800     
  0.40375000000000005       0.62639778743874874      -0.17321471243896500      -0.24557410051807482        1.8725654206027320        2.8743375144332530     
  0.40625000000000006       0.62602911935900385      -0.17801644052328064      -0.25258486314907092        1.8754447501930802        2.8739544213602906     
  0.40875000000000006       0.62726347132124094      -0.18663236736239094      -0.25701832641075484        1.8862131852956110        2.8788419342279408     
  0.41125000000000006       0.63126084934137194      -0.20144414388210735      -0.26243854252712151        1.9154996153774184        2.8970671667594350     
  0.41375000000000006       0.63669226873428320      -0.21867258135206111      -0.27347431157925267        1.9576967394364948        2.9235681805024005     
  0.41625000000000001       0.64150752986638193      -0.23136048570725443      -0.28488747404220505        1.9917157340567164        2.9410996696952667     
  0.41875000000000001       0.64479218066137201      -0.23717611003668820      -0.29027236174263649        2.0055671751134532        2.9414270485721348     
  0.42125000000000001       0.64888657530063909      -0.24062875199625730      -0.29438422121127999        2.0101339349093235        2.9261505968944448     
  0.42375000000000002       0.65634721261301465      -0.24818200725549600      -0.30446031317677258        2.0243330373213122        2.9051633468287603     
  0.42625000000000002       0.66513563790697938      -0.26251278224289165      -0.32041065219953108        2.0617902635786902        2.9058916547909508     
  0.42875000000000002       0.67109811379507889      -0.28263961662592885      -0.33667107166288435        2.1167267455242884        2.9395989328929923     
  0.43125000000000002       0.67613478251526982      -0.30847611331615776      -0.35553521448980446        2.1768138391256873        2.9771707468125284     
  0.43375000000000002       0.68301456468464417      -0.33571575963270750      -0.37691588145553068        2.2284147319045786        2.9895558365740840     
  0.43625000000000003       0.68701034728629462      -0.35971109436281512      -0.39460043397234534        2.2632974191461019        2.9923902106822635     
  0.43875000000000003       0.68707560002664336      -0.38408128541953573      -0.42090411927464344        2.2925784737680384        2.9928331708052602     
  0.44125000000000003       0.68868382537076878      -0.40311709240746152      -0.45076976486722942        2.3252275854894151        2.9908114586699694     
  0.44375000000000003       0.69854498186245106      -0.44026222909342161      -0.48106141060672403        2.3974000681785199        2.9962518968782450     
  0.44625000000000004       0.71326940974947584      -0.50677828042583672      -0.49938551825932925        2.4892249979759824        2.9923798653165510     
  0.44875000000000004       0.77572422600186963      -0.61110761707584338      -0.58361571112147093        2.6292026063341023        2.7960309609374714     
  0.45125000000000004       0.95353804389975128      -0.81982005643579003      -0.79612902132819452        2.8499689224449796        2.2706902739227823     
  0.45375000000000004        1.1011787246835962       -1.0017672594788125      -0.95914193532314196        2.9895329482497646        1.9217178301435611     
  0.45625000000000004        1.1028104766105562       -1.0665377466867820      -0.97104194750923689        3.0479817105371256        1.9085272370622499     
  0.45875000000000005        1.0611259152856378       -1.0760158964738784      -0.94880881910359227        3.0437349475543889        1.9545158856552420     
  0.46125000000000005        1.0448821261129200       -1.1087242939377853      -0.95044170582623955        3.0483247948144889        1.9407190094072273     
  0.46375000000000005        1.0396902362639153       -1.1393359172333404      -0.96392734650594192        3.0576555394816998        1.9107104134561228     
  0.46625000000000005        1.0350291498561481       -1.1610135555983474      -0.99508564275094391        3.0920313681376399        1.8961042068879301     
  0.46875000000000006        1.0234556525948153       -1.1663798382745649       -1.0296986970815702        3.1140552117715870        1.8871689253544504     
  0.47125000000000006        1.0136925316590930       -1.1634346290347062       -1.0449087820228322        3.1098347792673020        1.8779297319763055     
  0.47375000000000006        1.0025171209538766       -1.1556275751925713       -1.0574724577481658        3.1078237192118463        1.8793121227200540     
  0.47625000000000006       0.99498505969856421       -1.1464470430656151       -1.0618895752082407        3.0997958912241135        1.8821054119543639     
  0.47875000000000001       0.99294717000614552       -1.1318688371377690       -1.0709515667395937        3.0987895402247969        1.8894602404220471     
  0.48125000000000001       0.99408332385518605       -1.1177744154472256       -1.0810831222128434        3.1029432527176963        1.8978959940691047     
  0.48375000000000001       0.99189997767976046       -1.1101758596648121       -1.0775676324422201        3.0918930543510612        1.9006940539621364     
  0.48625000000000002       0.99325618311173525       -1.1032930832357679       -1.0765757270036800        3.0876222100715043        1.9042617708547001     
  0.48875000000000002        1.0024150908877423       -1.1017637789476920       -1.0840973673953644        3.1083467737906685        1.9120318368907141     
  0.49125000000000002        1.0101462113070525       -1.1014479007567433       -1.0891889035624018        3.1249867082713534        1.9178188884768472     
  0.49375000000000002        1.0165786288130130       -1.1014941312076154       -1.0915904110916936        3.1368800660204132        1.9221928044204517     
  0.49625000000000002        1.0245482548439271       -1.1020786556355064       -1.0963517709528687        3.1546600279199453        1.9279992625435813     
  0.49875000000000003        1.0306247164574924       -1.1020390292177962       -1.1020390292177831        3.1701156732916433        1.9325306686256607     
  0.50125000000000008        1.0277989976545452       -1.0996183862306006       -1.1052819340076652        3.1670545561791670        1.9308477319674722     
  0.50375000000000003        1.0135953353404219       -1.0946495827499749       -1.1040469044669419        3.1390548862844310        1.9205662823696021     
  0.50625000000000009       0.99727139691470812       -1.0901669291170650       -1.0999141503433705        3.1054623487910629        1.9082507492243168     
  0.50875000000000004       0.98592065747658997       -1.0877327590793171       -1.0960107652939104        3.0817703976583632        1.8992848941636642     
  0.51124999999999998       0.96420365737567282       -1.0824055652889959       -1.0855918573922470        3.0330536650765847        1.8817327842617833     
  0.51375000000000004       0.93643881964263820       -1.0737493595801775       -1.0734568552583332        2.9721186258695775        1.8594489233369649     
  0.51624999999999999       0.92592199907138883       -1.0711209134833981       -1.0689124578621059        2.9520165424564473        1.8527256279980853     
  0.51875000000000004       0.92617498997222381       -1.0735849849044068       -1.0701292050138695        2.9595283461959583        1.8560973545894714     
  0.52124999999999999       0.92562128546116407       -1.0749323416626562       -1.0702795529057805        2.9645292919646087        1.8599316302593112     
  0.52375000000000005       0.92525463294126564       -1.0760880835420732       -1.0703210069944300        2.9718092808108905        1.8665006507197890     
  0.52625000000000000       0.92553375975362440       -1.0786602430331822       -1.0639214504046515        2.9744423855255171        1.8739255000442536     
  0.52875000000000005       0.92940448463146552       -1.0861956815343601       -1.0547565136819084        2.9755060879991535        1.8746193719447510     
  0.53125000000000000       0.94030026912505416       -1.1064340662652259       -1.0534498399498240        2.9925068418339826        1.8626379543210394     
  0.53375000000000006       0.95469565740904117       -1.1332690233198437       -1.0597386700360687        3.0265055335972448        1.8495044118417321     
  0.53625000000000000       0.96806437679036228       -1.1612431043819946       -1.0697967504951484        3.0653524853342713        1.8364037004029772     
  0.53875000000000006       0.97649126209976167       -1.1774230655712097       -1.0683071816488197        3.0914631170956577        1.8405026828408306     
  0.54125000000000001       0.94742533945023477       -1.1210214767246494       -1.0079005648148618        3.0186249273564023        1.9202506986359080     
  0.54375000000000007       0.89311427781011232       -1.0087911965330685      -0.91244416314391896        2.8666317909165828        2.0499171131486671     
  0.54625000000000001       0.84357555710191834      -0.90052657781997114      -0.82757701065263389        2.7407359576987380        2.1979463248124240     
  0.54875000000000007       0.80114325442246304      -0.79213207535366847      -0.75022712766540578        2.6355115491147210        2.3624076485233738     
  0.55125000000000002       0.75664701779045274      -0.68543290827277359      -0.65849719500058912        2.4962043405696024        2.5100266113351939     
  0.55375000000000008       0.71837526749498593      -0.60108909035396529      -0.57389059763859629        2.3613409400127656        2.6178966672977624     
  0.55625000000000002       0.69104314708786108      -0.54311517905774265      -0.49583607958842557        2.2541509052410618        2.6956905734517416     
  0.55875000000000008       0.68628117502799402      -0.52682608981381307      -0.45022169039325366        2.2291011558300666        2.7382530929692757     
  0.56125000000000003       0.68545660926804441      -0.50823380141051877      -0.39557134808467320        2.2160883608842603        2.7916167691760223     
  0.56375000000000008       0.68197590490120852      -0.45978802730618840      -0.29196756787534339        2.1565129079400807        2.8432380179262995     
  0.56625000000000003       0.67563637661293308      -0.40093612004754114      -0.22803260944533371        2.1194957029244974        2.9040066779585785     
  0.56875000000000009       0.66710063137389830      -0.36181670200003507      -0.22173930910955561        2.1067966097475441        2.9558130232082753     
  0.57125000000000004       0.67337446832777825      -0.34860710467764111      -0.24811994262854978        2.1243834798621974        2.9529387385241082     
  0.57375000000000009       0.67732161063655927      -0.33336244811862620      -0.26156971640827364        2.1232503879435924        2.9390865347575184     
  0.57625000000000004       0.67466771475847476      -0.31747316369782896      -0.26140886119918239        2.1166316981119877        2.9515168177088542     
  0.57874999999999999       0.67459909422543984      -0.31020312740709294      -0.26303303200383032        2.1144219470575258        2.9526002572597574     
  0.58125000000000004       0.67763746432784733      -0.30993278559824589      -0.26606818572936802        2.1154097312599554        2.9400643163421365     
  0.58374999999999999       0.67897946255750763      -0.31070288089993037      -0.26581275947713334        2.1123871268349448        2.9297889657787031     
  0.58625000000000005       0.67494587423210139      -0.30946181569393727      -0.26634255399531376        2.1053128235188066        2.9362617545112921     
  0.58875000000000000       0.66602680015980043      -0.30489332773680411      -0.27279581709941397        2.0986154569433335        2.9622857964711238     
  0.59125000000000005       0.66994915664708443      -0.30452675200219115      -0.28643468103249137        2.0949037097358900        2.9322522968238220     
  0.59375000000000000       0.71505926322378244      -0.32393703755638342      -0.28942917371851823        2.0879975727204680        2.7355038325113870     
  0.59625000000000006       0.78976235467162526      -0.36264431169168743      -0.24755078440670958        2.0701207858531157        2.4666453424244530     
  0.59875000000000000       0.83032717608743289      -0.39534092844105417      -0.15326705592765866        2.0545378172984821        2.3439870297959611     
  0.60125000000000006       0.80280870695284934      -0.40900832683671873       -3.9704077683185852E-002   2.0597314496263581        2.4346529063959945     
  0.60375000000000001       0.78261505750583615      -0.43502730351285623        8.2578001675486096E-002   2.1016348168189305        2.5253414503102398     
  0.60625000000000007       0.86723866403072791      -0.51680128054882735       0.26519363342172719        2.2048112692614685        2.3180231924361379     
  0.60875000000000001        1.0135814800220742      -0.63244069848691487       0.49078027960144016        2.3867343773010679        2.0428595707639086     
  0.61125000000000007        1.1024352169874474      -0.70693070926042501       0.62829379819175324        2.5508612764740626        1.9458437103420487     
  0.61375000000000002        1.1243960913161750      -0.72316714822799888       0.63477790973441794        2.6301775282450208        1.9730051648958489     
  0.61625000000000008        1.1353741364155383      -0.72578367021067369       0.60976130034018883        2.6759634422768679        2.0083668042399037     
  0.61875000000000002        1.1514504292830965      -0.73413928120658356       0.60849702564668762        2.7184079099801726        2.0179669113936773     
  0.62125000000000008        1.1648329265027602      -0.74069470677890503       0.61267082774342052        2.7527235204897078        2.0226957500653122     
  0.62375000000000003        1.1760404845836758      -0.74143748444783375       0.61949785360665355        2.7888690783985965        2.0339295127622523     
  0.62625000000000008        1.1889435010681881      -0.73919648095889856       0.63003008597135635        2.8249948522641328        2.0423824739673000     
  0.62875000000000003        1.2021762547403296      -0.73532685725433722       0.63465388102252351        2.8551916478142809        2.0486030932407742     
  0.63125000000000009        1.2142069787169514      -0.72809809007093307       0.63841885769559981        2.8840143652921588        2.0572071778056991     
  0.63375000000000004        1.2259313182426099      -0.71820211900167241       0.64283767136141767        2.9136755753760788        2.0676180408067921     
  0.63625000000000009        1.2386861805010749      -0.70749832319984873       0.64504436920603414        2.9431916526818136        2.0773528645986739     
  0.63875000000000004        1.2532587629132286      -0.69666220784277988       0.64819003651056406        2.9745990715763133        2.0852401106218053     
  0.64124999999999999        1.2682672595246882      -0.68517291954022030       0.65170524408515218        3.0081013984344551        2.0938649882005267     
  0.64375000000000004        1.2831456440027078      -0.67365205646863358       0.65361475084461418        3.0421524611411725        2.1033060263613987     
  0.64624999999999999        1.2977932501552747      -0.66288881710013836       0.65360092021771599        3.0761159480997859        2.1129986898112998     
  0.64875000000000005        1.3123067494915426      -0.65258614557640193       0.65077135605305259        3.1109657613813662        2.1240063074429960     
  0.65125000000000000        1.3284765601441557      -0.64233195047290215       0.64577508990953891        3.1494062225600139        2.1356514755470100     
  0.65375000000000005        1.3467157479086977      -0.63168339157645859       0.63949702611167880        3.1919863671943998        2.1474498975873875     
  0.65625000000000000        1.3652183384279977      -0.62069521844205655       0.63229294278836290        3.2351297312681209        2.1590752199715766     
  0.65875000000000006        1.3814031155785982      -0.60996591542844747       0.62435962898330932        3.2729280931267501        2.1696518167667267     
  0.66125000000000000        1.3934621198193788      -0.59995194559640153       0.61599210819473971        3.3013178138154857        2.1787542341810013     
  0.66375000000000006        1.4017288239327639      -0.59068770917672797       0.60804486458924312        3.3207477232525831        2.1861650095705838     
  0.66625000000000001        1.4079256197470356      -0.58202401723666131       0.60150015086086794        3.3343879457800494        2.1915919019353525     
  0.66875000000000007        1.4130861906232997      -0.57396982599750979       0.59630481714596728        3.3441323934861886        2.1950166710797925     
  0.67125000000000001        1.4170434495597015      -0.56667119976029645       0.59132232607342472        3.3496126304848786        2.1967782874763615     
  0.67375000000000007        1.4194438249481847      -0.55996865763284731       0.58561743868273630        3.3509813281566623        2.1978497908572452     
  0.67625000000000002        1.4209489198905798      -0.55348330275561186       0.57972097710568438        3.3512568232783568        2.1993778611232524     
  0.67875000000000008        1.4230495394170770      -0.54719042959336972       0.57521334897428500        3.3546684767937851        2.2017587380571335     
  0.68125000000000002        1.4271441089913128      -0.54172077043197930       0.57319175368601194        3.3631861446352183        2.2038873521079023     
  0.68375000000000008        1.4337662090796615      -0.53767270207856521       0.57316156115871042        3.3755755299951815        2.2041226554337423     
  0.68625000000000003        1.4420744071253304      -0.53446210022818907       0.57294148501205766        3.3895450548800481        2.2028599178843655     
  0.68875000000000008        1.4503932704062552      -0.53043834154291991       0.57019393650839711        3.4044389339931724        2.2031007835178600     
  0.69125000000000003        1.4579623931422405      -0.52457898831054384       0.56502241965965849        3.4220254169784687        2.2073050888828170     
  0.69375000000000009        1.4658354317802482      -0.51755585492212119       0.56053821112635982        3.4447614946982474        2.2145848820143033     
  0.69625000000000004        1.4755948055630650      -0.51070879749935938       0.55973323406505271        3.4731031731267183        2.2218586327419785     
  0.69875000000000009        1.4875752068610866      -0.50442733479691493       0.56193266233729278        3.5044368018701952        2.2269647168778346     
  0.70125000000000004        1.5006626554199498      -0.49797433366586802       0.56318163293996815        3.5346618896269897        2.2299222726833867     
  0.70374999999999999        1.5132893780007750      -0.49057265057058674       0.56021898344578891        3.5609401246876082        2.2320434863782723     
  0.70625000000000004        1.5239657295061955      -0.48215700186293342       0.55335757990059165        3.5828741481913697        2.2350488788389091     
  0.70874999999999999        1.5313597668181402      -0.47327444070049407       0.54556398086558466        3.6010539758963627        2.2403216428865664     
  0.71125000000000005        1.5354272167104823      -0.46517962329298224       0.54076196262732235        3.6154582630697263        2.2467795058968325     
  0.71375000000000000        1.5385271386060451      -0.46020845701290169       0.54386272925373547        3.6258188741646924        2.2494649662670052     
  0.71625000000000005        1.5427027872985084      -0.45965637344521310       0.55627963071550846        3.6314278802187525        2.2445383545097730     
  0.71875000000000000        1.5445683505692243      -0.45806027716525699       0.56199414260781477        3.6290720003328705        2.2394017348866919     
  0.72125000000000006        1.5330960171969914      -0.44342331999537898       0.52284697615239328        3.6066500173807876        2.2525449171843994     
  0.72375000000000000        1.5034963574099312      -0.40472376102249791       0.40759070376565121        3.5659911735634795        2.2988215026575261     
  0.72625000000000006        1.4632519017948640      -0.35224706178473741       0.23790789476231336        3.5221662715332505        2.3648885729331255     
  0.72875000000000001        1.4334822062884076      -0.31191189890104243       0.10588954597282096        3.5006694423836602        2.4156727950121453     
  0.73125000000000007        1.4282202302086549      -0.29335560936868915        6.5633463622128851E-002   3.5067822861052020        2.4332008415464310     
  0.73375000000000001        1.4325955099058787      -0.28454774503912061        6.4588494634064048E-002   3.5145107231714707        2.4325050018834795     
  0.73625000000000007        1.4369703204842847      -0.28164663763142506        7.3360382252085049E-002   3.5175146129665467        2.4273574385211831     
  0.73875000000000002        1.4380198757073197      -0.27708325489706714        7.7263392437246350E-002   3.5194800938414534        2.4274419087863688     
  0.74125000000000008        1.4381071890577837      -0.27063914866277261        7.2623761096024558E-002   3.5223352947945066        2.4303025754165546     
  0.74375000000000002        1.4400069298724889      -0.26552552433632493        7.0369666257149133E-002   3.5265864711568309        2.4308124015762407     
  0.74625000000000008        1.4426056804932945      -0.26137170499741380        7.2251114763207308E-002   3.5315579706081719        2.4303737428876206     
  0.74875000000000003        1.4432409215762287      -0.25664533108061166        6.9887070224333186E-002   3.5348359691017377        2.4322514370747208     
  0.75125000000000008        1.4436679322863151      -0.25167486578205289        6.5434170549310472E-002   3.5381768225856369        2.4346018801812819     
  0.75375000000000003        1.4448394534192048      -0.24694477186775171        6.2045035376750879E-002   3.5425551146267340        2.4363396469312399     
  0.75625000000000009        1.4463467347060410      -0.24287290617335999        6.0913408277807217E-002   3.5474063351383558        2.4376809156662809     
  0.75875000000000004        1.4476992764958276      -0.23982234012471787        6.0801110729445787E-002   3.5505176744288480        2.4379211643824825     
  0.76125000000000009        1.4490517380809347      -0.23706481872865354        6.1214935951377988E-002   3.5513065211909347        2.4365048692618259     
  0.76375000000000004        1.4481674124788593      -0.23185714119039424        5.6552453576980785E-002   3.5517004964609162        2.4389691704496559     
  0.76625000000000010        1.4396775482354942      -0.22279154543800964        3.9450593254191174E-002   3.5506693092044426        2.4539454586960141     
  0.76875000000000004        1.4262808148967652      -0.20977025965541213        1.5565414255328484E-002   3.5538703368121807        2.4808294298075610     
  0.77124999999999999        1.4170444748543884      -0.20511051534736244        7.0285630095413051E-003   3.5516968405722200        2.4959237919430142     
  0.77375000000000005        1.4172880484871162      -0.20342961648151592        1.1187590220789398E-002   3.5519293852280773        2.4958128007852083     
  0.77625000000000000        1.4308142776603701      -0.20462590224628546        2.3054215470982763E-002   3.5531674635338879        2.4729621746918133     
  0.77875000000000005        1.4496640047755700      -0.20860434015202478        4.0763272320468460E-002   3.5594700349352388        2.4446271643494568     
  0.78125000000000000        1.4596746668327190      -0.20862009670060158        5.2817779170959409E-002   3.5665022717523902        2.4324861711225227     
  0.78375000000000006        1.4605048626994535      -0.20400436676576375        4.9589685505332090E-002   3.5725034024752964        2.4357425135229818     
  0.78625000000000000        1.4583623889478492      -0.19922233047779916        4.6893109542173600E-002   3.5749221844665300        2.4414786927606440     
  0.78875000000000006        1.4590298946415914      -0.19625960475210136        4.8464266073993387E-002   3.5785305814938195        2.4430793858986988     
  0.79125000000000001        1.4610139202118524      -0.19354904820589178        4.7892665436676946E-002   3.5830594293696785        2.4431349505956104     
  0.79375000000000007        1.4628608812389956      -0.19044323834275512        4.6324797508423401E-002   3.5876858903316267        2.4435378474777671     
  0.79625000000000001        1.4639641860268060      -0.18771730250808730        4.5080288796045760E-002   3.5917602377960378        2.4447531771916893     
  0.79875000000000007        1.4650212737161903      -0.18574464269837537        4.3792040563369716E-002   3.5952145620838367        2.4455515951368541     
  0.80125000000000002        1.4660963928242787      -0.18415845502483363        4.2588111961113291E-002   3.5981568900165657        2.4459320282544983     
  0.80375000000000008        1.4669340045998462      -0.18177583801395517        4.1659745831202175E-002   3.6011790382815891        2.4468210941081643     
  0.80625000000000002        1.4674383640029318      -0.17840630084990247        4.0907488943843801E-002   3.6042310101888546        2.4483589154137713     
  0.80875000000000008        1.4682152243456636      -0.17487855913966366        4.0774572615410246E-002   3.6072807281630990        2.4494363108893324     
  0.81125000000000003        1.4695182340370156      -0.17188246554506020        3.9680293603921099E-002   3.6101088801192875        2.4494565201068395     
  0.81375000000000008        1.4705663638879469      -0.16958973221806328        3.7538407502140866E-002   3.6115841726402653        2.4489382957134764     
  0.81625000000000003        1.4707888973345078      -0.16814716410871580        3.6022046958656739E-002   3.6109942871237766        2.4483061478696238     
  0.81875000000000009        1.4698561875855396      -0.16720262744549622        3.5977209568691916E-002   3.6085641513916320        2.4482761388443599     
  0.82125000000000004        1.4680619894690210      -0.16620918106931126        3.6782613676718326E-002   3.6045970757697190        2.4486210208963901     
  0.82375000000000009        1.4665071768037357      -0.16514113970311345        3.6997697547907479E-002   3.6007196518596007        2.4486445517140729     
  0.82625000000000004        1.4659403912818529      -0.16427265170746899        3.6826832972167330E-002   3.5989753025684053        2.4484682918611549     
  0.82875000000000010        1.4656570814039138      -0.16408433918260509        3.6579478813681510E-002   3.5980022014217412        2.4482949866642243     
  0.83125000000000004        1.4655079532220656      -0.16407779574768172        3.6195944419601944E-002   3.5976484525378791        2.4483090673520969     
  0.83374999999999999        1.4655640993171430      -0.16400339562734656        3.5923422966949378E-002   3.5974543767951772        2.4480933573524202     
  0.83625000000000005        1.4661445255150296      -0.16342217112502336        3.5167677392652502E-002   3.5975127031553380        2.4472233334088300     
  0.83875000000000000        1.4670161772317252      -0.16201375195061357        3.3717812892956056E-002   3.5980837719445069        2.4462920983614809     
  0.84125000000000005        1.4672867611037654      -0.16019969043345378        3.3438740486002462E-002   3.5986618159148547        2.4463762037655261     
  0.84375000000000000        1.4666636869329284      -0.15850977565990176        3.4066237727934601E-002   3.5991565755739274        2.4478655206094042     
  0.84625000000000006        1.4657009352631045      -0.15721061781412082        3.4119044760510642E-002   3.5988908485586490        2.4493827251974696     
  0.84875000000000000        1.4652982801464893      -0.15608322977932002        3.3301583278747611E-002   3.5984554409710197        2.4498520849768619     
  0.85125000000000006        1.4655201179023833      -0.15487984816931952        3.2405017762112014E-002   3.5978652495744674        2.4491802578024906     
  0.85375000000000001        1.4660839459996842      -0.15383471152348624        3.2254444459806207E-002   3.5972403263671895        2.4478916572564251     
  0.85625000000000007        1.4664302660493540      -0.15303879975489679        3.2613721510166623E-002   3.5966250547580048        2.4469467070375224     
  0.85875000000000001        1.4663626450807081      -0.15215049159115068        3.2223127967202211E-002   3.5961328626287004        2.4467925592236965     
  0.86125000000000007        1.4664311329355622      -0.15113341249812587        3.1316779063557738E-002   3.5960073071715262        2.4466780397096946     
  0.86375000000000002        1.4671342127640041      -0.15022447941093461        3.0660971943126777E-002   3.5970356510029138        2.4462821852331933     
  0.86625000000000008        1.4680078583478917      -0.14924880247552025        3.0003263081434479E-002   3.5985609725441856        2.4459456844765772     
  0.86875000000000002        1.4689780665664998      -0.14789110780345158        2.9139570940567554E-002   3.6005610641824801        2.4458006380554678     
  0.87125000000000008        1.4700861364463556      -0.14625150311068089        2.8508306662850123E-002   3.6030767707066675        2.4457923563752204     
  0.87375000000000003        1.4714543638973363      -0.14449279958246478        2.8353816708602798E-002   3.6067115895795019        2.4461132471491904     
  0.87625000000000008        1.4728176281900298      -0.14244181410643855        2.8464339855446472E-002   3.6112259711407719        2.4470530492396994     
  0.87875000000000003        1.4740751763841546      -0.13998741324396241        2.7958935905650843E-002   3.6163624916368953        2.4486202322575465     
  0.88125000000000009        1.4752964483177853      -0.13735088235778295        2.6707756474052550E-002   3.6211337487270461        2.4500148992830635     
  0.88375000000000004        1.4766107546869551      -0.13513410667265968        2.5499770066552442E-002   3.6251035571998425        2.4506796206380828     
  0.88625000000000009        1.4778513229576391      -0.13336178784574437        2.4722263601476332E-002   3.6281496369863699        2.4508050922103366     
  0.88875000000000004        1.4786123158417941      -0.13182735124861367        2.4360266064328433E-002   3.6300198712963692        2.4509078921609548     
  0.89125000000000010        1.4786903408400458      -0.13071065069896576        2.4036343404110032E-002   3.6305653417906480        2.4512182977595267     
  0.89375000000000004        1.4783671874625510      -0.12991263036385783        2.3814105861851381E-002   3.6302908418568793        2.4516175575890777     
  0.89624999999999999        1.4779085208509963      -0.12932551919385404        2.3728547532823191E-002   3.6295548465451155        2.4519149489141396     
  0.89875000000000005        1.4774075899635124      -0.12867740247854959        2.3184694685079190E-002   3.6291836032953828        2.4525378232504509     
  0.90125000000000000        1.4767293386233913      -0.12787793771869854        2.2854691167597564E-002   3.6295323129359813        2.4539491041901660     
  0.90375000000000005        1.4763160315181130      -0.12731455855909513        2.2655708352938984E-002   3.6303251310559643        2.4552071087812104     
  0.90625000000000000        1.4768363907301936      -0.12695641197239110        2.2043389645478854E-002   3.6312002154649723        2.4549630657004542     
  0.90875000000000006        1.4776750173908570      -0.12671013005791260        2.1049327673311021E-002   3.6315084442806005        2.4538046617734524     
  0.91125000000000000        1.4776354628970543      -0.12647766960509688        2.0315179650528578E-002   3.6312548549134327        2.4537190598846910     
  0.91375000000000006        1.4763938344208967      -0.12606894659704587        1.9538352439917972E-002   3.6305917824985996        2.4553611065209515     
  0.91625000000000001        1.4754613556735960      -0.12539912491625826        1.8959471682019467E-002   3.6295525297300228        2.4562499593563030     
  0.91875000000000007        1.4754813895649723      -0.12470283851578774        1.8866168411245710E-002   3.6284436570833210        2.4555059318173362     
  0.92125000000000001        1.4761651985374689      -0.12415148474511400        1.8381783866899815E-002   3.6278608386777886        2.4540109547436173     
  0.92375000000000007        1.4767342350528578      -0.12375346231749758        1.7479594286122141E-002   3.6274985471807932        2.4528514406109072     
  0.92625000000000002        1.4765819670530562      -0.12359149379161506        1.7061645194127596E-002   3.6267317588360863        2.4525972124911446     
  0.92875000000000008        1.4763405109130385      -0.12328616118145924        1.6507457438739458E-002   3.6261801156319953        2.4526456560806293     
  0.93125000000000002        1.4764015272448334      -0.12275477913196794        1.6532806891986787E-002   3.6258106067071214        2.4523239615513255     
  0.93375000000000008        1.4768335601319547      -0.12257769710798935        1.6687288135521845E-002   3.6259972852724949        2.4517427755157599     
  0.93625000000000003        1.4773342021726994      -0.12224883871211989        1.6554644226353651E-002   3.6266496518736133        2.4513741512561786     
  0.93875000000000008        1.4778117031702731      -0.12135884213862914        1.6446556977086579E-002   3.6275523256970255        2.4512444773911515     
  0.94125000000000003        1.4786502522660925      -0.12007234078210138        1.5836911475470228E-002   3.6289509695213575        2.4508777353162747     
  0.94375000000000009        1.4793923799880950      -0.11886280239141764        1.4641668594249348E-002   3.6304593649686820        2.4507439014425354     
  0.94625000000000004        1.4794129721796923      -0.11779442539364796        1.3078698267527831E-002   3.6322912486812053        2.4520157441008514     
  0.94875000000000009        1.4789571945184952      -0.11675930556104411        1.1811509757607084E-002   3.6346878629207198        2.4544535903422586     
  0.95125000000000004        1.4789066366946872      -0.11587249318849085        1.1083868379507164E-002   3.6373479478421160        2.4563870441869122     
  0.95375000000000010        1.4799141461742771      -0.11486495681501316        1.0790361378533526E-002   3.6401956915699998        2.4566956716056172     
  0.95625000000000004        1.4815190324029681      -0.11358306930795645        1.0638604383164604E-002   3.6428655102372245        2.4559072262446717     
  0.95874999999999999        1.4826275990073701      -0.11222180021040064        1.0327516670636932E-002   3.6452881028540602        2.4557785361336459     
  0.96125000000000005        1.4824758290730999      -0.11099627250169487        8.8896519827466446E-003   3.6469862856863378        2.4572436808894333     
  0.96375000000000000        1.4816967703573174      -0.11041708039270703        7.5894159641698841E-003   3.6478746368059114        2.4591678228152003     
  0.96625000000000005        1.4812806112426418      -0.11027043804912844        7.2194551041999304E-003   3.6487189625118592        2.4604365510287627     
  0.96875000000000000        1.4810381999536344      -0.11024359848751197        6.5457476783961016E-003   3.6490424013788441        2.4610606609915853     
  0.97125000000000006        1.4821039854779310      -0.11000452549224013        5.8004955283529683E-003   3.6494808208387566        2.4596027911901341     
  0.97375000000000000        1.4850275404505862      -0.10949649333898034        5.3901565359427374E-003   3.6496339009033800        2.4548954356628507     
  0.97625000000000006        1.4864698981202227      -0.10891918583835693        6.0222893190236045E-003   3.6500786194547121        2.4528421110268899     
  0.97875000000000001        1.4840630944029329      -0.10767238558736607        5.9304979142134721E-003   3.6508557904795387        2.4574009070508813     
  0.98125000000000007        1.4792004912245782      -0.10592473493020692        1.3500622972476973E-003   3.6507157563929260        2.4654687149425847     
  0.98375000000000001        1.4764837394920565      -0.10511148338694878       -5.7735083638012375E-003   3.6511438145238042        2.4703225399932074     
  0.98625000000000007        1.4763232464263993      -0.10498502580389832       -8.8867219647669662E-003   3.6520820861563239        2.4712219866231777     
  0.98875000000000002        1.4768451970512071      -0.10481162482262635       -9.3046134423227598E-003   3.6534121009685667        2.4712566756988297     
  0.99125000000000008        1.4773208068158692      -0.10433543823167031       -8.4060623595434546E-003   3.6543734652817412        2.4711391052390943     
  0.99375000000000002        1.4780570447767043      -0.10376096419462694       -7.4984391624740654E-003   3.6566400736985334        2.4714736204535708     
  0.99625000000000008        1.4784174832186436      -0.10329985599860039       -7.1549692071873131E-003   3.6579484947207268        2.4717796856056284     
  0.99875000000000003        1.4791562710021440      -0.10243484188966281       -7.1866380122980623E-003   3.6605944270711435        2.4723757189218252     
