   1.9531250000000000E-003   1.0000000000004596     
   5.8593750000000000E-003   1.0000000000004596     
   9.7656250000000000E-003   1.0000000000004596     
   1.3671875000000000E-002   1.0000000000004596     
   1.7578125000000000E-002   1.0000000000004596     
   2.1484375000000000E-002   1.0000000000004596     
   2.5390625000000000E-002   1.0000000000004596     
   2.9296875000000000E-002   1.0000000000004596     
   3.3203125000000000E-002   1.0000000000004596     
   3.7109375000000000E-002   1.0000000000004596     
   4.1015625000000000E-002   1.0000000000004596     
   4.4921875000000000E-002   1.0000000000004596     
   4.8828125000000000E-002   1.0000000000004596     
   5.2734375000000000E-002   1.0000000000004596     
   5.6640625000000000E-002   1.0000000000004596     
   6.0546875000000000E-002   1.0000000000004596     
   6.4453125000000000E-002   1.0000000000004596     
   6.8359375000000000E-002   1.0000000000004596     
   7.2265625000000000E-002   1.0000000000004596     
   7.6171875000000000E-002   1.0000000000004596     
   8.0078125000000000E-002   1.0000000000004596     
   8.3984375000000000E-002   1.0000000000004596     
   8.7890625000000000E-002   1.0000000000004596     
   9.1796875000000000E-002   1.0000000000004596     
   9.5703125000000000E-002   1.0000000000004596     
   9.9609375000000000E-002   1.0000000000004596     
  0.10351562500000000        1.0000000000004596     
  0.10742187500000000        1.0000000000004596     
  0.11132812500000000        1.0000000000004596     
  0.11523437500000000        1.0000000000004596     
  0.11914062500000000        1.0000000000004596     
  0.12304687500000000        1.0000000000004596     
  0.12695312500000000        1.0000000000004596     
  0.13085937500000000        1.0000000000004596     
  0.13476562500000000        1.0000000000004596     
  0.13867187500000000        1.0000000000004596     
  0.14257812500000000        1.0000000000004596     
  0.14648437500000000        1.0000000000004596     
  0.15039062500000000        1.0000000000004596     
  0.15429687500000000        1.0000000000004596     
  0.15820312500000000        1.0000000000004596     
  0.16210937500000000        1.0000000000004596     
  0.16601562500000000        1.0000000000004596     
  0.16992187500000000        1.0000000000004596     
  0.17382812500000000        1.0000000000004596     
  0.17773437500000000        1.0000000000004596     
  0.18164062500000000        1.0000000000004596     
  0.18554687500000000        1.0000000000004596     
  0.18945312500000000        1.0000000000004596     
  0.19335937500000000        1.0000000000004596     
  0.19726562500000000        1.0000000000004596     
  0.20117187500000000        1.0000000000004596     
  0.20507812500000000        1.0000000000004596     
  0.20898437500000000        1.0000000000004596     
  0.21289062500000000        1.0000000000004596     
  0.21679687500000000        1.0000000000004596     
  0.22070312500000000        1.0000000000004596     
  0.22460937500000000        1.0000000000004596     
  0.22851562500000000        1.0000000000004596     
  0.23242187500000000        1.0000000000004596     
  0.23632812500000000        1.0000000000004763     
  0.24023437500000000        1.0000000000002864     
  0.24414062500000000        1.0000000000039095     
  0.24804687500000000        1.0000000008867309     
  0.25195312500000000       0.99999999452845068     
  0.25585937500000000        1.0000003975603529     
  0.25976562500000000        1.0000221481458724     
  0.26367187500000000        1.0000072408165950     
  0.26757812500000000        1.0020188780841299     
  0.27148437500000000        1.0352348816830710     
  0.27539062500000000        1.2482362306275312     
  0.27929687500000000        1.8540366146101779     
  0.28320312500000000        3.4053496148167097     
  0.28710937500000000        4.3839686119652672     
  0.29101562500000000        3.7722571624657157     
  0.29492187500000000        2.6808409293337960     
  0.29882812500000000        2.3645376991883693     
  0.30273437500000000        2.0704318552002530     
  0.30664062500000000        1.6245581404463858     
  0.31054687500000000        1.3499592387600516     
  0.31445312500000000        1.1629322710503298     
  0.31835937500000000       0.94808674232751167     
  0.32226562500000000       0.79123108986763890     
  0.32617187500000000       0.67313973728648835     
  0.33007812500000000       0.55971295492407369     
  0.33398437500000000       0.46913384788252971     
  0.33789062500000000       0.39409676068164656     
  0.34179687500000000       0.32693249443496830     
  0.34570312500000000       0.27370409506826643     
  0.34960937500000000       0.23370924447792463     
  0.35351562500000000       0.20371849187368254     
  0.35742187500000000       0.17970779052881708     
  0.36132812500000000       0.15942762572571822     
  0.36523437500000000       0.14282407942833242     
  0.36914062500000000       0.12847040850047070     
  0.37304687500000000       0.11471001610909404     
  0.37695312500000000       0.10146428334987444     
  0.38085937500000000        8.9806915671163889E-002
  0.38476562500000000        8.0505869626120025E-002
  0.38867187500000000        7.3124127571972203E-002
  0.39257812500000000        6.7005777285456189E-002
  0.39648437500000000        6.1323122835684946E-002
  0.40039062500000000        5.5315490366512857E-002
  0.40429687500000000        4.8927327547377671E-002
  0.40820312500000000        4.2193483578418900E-002
  0.41210937500000000        3.5229578610169031E-002
  0.41601562500000000        2.8284594064810199E-002
  0.41992187500000000        2.2040335649224935E-002
  0.42382812500000000        1.7354580083779797E-002
  0.42773437500000000        1.4425654618683899E-002
  0.43164062500000000        1.2659820944221020E-002
  0.43554687500000000        1.1345679932589763E-002
  0.43945312500000000        1.0134554891970767E-002
  0.44335937500000000        8.9687520852334557E-003
  0.44726562500000000        7.8729862952309944E-003
  0.45117187500000000        6.8960596520543718E-003
  0.45507812500000000        6.0306139419058170E-003
  0.45898437500000000        5.1128342834924935E-003
  0.46289062500000000        4.1085252579373460E-003
  0.46679687500000000        4.2757047169315688E-003
  0.47070312500000000        7.7982054043018983E-003
  0.47460937500000000        1.2293899623029609E-002
  0.47851562500000000        1.3393739334897148E-002
  0.48242187500000000        1.2305288408611897E-002
  0.48632812500000000        1.1535645614018130E-002
  0.49023437500000000        1.1246964536356558E-002
  0.49414062500000000        1.1104878364315385E-002
  0.49804687500000000        1.1135737830138400E-002
  0.50195312500000000        1.1135737830138400E-002
  0.50585937500000000        1.1104878364315427E-002
  0.50976562500000000        1.1246964536356619E-002
  0.51367187500000000        1.1535645614018137E-002
  0.51757812500000000        1.2305288408611838E-002
  0.52148437500000000        1.3393739334897122E-002
  0.52539062500000000        1.2293899623029847E-002
  0.52929687500000000        7.7982054043022157E-003
  0.53320312500000000        4.2757047169316555E-003
  0.53710937500000000        4.1085252579373503E-003
  0.54101562500000000        5.1128342834925195E-003
  0.54492187500000000        6.0306139419058439E-003
  0.54882812500000000        6.8960596520544482E-003
  0.55273437500000000        7.8729862952310534E-003
  0.55664062500000000        8.9687520852335147E-003
  0.56054687500000000        1.0134554891970876E-002
  0.56445312500000000        1.1345679932589978E-002
  0.56835937500000000        1.2659820944221280E-002
  0.57226562500000000        1.4425654618684131E-002
  0.57617187500000000        1.7354580083780002E-002
  0.58007812500000000        2.2040335649225223E-002
  0.58398437500000000        2.8284594064810455E-002
  0.58789062500000000        3.5229578610169295E-002
  0.59179687500000000        4.2193483578419136E-002
  0.59570312500000000        4.8927327547377740E-002
  0.59960937500000000        5.5315490366512739E-002
  0.60351562500000000        6.1323122835684619E-002
  0.60742187500000000        6.7005777285455800E-002
  0.61132812500000000        7.3124127571971870E-002
  0.61523437500000000        8.0505869626119886E-002
  0.61914062500000000        8.9806915671163834E-002
  0.62304687500000000       0.10146428334987434     
  0.62695312500000000       0.11471001610909377     
  0.63085937500000000       0.12847040850047067     
  0.63476562500000000       0.14282407942833292     
  0.63867187500000000       0.15942762572571892     
  0.64257812500000000       0.17970779052881775     
  0.64648437500000000       0.20371849187368302     
  0.65039062500000000       0.23370924447792502     
  0.65429687500000000       0.27370409506826771     
  0.65820312500000000       0.32693249443497002     
  0.66210937500000000       0.39409676068164962     
  0.66601562500000000       0.46913384788253509     
  0.66992187500000000       0.55971295492407946     
  0.67382812500000000       0.67313973728649457     
  0.67773437500000000       0.79123108986764412     
  0.68164062500000000       0.94808674232752421     
  0.68554687500000000        1.1629322710503540     
  0.68945312500000000        1.3499592387600838     
  0.69335937500000000        1.6245581404464682     
  0.69726562500000000        2.0704318552004475     
  0.70117187500000000        2.3645376991886042     
  0.70507812500000000        2.6808409293343067     
  0.70898437500000000        3.7722571624679202     
  0.71289062500000000        4.3839686119692383     
  0.71679687500000000        3.4053496148196514     
  0.72070312500000000        1.8540366146106957     
  0.72460937500000000        1.2482362306275012     
  0.72851562500000000        1.0352348816829988     
  0.73242187500000000        1.0020188780841175     
  0.73632812500000000        1.0000072408165950     
  0.74023437500000000        1.0000221481458724     
  0.74414062500000000        1.0000003975603529     
  0.74804687500000000       0.99999999452845068     
  0.75195312500000000        1.0000000008867309     
  0.75585937500000000        1.0000000000039095     
  0.75976562500000000        1.0000000000002864     
  0.76367187500000000        1.0000000000004763     
  0.76757812500000000        1.0000000000004596     
  0.77148437500000000        1.0000000000004596     
  0.77539062500000000        1.0000000000004596     
  0.77929687500000000        1.0000000000004596     
  0.78320312500000000        1.0000000000004596     
  0.78710937500000000        1.0000000000004596     
  0.79101562500000000        1.0000000000004596     
  0.79492187500000000        1.0000000000004596     
  0.79882812500000000        1.0000000000004596     
  0.80273437500000000        1.0000000000004596     
  0.80664062500000000        1.0000000000004596     
  0.81054687500000000        1.0000000000004596     
  0.81445312500000000        1.0000000000004596     
  0.81835937500000000        1.0000000000004596     
  0.82226562500000000        1.0000000000004596     
  0.82617187500000000        1.0000000000004596     
  0.83007812500000000        1.0000000000004596     
  0.83398437500000000        1.0000000000004596     
  0.83789062500000000        1.0000000000004596     
  0.84179687500000000        1.0000000000004596     
  0.84570312500000000        1.0000000000004596     
  0.84960937500000000        1.0000000000004596     
  0.85351562500000000        1.0000000000004596     
  0.85742187500000000        1.0000000000004596     
  0.86132812500000000        1.0000000000004596     
  0.86523437500000000        1.0000000000004596     
  0.86914062500000000        1.0000000000004596     
  0.87304687500000000        1.0000000000004596     
  0.87695312500000000        1.0000000000004596     
  0.88085937500000000        1.0000000000004596     
  0.88476562500000000        1.0000000000004596     
  0.88867187500000000        1.0000000000004596     
  0.89257812500000000        1.0000000000004596     
  0.89648437500000000        1.0000000000004596     
  0.90039062500000000        1.0000000000004596     
  0.90429687500000000        1.0000000000004596     
  0.90820312500000000        1.0000000000004596     
  0.91210937500000000        1.0000000000004596     
  0.91601562500000000        1.0000000000004596     
  0.91992187500000000        1.0000000000004596     
  0.92382812500000000        1.0000000000004596     
  0.92773437500000000        1.0000000000004596     
  0.93164062500000000        1.0000000000004596     
  0.93554687500000000        1.0000000000004596     
  0.93945312500000000        1.0000000000004596     
  0.94335937500000000        1.0000000000004596     
  0.94726562500000000        1.0000000000004596     
  0.95117187500000000        1.0000000000004596     
  0.95507812500000000        1.0000000000004596     
  0.95898437500000000        1.0000000000004596     
  0.96289062500000000        1.0000000000004596     
  0.96679687500000000        1.0000000000004596     
  0.97070312500000000        1.0000000000004596     
  0.97460937500000000        1.0000000000004596     
  0.97851562500000000        1.0000000000004596     
  0.98242187500000000        1.0000000000004596     
  0.98632812500000000        1.0000000000004596     
  0.99023437500000000        1.0000000000004596     
  0.99414062500000000        1.0000000000004596     
  0.99804687500000000        1.0000000000004596     
