 xyrhouxuypordr
   3.9062500000000000E-002   10.000000000000000        5.6698000000000004       -1.4701000000000002       -1.1473443569284676E-020   100.00000000000001                3
  0.11718750000000000        10.000000000000000        5.6698000000000004       -1.4701000000000002       -1.1473443569284676E-020   100.00000000000001                3
  0.19531250000000000        10.000000000000000        5.6698000000000004       -1.4701000000000002       -1.1473443569284676E-020   100.00000000000001                3
  0.27343750000000000        10.000000000000000        5.6698000000000004       -1.4701000000000002       -1.1473443569284676E-020   100.00000000000001                3
  0.35156250000000000        10.000000000000000        5.6698000000000004       -1.4701000000000002       -1.1473443569284676E-020   100.00000000000001                3
  0.42968750000000000        10.000000000000000        5.6698000000000004       -1.4701000000000002       -1.1473443569284676E-020   100.00000000000001                3
  0.50781250000000000        10.000000000000000        5.6698000000000004       -1.4701000000000002       -1.1473443569284676E-020   100.00000000000001                3
  0.58593750000000000        10.000000000000000        5.6698000000000004       -1.4701000000000002       -1.1473443569284676E-020   100.00000000000001                3
  0.66406250000000000        10.000000000000000        5.6698000000000004       -1.4701000000000002       -1.1473443569284676E-020   100.00000000000001                3
  0.74218750000000000        10.000000000000000        5.6698000000000004       -1.4701000000000002       -1.1473443569284676E-020   100.00000000000001                3
  0.82031250000000000        10.000000000000000        5.6698000000000004       -1.4701000000000002       -1.1473443569284676E-020   100.00000000000001                3
  0.89843750000000000        10.000000000000000        5.6698000000000004       -1.4701000000000002       -1.1473443569284676E-020   100.00000000000001                3
  0.97656250000000000        10.000000000000000        5.6698000000000004       -1.4701000000000002       -1.1473443569284676E-020   100.00000000000001                3
   1.0546875000000000        10.000000000000000        5.6698000000000004       -1.4701000000000002       -1.1473443569284676E-020   100.00000000000001                3
   1.1328125000000000        10.000000000000000        5.6698000000000004       -1.4701000000000002       -1.1473443569284676E-020   100.00000000000001                3
   1.2109375000000000        10.000000000000000        5.6698000000000004       -1.4701000000000002       -1.1473443569284676E-020   100.00000000000001                3
   1.2890625000000000        10.000000000000000        5.6698000000000004       -1.4701000000000002       -1.1473443569284676E-020   100.00000000000001                3
   1.3671875000000000        10.000000000000000        5.6698000000000004       -1.4701000000000002       -1.1473443569284676E-020   100.00000000000001                3
   1.4453125000000000        10.000000000000000        5.6698000000000004       -1.4701000000000002       -1.1473443569284676E-020   100.00000000000001                3
   1.5234375000000000        10.000000000000000        5.6698000000000004       -1.4701000000000002       -1.1473443569284676E-020   100.00000000000001                3
   1.6015625000000000        10.000000000000000        5.6698000000000004       -1.4701000000000002       -1.1473443569284676E-020   100.00000000000001                3
   1.6796875000000000        10.000000000000000        5.6698000000000004       -1.4701000000000002       -1.1473443569284676E-020   100.00000000000001                3
   1.7578125000000000        10.000000000000000        5.6698000000000004       -1.4701000000000002       -1.1473443569284676E-020   100.00000000000001                3
   1.8359375000000000        10.000000000000000        5.6698000000000004       -1.4701000000000002       -1.1473443569284676E-020   100.00000000000001                3
   1.9140625000000000        10.000000000000000        5.6698000000000004       -1.4701000000000002       -1.1473443569284676E-020   100.00000000000001                3
   1.9921875000000000        10.000000000000000        5.6698000000000004       -1.4701000000000002       -1.1473443569284676E-020   100.00000000000001                3
   2.0703125000000000        10.000000000000000        5.6698000000000004       -1.4701000000000002       -1.1473443569284676E-020   100.00000000000001                3
   2.1484375000000000        10.000000000000000        5.6698000000000004       -1.4701000000000002       -1.1473443569284676E-020   100.00000000000001                3
   2.2265625000000000        10.000000000000000        5.6698000000000004       -1.4701000000000002       -1.1473443569284676E-020   100.00000000000001                3
   2.3046875000000000        10.000000000000000        5.6698000000000004       -1.4701000000000002       -1.1473443569284676E-020   100.00000000000001                3
   2.3828125000000000        10.000000000000000        5.6698000000000004       -1.4701000000000002       -1.1473443569284676E-020   100.00000000000001                3
   2.4609375000000000        10.000000000000000        5.6698000000000004       -1.4701000000000002       -1.1473443569284676E-020   100.00000000000001                3
   2.5390625000000000        10.000000000000000        5.6698000000000004       -1.4701000000000002       -1.1473443569284676E-020   100.00000000000001                3
   2.6171875000000000        10.000000000000000        5.6698000000000004       -1.4701000000000002       -1.1473443569284676E-020   100.00000000000001                3
   2.6953125000000000        10.000000000000000        5.6698000000000004       -1.4701000000000002       -1.1473443569284676E-020   100.00000000000001                3
   2.7734375000000000        10.000000000000000        5.6698000000000004       -1.4701000000000002       -1.1473443569284676E-020   100.00000000000001                3
   2.8515625000000000        10.000000000000000        5.6698000000000004       -1.4701000000000002       -1.1473443569284676E-020   100.00000000000001                3
   2.9296875000000000        10.000000000000000        5.6698000000000004       -1.4701000000000002       -1.1473443569284676E-020   100.00000000000001                3
   3.0078125000000000        10.000000000000000        5.6698000000000004       -1.4701000000000002       -1.1473443569284676E-020   100.00000000000001                3
   3.0859375000000000        10.000000000000000        5.6698000000000004       -1.4701000000000002       -1.1473443569284676E-020   100.00000000000001                3
   3.1640625000000000        10.000000000000000        5.6698000000000004       -1.4701000000000002       -1.1473443569284676E-020   100.00000000000001                3
   3.2421875000000000        10.000000000000000        5.6698000000000004       -1.4701000000000002       -1.1473443569284676E-020   100.00000000000001                3
   3.3203125000000000        10.000000000000000        5.6698000000000004       -1.4701000000000002       -1.1473443569284676E-020   100.00000000000001                3
   3.3984375000000000        10.000000000000000        5.6698000000000004       -1.4701000000000002       -1.1473443569284676E-020   100.00000000000001                3
   3.4765625000000000        10.000000000000000        5.6698000000000004       -1.4701000000000002       -1.1473443569284676E-020   100.00000000000001                3
   3.5546875000000000        10.000000000000000        5.6698000000000004       -1.4701000000000002       -1.1473443569284676E-020   100.00000000000001                3
   3.6328125000000000        10.000000000000000        5.6698000000000004       -1.4701000000000002       -1.1473443569284676E-020   100.00000000000001                3
   3.7109375000000000        10.000000000000000        5.6698000000000004       -1.4701000000000002       -1.1473443569284676E-020   100.00000000000001                3
   3.7890625000000000        10.000000000000000        5.6698000000000004       -1.4701000000000002       -1.1473443569284676E-020   100.00000000000001                3
   3.8671875000000000        10.000000000000000        5.6698000000000004       -1.4701000000000002       -1.1473443569284676E-020   100.00000000000001                3
   3.9453125000000000        10.000000000000000        5.6698000000000004       -1.4701000000000002       -1.1473443569284676E-020   100.00000000000001                3
   4.0234375000000000        10.000000000000000        5.6698000000000004       -1.4701000000000002       -1.1473443569284676E-020   100.00000000000001                3
   4.1015625000000000        10.000000000000000        5.6698000000000004       -1.4701000000000002       -1.1473443569284676E-020   100.00000000000001                3
   4.1796875000000000        10.000000000000000        5.6698000000000004       -1.4701000000000002       -1.1473443569284676E-020   100.00000000000001                3
   4.2578125000000000        10.000000000000000        5.6698000000000004       -1.4701000000000002       -1.1473443569284676E-020   100.00000000000001                3
   4.3359375000000000        10.000000000000000        5.6698000000000004       -1.4701000000000002       -1.1473443569284676E-020   100.00000000000001                3
   4.4140625000000000        10.000000000000000        5.6698000000000004       -1.4701000000000002       -1.1473443569284676E-020   100.00000000000001                3
   4.4921875000000000        10.000000000000000        5.6698000000000004       -1.4701000000000002       -1.1473443569284676E-020   100.00000000000001                3
   4.5703125000000000        10.000000000000000        5.6698000000000004       -1.4701000000000002       -1.1473443569284676E-020   100.00000000000001                3
   4.6484375000000000        10.000000000000000        5.6698000000000004       -1.4701000000000002       -1.1473443569284676E-020   100.00000000000001                3
   4.7265625000000000        10.000000000000000        5.6698000000000004       -1.4701000000000002       -1.1473443569284676E-020   100.00000000000001                3
   4.8046875000000000        10.000000000000000        5.6698000000000004       -1.4701000000000002       -1.1473443569284676E-020   100.00000000000001                3
   4.8828125000000000        10.000000000000000        5.6698000000000004       -1.4701000000000002       -1.1473443569284676E-020   100.00000000000001                3
   4.9609375000000000        10.000000000000000        5.6698000000000004       -1.4701000000000002       -1.1473443569284676E-020   100.00000000000001                3
   5.0390625000000000        10.000000000000000        5.6698000000000004       -1.4701000000000002       -1.1473443569284676E-020   100.00000000000001                3
   5.1171875000000000        10.000000000000000        5.6698000000000004       -1.4701000000000002       -1.1473443569284676E-020   100.00000000000001                3
   5.1953125000000000        10.000000000000000        5.6698000000000004       -1.4701000000000002       -1.1473443569284676E-020   100.00000000000001                3
   5.2734375000000000        10.000000000000000        5.6698000000000004       -1.4701000000000002       -1.1473443569284676E-020   100.00000000000001                3
   5.3515625000000000        10.000000000000000        5.6698000000000004       -1.4701000000000002       -1.1473443569284676E-020   100.00000000000001                3
   5.4296875000000000        10.000000000000000        5.6698000000000004       -1.4701000000000002       -1.1473443569284676E-020   100.00000000000001                3
   5.5078125000000000        10.000000000000000        5.6698000000000004       -1.4701000000000002       -1.1473443569284676E-020   100.00000000000001                3
   5.5859375000000000        10.000000000000000        5.6698000000000004       -1.4701000000000002       -1.1473443569284676E-020   100.00000000000001                3
   5.6640625000000000        10.000000000000000        5.6698000000000004       -1.4701000000000002       -1.1473443569284676E-020   100.00000000000001                3
   5.7421875000000000        10.000000000000000        5.6698000000000004       -1.4701000000000002       -1.1473443569284676E-020   100.00000000000001                3
   5.8203125000000000        10.000000000000000        5.6698000000000004       -1.4701000000000002       -1.1473443569284676E-020   100.00000000000001                3
   5.8984375000000000        10.000000000000000        5.6698000000000004       -1.4701000000000002       -1.1473443569284676E-020   100.00000000000001                3
   5.9765625000000000        10.000000000000000        5.6698000000000004       -1.4701000000000002       -1.1473443569284676E-020   100.00000000000001                3
   6.0546875000000000        10.000000000000000        5.6698000000000004       -1.4701000000000002       -1.1473443569284676E-020   100.00000000000001                3
   6.1328125000000000        10.000000000000000        5.6698000000000004       -1.4701000000000002       -1.1473443569284676E-020   100.00000000000001                3
   6.2109375000000000        10.000000000000000        5.6698000000000004       -1.4701000000000002       -1.1473443569284676E-020   100.00000000000001                3
   6.2890625000000000        10.000000000000000        5.6698000000000004       -1.4701000000000002       -1.1473443569284676E-020   100.00000000000001                3
   6.3671875000000000        10.000000000000000        5.6698000000000004       -1.4701000000000002       -1.1473443569284676E-020   100.00000000000001                3
   6.4453125000000000        10.000000000000000        5.6698000000000004       -1.4701000000000002       -1.1473443569284676E-020   100.00000000000001                3
   6.5234375000000000        10.000000000000000        5.6698000000000004       -1.4701000000000002       -1.1473443569284676E-020   100.00000000000001                3
   6.6015625000000000        10.000000000000000        5.6698000000000004       -1.4701000000000002       -1.1473443569284676E-020   100.00000000000001                3
   6.6796875000000000        10.000000000000000        5.6698000000000004       -1.4701000000000002       -1.1473443569284676E-020   100.00000000000001                3
   6.7578125000000000        10.000000000000000        5.6698000000000004       -1.4701000000000002       -1.1473443569284676E-020   100.00000000000001                3
   6.8359375000000000        10.000000000000000        5.6698000000000004       -1.4701000000000002       -1.1473443569284676E-020   100.00000000000001                3
   6.9140625000000000        10.000000000000000        5.6698000000000004       -1.4701000000000002       -1.1473443569284676E-020   100.00000000000001                3
   6.9921875000000000        10.000000000000000        5.6698000000000004       -1.4701000000000002       -1.1473443569284676E-020   100.00000000000001                3
   7.0703125000000000        10.000000000000000        5.6698000000000004       -1.4701000000000002       -1.1473443569284676E-020   100.00000000000001                3
   7.1484375000000000        10.000000000000000        5.6698000000000004       -1.4701000000000002       -1.1473443569284676E-020   100.00000000000001                3
   7.2265625000000000        10.000000000000000        5.6698000000000004       -1.4701000000000002       -1.1473443569284676E-020   100.00000000000001                3
   7.3046875000000000        10.000000000000000        5.6698000000000004       -1.4701000000000002       -1.1473443569284676E-020   100.00000000000001                3
   7.3828125000000000        10.000000000000000        5.6698000000000004       -1.4701000000000002       -1.1473443569284676E-020   100.00000000000001                3
   7.4609375000000000        10.000000000000000        5.6698000000000004       -1.4701000000000002       -1.1473443569284676E-020   100.00000000000001                3
   7.5390625000000000        10.000000000000000        5.6698000000000004       -1.4701000000000002       -1.1473443569284676E-020   100.00000000000001                3
   7.6171875000000000        10.000000000000000        5.6698000000000004       -1.4701000000000002       -1.1473443569284676E-020   100.00000000000001                3
   7.6953125000000000        10.000000000000000        5.6698000000000004       -1.4701000000000002       -1.1473443569284676E-020   100.00000000000001                3
   7.7734375000000000        10.000000000000000        5.6698000000000004       -1.4701000000000002       -1.1473443569284676E-020   100.00000000000001                3
   7.8515625000000000        10.000000000000000        5.6698000000000004       -1.4701000000000002       -1.1473443569284676E-020   100.00000000000001                3
   7.9296875000000000        10.000000000000000        5.6698000000000004       -1.4701000000000002       -1.1473443569284676E-020   100.00000000000001                3
   8.0078125000000000        10.000000000000000        5.6698000000000004       -1.4701000000000002       -1.1473443569284676E-020   100.00000000000001                3
   8.0859375000000000        10.000000000000000        5.6698000000000004       -1.4701000000000002       -1.1473443569284676E-020   100.00000000000001                3
   8.1640625000000000        10.000000000000000        5.6698000000000004       -1.4701000000000002       -1.1473443569284676E-020   100.00000000000001                3
   8.2421875000000000        10.000000000000000        5.6698000000000004       -1.4701000000000002       -1.1473443569284676E-020   100.00000000000001                3
   8.3203125000000000        10.000000000000000        5.6698000000000004       -1.4701000000000002       -1.1473443569284676E-020   100.00000000000001                3
   8.3984375000000000        10.000000000000000        5.6698000000000004       -1.4701000000000002       -1.1473443569284676E-020   100.00000000000001                3
   8.4765625000000000        10.000000000000000        5.6698000000000004       -1.4701000000000002       -1.1473443569284676E-020   100.00000000000001                3
   8.5546875000000000        10.000000000000000        5.6698000000000004       -1.4701000000000002       -1.1473443569284676E-020   100.00000000000001                3
   8.6328125000000000        10.000000000000000        5.6698000000000004       -1.4701000000000002       -1.1473443569284676E-020   100.00000000000001                3
   8.7109375000000000        10.000000000000000        5.6698000000000004       -1.4701000000000002       -1.1473443569284676E-020   100.00000000000001                3
   8.7890625000000000        10.000000000000000        5.6698000000000004       -1.4701000000000002       -1.1473443569284676E-020   100.00000000000001                3
   8.8671875000000000        10.000000000000000        5.6698000000000004       -1.4701000000000002       -1.1473443569284676E-020   100.00000000000001                3
   8.9453125000000000        10.000000000000000        5.6698000000000004       -1.4701000000000002       -1.1473443569284676E-020   100.00000000000001                3
   9.0234375000000000        10.000000000000000        5.6698000000000004       -1.4701000000000002       -1.1473443569284676E-020   100.00000000000001                3
   9.1015625000000000        10.000000000000000        5.6698000000000004       -1.4701000000000002       -1.1473443569284676E-020   100.00000000000001                3
   9.1796875000000000        10.000000000000000        5.6698000000000004       -1.4701000000000002       -1.1473443569284676E-020   100.00000000000001                3
   9.2578125000000000        10.000000000000000        5.6698000000000004       -1.4701000000000002       -1.1473443569284676E-020   100.00000000000001                3
   9.3359375000000000        10.000000000000000        5.6698000000000004       -1.4701000000000002       -1.1473443569284676E-020   100.00000000000001                3
   9.4140625000000000        10.000000000000000        5.6698000000000004       -1.4701000000000002       -1.1473443569284676E-020   100.00000000000001                3
   9.4921875000000000        10.000000000000000        5.6698000000000004       -1.4701000000000002       -1.1473443569284676E-020   100.00000000000001                3
   9.5703125000000000        10.000000000000000        5.6698000000000004       -1.4701000000000002       -1.1473443569284676E-020   100.00000000000001                3
   9.6484375000000000        10.000000000000000        5.6698000000000004       -1.4701000000000002       -1.1473443569284676E-020   100.00000000000001                3
   9.7265625000000000        10.000000000000000        5.6698000000000004       -1.4701000000000002       -1.1473443569284676E-020   100.00000000000001                3
   9.8046875000000000        10.000000000000000        5.6698000000000004       -1.4701000000000002       -1.1473443569284676E-020   100.00000000000001                3
   9.8828125000000000        10.000000000000000        5.6698000000000004       -1.4701000000000002       -1.1473443569284676E-020   100.00000000000001                3
   9.9609375000000000        10.000000000000000        5.6698000000000004       -1.4701000000000002       -1.1473443569284676E-020   100.00000000000001                3
   10.039062500000000        10.000000000000000        5.6698000000000004       -1.4701000000000002       -1.1473443569284676E-020   100.00000000000001                3
   10.117187500000000        10.000000000000000        5.6698000000000004       -1.4701000000000002       -1.1473443569284676E-020   100.00000000000001                3
   10.195312500000000        10.000000000000000        5.6698000000000004       -1.4701000000000002       -1.1473443569284676E-020   100.00000000000001                3
   10.273437500000000        10.000000000000000        5.6698000000000004       -1.4701000000000002       -1.1473443569284676E-020   100.00000000000001                3
   10.351562500000000        10.000000000000000        5.6698000000000004       -1.4701000000000002       -1.1473443569284676E-020   100.00000000000001                3
   10.429687500000000        10.000000000000000        5.6698000000000004       -1.4701000000000002       -1.1473443569284676E-020   100.00000000000001                3
   10.507812500000000        10.000000000000000        5.6698000000000004       -1.4701000000000002       -1.1473443569284676E-020   100.00000000000001                3
   10.585937500000000        10.000000000000000        5.6698000000000004       -1.4701000000000002       -1.1473443569284676E-020   100.00000000000001                3
   10.664062500000000        10.000000000000000        5.6698000000000004       -1.4701000000000002       -1.1473443569284676E-020   100.00000000000001                3
   10.742187500000000        10.000000000000000        5.6698000000000004       -1.4701000000000002       -1.1473443569284676E-020   100.00000000000001                3
   10.820312500000000        10.000000000000000        5.6698000000000004       -1.4701000000000002       -1.1473443569284676E-020   100.00000000000001                3
   10.898437500000000        10.000000000000000        5.6698000000000004       -1.4701000000000002       -1.1473443569284676E-020   100.00000000000001                3
   10.976562500000000        10.000000000000000        5.6698000000000004       -1.4701000000000002       -1.1473443569284676E-020   100.00000000000001                3
   11.054687500000000        10.000000000000000        5.6698000000000004       -1.4701000000000002       -1.1473443569284676E-020   100.00000000000001                3
   11.132812500000000        10.000000000000000        5.6698000000000004       -1.4701000000000002       -1.1473443569284676E-020   100.00000000000001                3
   11.210937500000000        10.000000000000000        5.6698000000000004       -1.4701000000000002       -1.1473443569284676E-020   100.00000000000001                3
   11.289062500000000        10.000000000000000        5.6698000000000004       -1.4701000000000002       -1.1473443569284676E-020   100.00000000000001                3
   11.367187500000000        10.000000000000000        5.6698000000000004       -1.4701000000000002       -1.1473443569284676E-020   100.00000000000001                3
   11.445312500000000        10.000000000000000        5.6698000000000004       -1.4701000000000002       -1.1473443569284676E-020   100.00000000000001                3
   11.523437500000000        10.000000000000000        5.6698000000000004       -1.4701000000000002       -1.1473443569284676E-020   100.00000000000001                3
   11.601562500000000        10.000000000000000        5.6698000000000004       -1.4701000000000002       -1.1473443569284676E-020   100.00000000000001                3
   11.679687500000000        10.000000000000000        5.6698000000000004       -1.4701000000000002       -1.1473443569284676E-020   100.00000000000001                3
   11.757812500000000        10.000000000000000        5.6698000000000004       -1.4701000000000002       -1.1473443569284676E-020   100.00000000000001                3
   11.835937500000000        10.000000000000000        5.6698000000000004       -1.4701000000000002       -1.1473443569284676E-020   100.00000000000001                3
   11.914062500000000        10.000000000000000        5.6698000000000004       -1.4701000000000002       -1.1473443569284676E-020   100.00000000000001                3
   11.992187500000000        10.000000000000000        5.6698000000000004       -1.4701000000000002       -1.1473443569284676E-020   100.00000000000001                3
   12.070312500000000        10.000000000000000        5.6698000000000004       -1.4701000000000002       -1.1473443569284676E-020   100.00000000000001                3
   12.148437500000000        10.000000000000000        5.6698000000000004       -1.4701000000000002       -1.1473443569284676E-020   100.00000000000001                3
   12.226562500000000        10.000000000000000        5.6698000000000004       -1.4701000000000002       -1.1473443569284676E-020   100.00000000000001                3
   12.304687500000000        10.000000000000000        5.6698000000000004       -1.4701000000000002       -1.1473443569284676E-020   100.00000000000001                3
   12.382812500000000        10.000000000000000        5.6698000000000004       -1.4701000000000002       -1.1473443569284676E-020   100.00000000000001                3
   12.460937500000000        10.000000000000000        5.6698000000000004       -1.4701000000000002       -1.1473443569284676E-020   100.00000000000001                3
   12.539062500000000        10.000000000000000        5.6698000000000004       -1.4701000000000002       -1.1473443569284676E-020   100.00000000000001                3
   12.617187500000000        10.000000000000000        5.6698000000000004       -1.4701000000000002       -1.1473443569284676E-020   100.00000000000001                3
   12.695312500000000        10.000000000000000        5.6698000000000004       -1.4701000000000002       -1.1473443569284676E-020   100.00000000000001                3
   12.773437500000000        10.000000000000000        5.6698000000000004       -1.4701000000000002       -1.1473443569284676E-020   100.00000000000001                3
   12.851562500000000        10.000000000000000        5.6698000000000004       -1.4701000000000002       -1.1473443569284676E-020   100.00000000000001                3
   12.929687500000000        10.000000000000000        5.6698000000000004       -1.4701000000000002       -1.1473443569284676E-020   100.00000000000001                3
   13.007812500000000        10.000000000000000        5.6698000000000004       -1.4701000000000002       -1.1473443569284676E-020   100.00000000000001                3
   13.085937500000000        10.000000000000000        5.6698000000000004       -1.4701000000000002       -1.1473443569284676E-020   100.00000000000001                3
   13.164062500000000        10.000000000000000        5.6698000000000004       -1.4701000000000002       -1.1473443569284676E-020   100.00000000000001                3
   13.242187500000000        10.000000000000000        5.6698000000000004       -1.4701000000000002       -1.1473443569284676E-020   100.00000000000001                3
   13.320312500000000        10.000000000000000        5.6698000000000004       -1.4701000000000002       -1.1473443569284676E-020   100.00000000000001                3
   13.398437500000000        10.000000000000000        5.6698000000000004       -1.4701000000000002       -1.1473443569284676E-020   100.00000000000001                3
   13.476562500000000        10.000000000000000        5.6698000000000004       -1.4701000000000002       -1.1473443569284676E-020   100.00000000000001                3
   13.554687500000000        10.000000000000000        5.6698000000000004       -1.4701000000000002       -1.1473443569284676E-020   100.00000000000001                3
   13.632812500000000        10.000000000000000        5.6698000000000004       -1.4701000000000002       -1.1473443569284676E-020   100.00000000000001                3
   13.710937500000000        10.000000000000000        5.6698000000000004       -1.4701000000000002       -1.1473443569284676E-020   100.00000000000001                3
   13.789062500000000        10.000000000000000        5.6698000000000004       -1.4701000000000002       -1.1473443569284676E-020   100.00000000000001                3
   13.867187500000000        10.000000000000000        5.6698000000000004       -1.4701000000000002       -1.1473443569284676E-020   100.00000000000001                3
   13.945312500000000        10.000000000000000        5.6698000000000004       -1.4701000000000002       -1.1473443569284676E-020   100.00000000000001                3
   14.023437500000000        10.000000000000000        5.6698000000000004       -1.4700999999999997       -1.1473443569284676E-020   100.00000000000001                3
   14.101562500000000        10.000000000000000        5.6697999999999986       -1.4700999999999993        7.6178328731182945E-021   99.999999999999986                3
   14.179687500000000        10.000000000000000        5.6698000000001247       -1.4701000000001092       -1.0726335415568604E-020   100.00000000000307                3
   14.257812500000000        10.000000000000000        5.6698000000007811       -1.4701000000006856        3.8322289617709494E-021   100.00000000001928                3
   14.335937500000000        10.000000000000000        5.6697999999304880       -1.4700999999391011       -4.1480422491786443E-021   99.999999998284210                3
   14.414062500000000        10.000000000000000        5.6697999995083181       -1.4700999995699593       -6.4141689861948980E-022   99.999999987884053                3
   14.492187500000000        10.000000000000000        5.6698000287334267       -1.4701000251416001        1.4310590017248686E-020   100.00000070833838                3
   14.570312500000000        10.000000000000000        5.6698002310000550       -1.4701002010223760       -1.7014638052882981E-020   100.00000566359493                3
   14.648437500000000        10.000000000000000        5.6697916982092273       -1.4700927788516258       -3.9859545788876577E-020   99.999796550596983                3
   14.726562500000000        10.000000000000000        5.6697213418745314       -1.4700327073044290        1.1716101561604239E-020   99.998104712258680                3
   14.804687500000000        10.000000000000000        5.6713600518544807       -1.4714219015168395        9.9824554740318498E-021   100.03712945521946                3
   14.882812500000000        10.000000000000000        5.6888246383298666       -1.4851649372493161        1.9711348857338866E-020   100.43171142787236                3
   14.960937500000000        10.000000000000000        5.5076579848538652       -1.3280953267488109       -2.7105984283355804E-020   96.787992916577977                3
   15.039062500000000        10.000000000000000        1.0770116262923790       -1.9279145806648232        7.1623819526967025E-022   2.2742313762571755                1
   15.117187500000000        10.000000000000000        1.0000000000000000       -2.3158110000000001        0.0000000000000000        1.0000000000000000                1
   15.195312500000000        10.000000000000000        1.0000000000000000       -2.3158110000000001        0.0000000000000000        1.0000000000000000                3
   15.273437500000000        10.000000000000000        1.0000000000000000       -2.3158110000000001        0.0000000000000000        1.0000000000000000                3
   15.351562500000000        10.000000000000000        1.0000000000000000       -2.3158110000000001        0.0000000000000000        1.0000000000000000                3
   15.429687500000000        10.000000000000000        1.0000000000000000       -2.3158110000000001        0.0000000000000000        1.0000000000000000                3
   15.507812500000000        10.000000000000000        1.0000000000000000       -2.3158110000000001        0.0000000000000000        1.0000000000000000                3
   15.585937500000000        10.000000000000000        1.0000000000000000       -2.3158110000000001        0.0000000000000000        1.0000000000000000                3
   15.664062500000000        10.000000000000000        1.0000000000000000       -2.3158110000000001        0.0000000000000000        1.0000000000000000                3
   15.742187500000000        10.000000000000000        1.0000000000000000       -2.3158110000000001        0.0000000000000000        1.0000000000000000                3
   15.820312500000000        10.000000000000000        1.0000000000000000       -2.3158110000000001        0.0000000000000000        1.0000000000000000                3
   15.898437500000000        10.000000000000000        1.0000000000000000       -2.3158110000000001        0.0000000000000000        1.0000000000000000                3
   15.976562500000000        10.000000000000000        1.0000000000000000       -2.3158110000000001        0.0000000000000000        1.0000000000000000                3
   16.054687500000000        10.000000000000000        1.0000000000000000       -2.3158110000000001        0.0000000000000000        1.0000000000000000                3
   16.132812500000000        10.000000000000000        1.0000000000000000       -2.3158110000000001        0.0000000000000000        1.0000000000000000                3
   16.210937500000000        10.000000000000000        1.0000000000000000       -2.3158110000000001        0.0000000000000000        1.0000000000000000                3
   16.289062500000000        10.000000000000000        1.0000000000000000       -2.3158110000000001        0.0000000000000000        1.0000000000000000                3
   16.367187500000000        10.000000000000000        1.0000000000000000       -2.3158110000000001        0.0000000000000000        1.0000000000000000                3
   16.445312500000000        10.000000000000000        1.0000000000000000       -2.3158110000000001        0.0000000000000000        1.0000000000000000                3
   16.523437500000000        10.000000000000000        1.0000000000000000       -2.3158110000000001        0.0000000000000000        1.0000000000000000                3
   16.601562500000000        10.000000000000000        1.0000000000000000       -2.3158110000000001        0.0000000000000000        1.0000000000000000                3
   16.679687500000000        10.000000000000000        1.0000000000000000       -2.3158110000000001        0.0000000000000000        1.0000000000000000                3
   16.757812500000000        10.000000000000000        1.0000000000000000       -2.3158110000000001        0.0000000000000000        1.0000000000000000                3
   16.835937500000000        10.000000000000000        1.0000000000000000       -2.3158110000000001        0.0000000000000000        1.0000000000000000                3
   16.914062500000000        10.000000000000000        1.0000000000000000       -2.3158110000000001        0.0000000000000000        1.0000000000000000                3
   16.992187500000000        10.000000000000000        1.0000000000000000       -2.3158110000000001        0.0000000000000000        1.0000000000000000                3
   17.070312500000000        10.000000000000000        1.0000000000000000       -2.3158110000000001        0.0000000000000000        1.0000000000000000                3
   17.148437500000000        10.000000000000000        1.0000000000000000       -2.3158110000000001        0.0000000000000000        1.0000000000000000                3
   17.226562500000000        10.000000000000000        1.0000000000000000       -2.3158110000000001        0.0000000000000000        1.0000000000000000                3
   17.304687500000000        10.000000000000000        1.0000000000000000       -2.3158110000000001        0.0000000000000000        1.0000000000000000                3
   17.382812500000000        10.000000000000000        1.0000000000000000       -2.3158110000000001        0.0000000000000000        1.0000000000000000                3
   17.460937500000000        10.000000000000000        1.0000000000000000       -2.3158110000000001        0.0000000000000000        1.0000000000000000                3
   17.539062500000000        10.000000000000000        1.0000000000000000       -2.3158110000000001        0.0000000000000000        1.0000000000000000                3
   17.617187500000000        10.000000000000000        1.0000000000000000       -2.3158110000000001        0.0000000000000000        1.0000000000000000                3
   17.695312500000000        10.000000000000000        1.0000000000000000       -2.3158110000000001        0.0000000000000000        1.0000000000000000                3
   17.773437500000000        10.000000000000000        1.0000000000000000       -2.3158110000000001        0.0000000000000000        1.0000000000000000                3
   17.851562500000000        10.000000000000000        1.0000000000000000       -2.3158110000000001        0.0000000000000000        1.0000000000000000                3
   17.929687500000000        10.000000000000000        1.0000000000000000       -2.3158110000000001        0.0000000000000000        1.0000000000000000                3
   18.007812500000000        10.000000000000000        1.0000000000000000       -2.3158110000000001        0.0000000000000000        1.0000000000000000                3
   18.085937500000000        10.000000000000000        1.0000000000000000       -2.3158110000000001        0.0000000000000000        1.0000000000000000                3
   18.164062500000000        10.000000000000000        1.0000000000000000       -2.3158110000000001        0.0000000000000000        1.0000000000000000                3
   18.242187500000000        10.000000000000000        1.0000000000000000       -2.3158110000000001        0.0000000000000000        1.0000000000000000                3
   18.320312500000000        10.000000000000000        1.0000000000000000       -2.3158110000000001        0.0000000000000000        1.0000000000000000                3
   18.398437500000000        10.000000000000000        1.0000000000000000       -2.3158110000000001        0.0000000000000000        1.0000000000000000                3
   18.476562500000000        10.000000000000000        1.0000000000000000       -2.3158110000000001        0.0000000000000000        1.0000000000000000                3
   18.554687500000000        10.000000000000000        1.0000000000000000       -2.3158110000000001        0.0000000000000000        1.0000000000000000                3
   18.632812500000000        10.000000000000000        1.0000000000000000       -2.3158110000000001        0.0000000000000000        1.0000000000000000                3
   18.710937500000000        10.000000000000000        1.0000000000000000       -2.3158110000000001        0.0000000000000000        1.0000000000000000                3
   18.789062500000000        10.000000000000000        1.0000000000000000       -2.3158110000000001        0.0000000000000000        1.0000000000000000                3
   18.867187500000000        10.000000000000000        1.0000000000000000       -2.3158110000000001        0.0000000000000000        1.0000000000000000                3
   18.945312500000000        10.000000000000000        1.0000000000000000       -2.3158110000000001        0.0000000000000000        1.0000000000000000                3
   19.023437500000000        10.000000000000000        1.0000000000000000       -2.3158110000000001        0.0000000000000000        1.0000000000000000                3
   19.101562500000000        10.000000000000000        1.0000000000000000       -2.3158110000000001        0.0000000000000000        1.0000000000000000                3
   19.179687500000000        10.000000000000000        1.0000000000000000       -2.3158110000000001        0.0000000000000000        1.0000000000000000                3
   19.257812500000000        10.000000000000000        1.0000000000000000       -2.3158110000000001        0.0000000000000000        1.0000000000000000                3
   19.335937500000000        10.000000000000000        1.0000000000000000       -2.3158110000000001        0.0000000000000000        1.0000000000000000                3
   19.414062500000000        10.000000000000000        1.0000000000000000       -2.3158110000000001        0.0000000000000000        1.0000000000000000                3
   19.492187500000000        10.000000000000000        1.0000000000000000       -2.3158110000000001        0.0000000000000000        1.0000000000000000                3
   19.570312500000000        10.000000000000000        1.0000000000000000       -2.3158110000000001        0.0000000000000000        1.0000000000000000                3
   19.648437500000000        10.000000000000000        1.0000000000000000       -2.3158110000000001        0.0000000000000000        1.0000000000000000                3
   19.726562500000000        10.000000000000000        1.0000000000000000       -2.3158110000000001        0.0000000000000000        1.0000000000000000                3
   19.804687500000000        10.000000000000000        1.0000000000000000       -2.3158110000000001        0.0000000000000000        1.0000000000000000                3
   19.882812500000000        10.000000000000000        1.0000000000000000       -2.3158110000000001        0.0000000000000000        1.0000000000000000                3
   19.960937500000000        10.000000000000000        1.0000000000000000       -2.3158110000000001        0.0000000000000000        1.0000000000000000                3
