   3.5355339059327377E-003  0.13800000000006543     
   1.0606601717798213E-002  0.13800000000006482     
   1.7677669529663688E-002  0.13800000000006551     
   2.4748737341529166E-002  0.13800000000006626     
   3.1819805153394637E-002  0.13800000000006590     
   3.8890872965260115E-002  0.13800000000006410     
   4.5961940777125593E-002  0.13800000000006413     
   5.3033008588991057E-002  0.13800000000006613     
   6.0104076400856535E-002  0.13800000000006793     
   6.7175144212722027E-002  0.13800000000006790     
   7.4246212024587477E-002  0.13800000000006715     
   8.1317279836452955E-002  0.13800000000006690     
   8.8388347648318433E-002  0.13800000000006724     
   9.5459415460183911E-002  0.13800000000006682     
  0.10253048327204939       0.13800000000006626     
  0.10960155108391487       0.13800000000006574     
  0.11667261889578034       0.13800000000006538     
  0.12374368670764581       0.13800000000006540     
  0.13081475451951130       0.13800000000006585     
  0.13788582233137675       0.13800000000006554     
  0.14495689014324226       0.13800000000006635     
  0.15202795795510771       0.13800000000006565     
  0.15909902576697321       0.13800000000006510     
  0.16617009357883866       0.13800000000006490     
  0.17324116139070411       0.13800000000006563     
  0.18031222920256962       0.13800000000006601     
  0.18738329701443512       0.13800000000006585     
  0.19445436482630057       0.13800000000006490     
  0.20152543263816602       0.13800000000006538     
  0.20859650045003153       0.13800000000006524     
  0.21566756826189698       0.13800000000006493     
  0.22273863607376249       0.13800000000006457     
  0.22980970388562794       0.13800000000006438     
  0.23688077169749344       0.13800000000006524     
  0.24395183950935889       0.13800000000006546     
  0.25102290732122434       0.13800000000006460     
  0.25809397513308985       0.13800000000006718     
  0.26516504294495535       0.13800000000010090     
  0.27223611075682080       0.13800000000028065     
  0.27930717856868625       0.13800000000111928     
  0.28637824638055176       0.13800000000568183     
  0.29344931419241721       0.13800000003822593     
  0.30052038200428266       0.13800000025925313     
  0.30759144981614817       0.13800000123224043     
  0.31466251762801367       0.13799999777568184     
  0.32173358543987918       0.13799999350130704     
  0.32880465325174457       0.13800000102300561     
  0.33587572106361008       0.15035779436312618     
  0.34294678887547558       0.53443027148675315     
  0.35001785668734098       0.68965799375907355     
  0.35708892449920648       0.69930426102269627     
  0.36415999231107199       0.70445685537224412     
  0.37123106012293750       0.70944619062383207     
  0.37830212793480295       0.71502071728970606     
  0.38537319574666840       0.72092894212690195     
  0.39244426355853390       0.71298062990251332     
  0.39951533137039941       0.77811405843469683     
  0.40658639918226480        1.1059805499901232     
  0.41365746699413031        1.1309412369873924     
  0.42072853480599576        1.0895534854543500     
  0.42779960261786121        1.0726926019023162     
  0.43487067042972671        1.0437210343320116     
  0.44194173824159222        1.0096977621895922     
  0.44901280605345772       0.97398723689302635     
  0.45608387386532312       0.93552090673914978     
  0.46315494167718863       0.90077879190837895     
  0.47022600948905413       0.86987800525326309     
  0.47729707730091964       0.52364739491045920     
  0.48436814511278509       0.47555541225927067     
  0.49143921292465054       0.49226886423385591     
  0.49851028073651593       0.51998042759758212     
  0.50558134854838144       0.55156147339229078     
  0.51265241636024694       0.58324768643430369     
  0.51972348417211234       0.61765780077726307     
  0.52679455198397784       0.65288396362836754     
  0.53386561979584335       0.68883125520600952     
  0.54093668760770885       0.72503596625073341     
  0.54800775541957436       0.76107638053667481     
  0.55507882323143987       0.79625791413371383     
  0.56214989104330537       0.82956784867985200     
  0.56922095885517088       0.86018367844439703     
  0.57629202666703627       0.88793085623578993     
  0.58336309447890167       0.91214924065613068     
  0.59043416229076717       0.93147710618750867     
  0.59750523010263268       0.94541841895563694     
  0.60457629791449818       0.95512907282592652     
  0.61164736572636369       0.96203256520136526     
  0.61871843353822897       0.96630032968917634     
  0.62578950135009448       0.96745588255758486     
  0.63286056916195998       0.96830059400017210     
  0.63993163697382549       0.97139448513485116     
  0.64700270478569100       0.97326146165624061     
  0.65407377259755650       0.97513144591268230     
  0.66114484040942201       0.98613716908061333     
  0.66821590822128751       0.99388550042533053     
  0.67528697603315280       0.96596057767821464     
  0.68235804384501830       0.94516155141052105     
  0.68942911165688381       0.96508017261602819     
  0.69650017946874931        1.0005878724787727     
  0.70357124728061482       0.98571971338491937     
  0.71064231509248033       0.88465601198669486     
  0.71771338290434583       0.88230447823070390     
  0.72478445071621134       0.90521651333750486     
  0.73185551852807684       0.94774190819647175     
  0.73892658633994235       0.99739926634637188     
  0.74599765415180774        1.0570764199101135     
  0.75306872196367314        1.1270628527576505     
  0.76013978977553864        1.2039328782540406     
  0.76721085758740415        1.2822013312208718     
  0.77428192539926965        1.3602644601169420     
  0.78135299321113516        1.4371345899069745     
  0.78842406102300067        1.5063967113717422     
  0.79549512883486617        1.5668821360778895     
  0.80256619664673168        1.6180738585289365     
  0.80963726445859707        1.6599888699033327     
  0.81670833227046247        1.6926680601283930     
  0.82377940008232797        1.7162321288334812     
  0.83085046789419337        1.7314956365302818     
  0.83792153570605876        1.7405790929372758     
  0.84499260351792427        1.7461030356174010     
  0.85206367132978977        1.7498462985947236     
  0.85913473914165528        1.7521937549487550     
  0.86620580695352078        1.7527302173490849     
  0.87327687476538629        1.7512738532255632     
  0.88034794257725180        1.7478313793397613     
  0.88741901038911730        1.7424083196945155     
  0.89449007820098270        1.7350036900719155     
  0.90156114601284809        1.7256507299880091     
  0.90863221382471360        1.7145083946467885     
  0.91570328163657910        1.7019992747332313     
  0.92277434944844461        1.6883809837816204     
  0.92984541726031011        1.6739123520869346     
  0.93691648507217562        1.6599750570360268     
  0.94398755288404113        1.6477023551478973     
  0.95105862069590663        1.6373820355553914     
  0.95812968850777203        1.6291308247945622     
  0.96520075631963753        1.6229408139295212     
  0.97227182413150293        1.6174637576874342     
  0.97934289194336843        1.6134833937217523     
  0.98641395975523394        1.6109738364250450     
  0.99348502756709922        1.6081850302772931     
   1.0005560953789647        1.6057830655606777     
   1.0076271631908302        1.6046195059842729     
   1.0146982310026957        1.6052838842441317     
   1.0217692988145610        1.6074314200867523     
   1.0288403666264267        1.6084568526418037     
   1.0359114344382920        1.6075869214629577     
   1.0429825022501578        1.6082728194695886     
   1.0500535700620230        1.6128499701573591     
   1.0571246378738888        1.6179013931116784     
   1.0641957056857541        1.6161248888626991     
   1.0712667734976196        1.6068030276767764     
   1.0783378413094851        1.5988515946020050     
   1.0854089091213504        1.5985389435938455     
   1.0924799769332161        1.6037335021337054     
   1.0995510447450814        1.6059232918354835     
   1.1066221125569471        1.6025424049208634     
   1.1136931803688124        1.6046230341126337     
   1.1207642481806781        1.6193404295460341     
   1.1278353159925434        1.6278196123330544     
   1.1349063838044089        1.6340052466540032     
   1.1419774516162744        1.6427563277993029     
   1.1490485194281397        1.5587849459871230     
   1.1561195872400054        1.4932194712372213     
   1.1631906550518707        1.4952876287697334     
   1.1702617228637364        1.4942531911402910     
   1.1773327906756017        1.4928442757423754     
   1.1844038584874670        1.4911170564697622     
   1.1914749262993327        1.4897968562513546     
   1.1985459941111980        1.4892244692524634     
   1.2056170619230637        1.4888820065702113     
   1.2126881297349290        1.4882063510168315     
   1.2197591975467945        1.4873335907594607     
   1.2268302653586600        1.4867798821629801     
   1.2339013331705253        1.4866384375896355     
   1.2409724009823910        1.4866076319971291     
   1.2480434687942563        1.4864417365291143     
   1.2551145366061220        1.4859259865727110     
   1.2621856044179873        1.4851891847560923     
   1.2692566722298531        1.4848708567017141     
   1.2763277400417183        1.4851529961190952     
   1.2833988078535841        1.4853323199735102     
   1.2904698756654494        1.4849502025146177     
   1.2975409434773146        1.4844591852082814     
   1.3046120112891804        1.4844514892947487     
   1.3116830791010456        1.4848810519145790     
   1.3187541469129114        1.4850908213332021     
   1.3258252147247767        1.4843801983405043     
   1.3328962825366424        1.4830261162174512     
   1.3399673503485077        1.4823296140370570     
   1.3470384181603734        1.4826447006158043     
   1.3541094859722387        1.4827519837117609     
   1.3611805537841040        1.4823084202464207     
   1.3682516215959697        1.4823763192387913     
   1.3753226894078350        1.4828945661472110     
   1.3823937572197003        1.4829131557920892     
   1.3894648250315660        1.4828159528424927     
   1.3965358928434313        1.4832840539127465     
   1.4036069606552970        1.4837536157062259     
   1.4106780284671623        1.4835655898535318     
