   3.5355339059327377E-003  0.13800000000006327     
   1.0606601717798213E-002  0.13800000000006440     
   1.7677669529663688E-002  0.13800000000006657     
   2.4748737341529166E-002  0.13800000000006699     
   3.1819805153394637E-002  0.13800000000006482     
   3.8890872965260115E-002  0.13800000000006468     
   4.5961940777125593E-002  0.13800000000006346     
   5.3033008588991057E-002  0.13800000000006224     
   6.0104076400856535E-002  0.13800000000006057     
   6.7175144212722027E-002  0.13800000000006163     
   7.4246212024587477E-002  0.13800000000006207     
   8.1317279836452955E-002  0.13800000000006121     
   8.8388347648318433E-002  0.13800000000006196     
   9.5459415460183911E-002  0.13800000000006382     
  0.10253048327204939       0.13800000000006399     
  0.10960155108391487       0.13800000000006252     
  0.11667261889578034       0.13800000000006393     
  0.12374368670764581       0.13800000000006538     
  0.13081475451951130       0.13800000000006374     
  0.13788582233137675       0.13800000000006243     
  0.14495689014324226       0.13800000000006105     
  0.15202795795510771       0.13800000000006216     
  0.15909902576697321       0.13800000000006321     
  0.16617009357883866       0.13800000000005969     
  0.17324116139070411       0.13800000000004867     
  0.18031222920256962       0.13800000000002113     
  0.18738329701443512       0.13799999999995277     
  0.19445436482630057       0.13799999999981483     
  0.20152543263816602       0.13799999999953608     
  0.20859650045003153       0.13799999999908721     
  0.21566756826189698       0.13799999999871737     
  0.22273863607376249       0.13800000000108181     
  0.22980970388562794       0.13800000002000964     
  0.23688077169749344       0.13800000011016025     
  0.24395183950935889       0.13800000043677968     
  0.25102290732122434       0.13800000136578008     
  0.25809397513308985       0.13800000340126639     
  0.26516504294495535       0.13800000677289734     
  0.27223611075682080       0.13800001171971291     
  0.27930717856868625       0.13800002369294470     
  0.28637824638055176       0.13800007318737653     
  0.29344931419241721       0.13800028942526862     
  0.30052038200428266       0.13800083493257362     
  0.30759144981614817       0.13799941045519912     
  0.31466251762801367       0.13798650728121070     
  0.32173358543987918       0.13798981412260267     
  0.32880465325174457       0.13796739210671177     
  0.33587572106361008       0.14878952980868568     
  0.34294678887547558       0.55255854702967555     
  0.35001785668734098       0.68832783374631978     
  0.35708892449920648       0.69733982835168073     
  0.36415999231107199       0.70223040056043751     
  0.37123106012293750       0.71103340965773054     
  0.37830212793480295       0.71487026079596472     
  0.38537319574666840       0.71880036293012239     
  0.39244426355853390       0.72511127787323837     
  0.39951533137039941       0.71314081158293863     
  0.40658639918226480       0.99390512436222356     
  0.41365746699413031        1.1385598063350182     
  0.42072853480599576        1.0914845151987183     
  0.42779960261786121        1.0899711701920658     
  0.43487067042972671        1.0528307630084739     
  0.44194173824159222        1.0150650662354901     
  0.44901280605345772       0.95686449785339556     
  0.45608387386532312       0.92115954405987799     
  0.46315494167718863       0.87745683220816095     
  0.47022600948905413       0.86150565577820049     
  0.47729707730091964       0.60631807092799761     
  0.48436814511278509       0.50886610224487572     
  0.49143921292465054       0.50815433749637939     
  0.49851028073651593       0.52492559020959340     
  0.50558134854838144       0.55946135131829589     
  0.51265241636024694       0.59122893932859766     
  0.51972348417211234       0.62556664747649637     
  0.52679455198397784       0.66528367184679593     
  0.53386561979584335       0.70178852403851921     
  0.54093668760770885       0.73724235378262859     
  0.54800775541957436       0.77153604439927437     
  0.55507882323143987       0.80192502852088943     
  0.56214989104330537       0.82803346417692469     
  0.56922095885517088       0.85242475823153119     
  0.57629202666703627       0.87751201463920614     
  0.58336309447890167       0.90463572182643137     
  0.59043416229076717       0.93347798332867227     
  0.59750523010263268       0.96100262933354752     
  0.60457629791449818       0.98306892881980845     
  0.61164736572636369       0.99109739605280689     
  0.61871843353822897       0.98527248180569416     
  0.62578950135009448       0.98491603013881557     
  0.63286056916195998       0.98551682573303390     
  0.63993163697382549       0.97866793639020333     
  0.64700270478569100       0.95829988314035930     
  0.65407377259755650       0.92280307896915825     
  0.66114484040942201       0.90891547101808734     
  0.66821590822128751       0.89019699682991649     
  0.67528697603315280       0.90879108470630987     
  0.68235804384501830       0.96424102885866825     
  0.68942911165688381        1.0262436843640632     
  0.69650017946874931        1.0454097396395343     
  0.70357124728061482       0.99669567789566516     
  0.71064231509248033       0.98724856956426921     
  0.71771338290434583       0.97489647882705488     
  0.72478445071621134       0.95608154440402937     
  0.73185551852807684       0.95314944219433195     
  0.73892658633994235       0.98514165186192881     
  0.74599765415180774        1.0324506211416029     
  0.75306872196367314        1.0970171444462700     
  0.76013978977553864        1.1800237173941333     
  0.76721085758740415        1.2695093051058457     
  0.77428192539926965        1.3596471484019483     
  0.78135299321113516        1.4447615357955839     
  0.78842406102300067        1.5191820470868094     
  0.79549512883486617        1.5812656055130563     
  0.80256619664673168        1.6318658697188766     
  0.80963726445859707        1.6708847893149763     
  0.81670833227046247        1.7009018206990969     
  0.82377940008232797        1.7229529304590301     
  0.83085046789419337        1.7392303528613238     
  0.83792153570605876        1.7512330923131390     
  0.84499260351792427        1.7593213313487772     
  0.85206367132978977        1.7637911108294115     
  0.85913473914165528        1.7660337263805959     
  0.86620580695352078        1.7672668637461206     
  0.87327687476538629        1.7666891648365308     
  0.88034794257725180        1.7624780620216591     
  0.88741901038911730        1.7545403284114973     
  0.89449007820098270        1.7448004936829504     
  0.90156114601284809        1.7341056160081132     
  0.90863221382471360        1.7218908939485738     
  0.91570328163657910        1.7069612974256181     
  0.92277434944844461        1.6917661392206331     
  0.92984541726031011        1.6763971257266996     
  0.93691648507217562        1.6619684933395751     
  0.94398755288404113        1.6481656066757189     
  0.95105862069590663        1.6359170465014410     
  0.95812968850777203        1.6260671892640419     
  0.96520075631963753        1.6211720942120791     
  0.97227182413150293        1.6169381635145865     
  0.97934289194336843        1.6107469800483734     
  0.98641395975523394        1.6089038449918887     
  0.99348502756709922        1.6081688514794981     
   1.0005560953789647        1.6068942684021419     
   1.0076271631908302        1.6029815030465298     
   1.0146982310026957        1.5975713790878820     
   1.0217692988145610        1.6039853822801724     
   1.0288403666264267        1.6176564006298275     
   1.0359114344382920        1.6115854537145948     
   1.0429825022501578        1.6045131366829071     
   1.0500535700620230        1.6160553768493477     
   1.0571246378738888        1.6182614811760334     
   1.0641957056857541        1.6100481200198271     
   1.0712667734976196        1.6050338657170284     
   1.0783378413094851        1.6155072377909687     
   1.0854089091213504        1.6104046049476650     
   1.0924799769332161        1.6028957523789327     
   1.0995510447450814        1.5895151519206241     
   1.1066221125569471        1.5813809058248931     
   1.1136931803688124        1.5769319746708270     
   1.1207642481806781        1.6009090493399145     
   1.1278353159925434        1.6401227585057592     
   1.1349063838044089        1.6187961946271163     
   1.1419774516162744        1.6034451843148088     
   1.1490485194281397        1.4966617202078902     
   1.1561195872400054        1.4944128645518000     
   1.1631906550518707        1.4942284568356148     
   1.1702617228637364        1.4942698458148875     
   1.1773327906756017        1.4928977301347683     
   1.1844038584874670        1.4915956444826495     
   1.1914749262993327        1.4919926458879127     
   1.1985459941111980        1.4915569446300749     
   1.2056170619230637        1.4884876583546591     
   1.2126881297349290        1.4872258904325997     
   1.2197591975467945        1.4888055256049579     
   1.2268302653586600        1.4886589850846244     
   1.2339013331705253        1.4868412205388530     
   1.2409724009823910        1.4864767707701447     
   1.2480434687942563        1.4862050651253134     
   1.2551145366061220        1.4847123872732269     
   1.2621856044179873        1.4838348210298791     
   1.2692566722298531        1.4835764549989994     
   1.2763277400417183        1.4826275904989590     
   1.2833988078535841        1.4824209647051598     
   1.2904698756654494        1.4839312957785373     
   1.2975409434773146        1.4844905097539489     
   1.3046120112891804        1.4827582320684922     
   1.3116830791010456        1.4811949138031484     
   1.3187541469129114        1.4818505643538353     
   1.3258252147247767        1.4835540983647972     
   1.3328962825366424        1.4834853099825049     
   1.3399673503485077        1.4825168223902765     
   1.3470384181603734        1.4838332099718281     
   1.3541094859722387        1.4851306690186030     
   1.3611805537841040        1.4830776032508117     
   1.3682516215959697        1.4812659041916239     
   1.3753226894078350        1.4826132915821388     
   1.3823937572197003        1.4837179809630714     
   1.3894648250315660        1.4827597696299391     
   1.3965358928434313        1.4820076842586034     
   1.4036069606552970        1.4813403186547489     
   1.4106780284671623        1.4838871003230787     
