   1.7578125000000000E-002   3.8571430021609250        10.141852234263965        0.0000000000000000        39.166660948437361        6.6975284571479801     
   5.2734375000000000E-002   3.8571429961193866        10.141852230078735        0.0000000000000000        39.166660901668990        6.6975284529519161     
   8.7890625000000000E-002   3.8571429917626192        10.141852227060989        0.0000000000000000        39.166660867942220        6.6975284499256196     
  0.12304687500000000        3.8571430201119199        10.141852246698676        0.0000000000000000        39.166661087399376        6.6975284696163033     
  0.15820312500000000        3.8571430092228640        10.141852239156265        0.0000000000000000        39.166661003104032        6.6975284620524169     
  0.19335937500000000        3.8571429449122174        10.141852194606480        0.0000000000000000        39.166660505266798        6.6975284173858158     
  0.22851562500000000        3.8571430110916745        10.141852240450582        0.0000000000000000        39.166661017570178        6.6975284633504195     
  0.26367187500000000        3.8571431008953909        10.141852302659904        0.0000000000000000        39.166661712757424        6.6975285257244819     
  0.29882812500000000        3.8571429354655091        10.141852188060344        0.0000000000000000        39.166660432137789        6.6975284108259077     
  0.33398437500000000        3.8571428764119386        10.141852147160913        0.0000000000000000        39.166659974990786        6.6975283698032708     
  0.36914062500000000        3.8571431258874216        10.141852319960808        0.0000000000000000        39.166661906232385        6.6975285430927451     
  0.40429687500000000        3.8571430573157386        10.141852272488622        0.0000000000000000        39.166661375385608        6.6975284954403707     
  0.43945312500000000        3.8571429153133883        10.141852174077053        0.0000000000000000        39.166660276155007        6.6975283968498083     
  0.47460937500000000        3.8571432003056620        10.141852371555272        0.0000000000000000        39.166662482293184        6.6975285947449352     
  0.50976562500000000        3.8571427101858031        10.141852031977194        0.0000000000000000        39.166658688199995        6.6975282543719636     
  0.54492187500000000        3.8571421927675180        10.141851673590129        0.0000000000000000        39.166654682871005        6.6975278949917625     
  0.58007812500000000        3.8571442932582864        10.141853128685131        0.0000000000000000        39.166670942815436        6.6975293537973410     
  0.61523437500000000        3.8571449898497159        10.141853610988900        0.0000000000000000        39.166676335906715        6.6975298379546135     
  0.65039062500000000        3.8571400208779067        10.141850169475362        0.0000000000000000        39.166637869062534        6.6975263859938545     
  0.68554687500000000        3.8571392339513397        10.141849623219258        0.0000000000000000        39.166631779280394        6.6975258407050555     
  0.72070312500000000        3.8571475453627113        10.141855382570499        0.0000000000000000        39.166696116731799        6.6975316115253900     
  0.75585937500000000        3.8571473848569573        10.141855268666077        0.0000000000000000        39.166694876530336        6.6975315024949573     
  0.79101562500000000        3.8571380503586683        10.141848805791083        0.0000000000000000        39.166622616775861        6.6975250169132163     
  0.82617187500000000        3.8571456272087699        10.141854051434400        0.0000000000000000        39.166681263353986        6.6975302796899809     
  0.86132812500000000        3.8571518625917371        10.141858371436211        0.0000000000000000        39.166729554568946        6.6975346158035993     
  0.89648437500000000        3.8571141569391498        10.141832257007843        0.0000000000000000        39.166437619260030        6.6975084105015599     
  0.93164062500000000        3.8570887559307083        10.141814644613929        0.0000000000000000        39.166241081199061        6.6974908034124541     
  0.96679687500000000        3.8571498269034996        10.141856982777416        0.0000000000000000        39.166713682678825        6.6975331578789534     
   1.0019531250000000        3.8571850469643310        10.141881328039222        0.0000000000000000        39.166986559505709        6.6975577157271813     
   1.0371093750000000        3.8570794365833825        10.141808235531673        0.0000000000000000        39.166168722474602        6.6974842424360030     
   1.0722656250000000        3.8570409453069727        10.141781511420607        0.0000000000000000        39.165871028532131        6.6974576181248526     
   1.1074218750000000        3.8572520033810354        10.141927712007051        0.0000000000000000        39.167504799232105        6.6976041954729419     
   1.1425781250000000        3.8573380864057962        10.141987499073036        0.0000000000000000        39.168170667962364        6.6976637377593393     
   1.1777343750000000        3.8569637354107642        10.141727701849334        0.0000000000000000        39.165274496824033        6.6974045075758601     
   1.2128906250000000        3.8567520280117447        10.141581998877705        0.0000000000000000        39.163631730522837        6.6972557667846528     
   1.2480468750000000        3.8573788573576882        10.142014582988576        0.0000000000000000        39.168491475338143        6.6976941863141217     
   1.2832031250000000        3.8579334214761962        10.142400873687704        0.0000000000000000        39.172772378110317        6.6980746068478085     
   1.3183593750000000        3.8570149711205945        10.141762388073285        0.0000000000000000        39.165680249829222        6.6974430147301920     
   1.3535156250000000        3.8556828016672542        10.140840010860167        0.0000000000000000        39.155345217514771        6.6965109637800770     
   1.3886718750000000        3.8566329435420137        10.141502066291661        0.0000000000000000        39.162724033412005        6.6971749479322726     
   1.4238281250000000        3.8594071959744198        10.143409262893492        0.0000000000000000        39.184185780422297        6.6991065924382482     
   1.4589843750000000        3.8596357850535918        10.143598264160113        0.0000000000000000        39.185942463966420        6.6992408227904239     
   1.4941406250000000        3.8553922321602250        10.140599312463838        0.0000000000000000        39.153165749999545        6.6963538752160634     
   1.5292968750000000        3.8517818342809278        10.138193043963810        0.0000000000000000        39.125038660017324        6.6937273777243469     
   1.5644531250000000        3.8546334117537193        10.140018336637542        0.0000000000000000        39.147465617721600        6.6959087551226553     
   1.5996093750000000        3.8632668358112356        10.146193304945927        0.0000000000000000        39.213711051822919        6.7016110605306460     
   1.6347656250000000        3.8710999763361422        10.151377185098282        0.0000000000000000        39.275233387332975        6.7073968575141345     
   1.6699218750000000        3.8717038118319409        10.151796320104452        0.0000000000000000        39.278879410558304        6.7075447945224838     
   1.7050781250000000        3.8541730519539934        10.140195661634904        0.0000000000000000        39.144108254787646        6.6953030682860062     
   1.7402343750000000        3.8128981993730613        10.109603189137255        0.0000000000000000        38.824422955605165        6.6673716740378657     
   1.7753906250000000        3.7845388253043151        10.091997201222277        0.0000000000000000        38.604830309165109        6.6451890117900412     
   1.8105468750000000        3.8032072570810560        10.099751571711495        0.0000000000000000        38.751872503362712        6.6631874698599152     
   1.8457031250000000        3.8055038956613312        10.111133415810544        0.0000000000000000        38.763442701245978        6.6563910574348615     
   1.8808593750000000        3.6646517425344616        9.9905171437638582        0.0000000000000000        37.687370788548982        6.5679839421017263     
   1.9160156250000000        3.5916395692089016        9.9424442036928689        0.0000000000000000        37.118537351318913        6.5031878574668065     
   1.9511718750000000        3.8418515570288543        10.128418263268017        0.0000000000000000        39.050374798471417        6.6893290238302372     
   1.9863281250000000        4.0769584103749761        10.275624611797966        0.0000000000000000        40.881274740392094        6.8511512509353274     
   2.0214843750000000        4.1060494219560866        10.295020098609301        0.0000000000000000        41.106799469674918        6.8680480746659009     
   2.0566406250000000        4.0666176028831380        10.272897868598294        0.0000000000000000        40.798010220756204        6.8416943868437716     
   2.0917968750000000        4.0451022623357042        10.260513525342065        0.0000000000000000        40.629754999490665        6.8271987566404384     
   2.1269531250000000        4.0361543772046629        10.255302521774862        0.0000000000000000        40.559819907015118        6.8211406766814076     
   2.1621093750000000        4.0241343599740027        10.248213929247838        0.0000000000000000        40.465944398993912        6.8130040379403649     
   2.1972656250000000        4.0075723277728192        10.238305580687598        0.0000000000000000        40.336696347634756        6.8017715955337161     
   2.2324218750000000        3.9890231038066313        10.227025148461870        0.0000000000000000        40.192069719724003        6.7891528485200352     
   2.2675781250000000        3.9693401021006474        10.214838288662110        0.0000000000000000        40.038748888114036        6.7757202957243550     
   2.3027343750000000        3.9486861170573428        10.201805063712216        0.0000000000000000        39.878029176279888        6.7615816859226339     
   2.3378906250000000        3.9275889728768876        10.188229212966640        0.0000000000000000        39.714039643148098        6.7470970827526591     
   2.3730468750000000        3.9066545210838766        10.174504734718456        0.0000000000000000        39.551460466235838        6.7326666380558677     
   2.4082031250000000        3.8860531799559812        10.160733293412264        0.0000000000000000        39.391671016893739        6.7184377137464732     
   2.4433593750000000        3.8654711369040986        10.146737831039767        0.0000000000000000        39.232111573361848        6.7041454646630587     
   2.4785156250000000        3.8442649676572249        10.132033174570489        0.0000000000000000        39.067991242843100        6.6894143908379968     
   2.5136718750000000        3.8220081513411390        10.116313855796976        0.0000000000000000        38.895758949543840        6.6738566430157329     
   2.5488281250000000        3.7988932258126384        10.099700483448858        0.0000000000000000        38.717234720794401        6.6576633273836601     
   2.5839843750000000        3.7753263886125055        10.082309956377385        0.0000000000000000        38.535300499810873        6.6411461810241192     
   2.6191406250000000        3.7514684423561890        10.064645700033473        0.0000000000000000        38.351228899639921        6.6241358515746480     
   2.6542968750000000        3.7287914636245332        10.046985257382129        0.0000000000000000        38.176894589689397        6.6084203892239266     
   2.6894531250000000        3.7119762208635261        10.034504233991306        0.0000000000000000        38.046722809105738        6.5958651943254401     
   2.7246093750000000        3.6935217827902291        10.019260643966424        0.0000000000000000        37.906022525615839        6.5835836980863336     
   2.7597656250000000        3.6604813467992678        9.9936245448778820        0.0000000000000000        37.650293343542799        6.5587819580629345     
   2.7949218750000000        3.6354407258763706        9.9724456343883379        0.0000000000000000        37.460395918057863        6.5418738440874424     
   2.8300781250000000        3.6566930893623391        9.9893447184450910        0.0000000000000000        37.621472235626506        6.5570280645251913     
   2.8652343750000000        3.6443750141479034        9.9826845994092661        0.0000000000000000        37.527103286776438        6.5456494361099251     
   2.9003906250000000        3.5334496706202012        9.8798947370542454        0.0000000000000000        36.680675053220369        6.4718809721167316     
   2.9355468750000000        3.6080777607812071        9.9565379176613504        0.0000000000000000        37.244714818300572        6.5151357237038008     
   2.9707031250000000        3.9107416915140125        10.171751333114756        0.0000000000000000        39.586881056755296        6.7400597427900388     
   3.0058593750000000        4.0878345449965403        10.282854238899663        0.0000000000000000        40.965579934948266        6.8575274708939480     
   3.0410156250000000        4.1011720259484008        10.292115106107694        0.0000000000000000        41.068571323994313        6.8649300158743891     
   3.0761718750000000        4.0810610426646372        10.280881817446486        0.0000000000000000        40.910960759895922        6.8514834501699085     
   3.1113281250000000        4.0690798041795739        10.274111022076822        0.0000000000000000        40.817109767604769        6.8434251054229440     
   3.1464843750000000        4.0549952951961741        10.266112704644918        0.0000000000000000        40.706831563290208        6.8338846527643513     
   3.1816406250000000        4.0348034135364088        10.254421996939801        0.0000000000000000        40.548930925381526        6.8201992987477453     
   3.2167968750000000        4.0132424605133821        10.241678142973957        0.0000000000000000        40.380517344168609        6.8055406826550406     
   3.2519531250000000        3.9937557389397007        10.229938375848452        0.0000000000000000        40.228459341095132        6.7922410093037691     
   3.2871093750000000        3.9759087764053538        10.218993909291134        0.0000000000000000        40.089326878459524        6.7800228532480684     
   3.3222656250000000        3.9574632613876917        10.207477143054433        0.0000000000000000        39.945677883628974        6.7673692305178390     
   3.3574218750000000        3.9368499730360544        10.194359896472751        0.0000000000000000        39.785314215295386        6.7531943983895397     
   3.3925781250000000        3.9140657829505252        10.179557583143579        0.0000000000000000        39.608281500024837        6.7374884463319722     
   3.4277343750000000        3.8900085590252425        10.163588547845094        0.0000000000000000        39.421564968571523        6.7208458519714931     
   3.4628906250000000        3.8653164309215797        10.146837649953463        0.0000000000000000        39.230168843737829        6.7037054980421260     
   3.4980468750000000        3.8396547374134027        10.129024551051099        0.0000000000000000        39.031493536216630        6.6858328827348803     
   3.5332031250000000        3.8120763378301752        10.109462636073523        0.0000000000000000        38.818225001316030        6.6665230453763593     
   3.5683593750000000        3.7823744156394974        10.087811131481867        0.0000000000000000        38.588923120572829        6.6457026068339875     
   3.6035156250000000        3.7524062930763966        10.065509116226304        0.0000000000000000        38.357697044793319        6.6244860533362067     
   3.6386718750000000        3.7252008042523101        10.044661719435299        0.0000000000000000        38.148346706762993        6.6053064675736142     
   3.6738281250000000        3.7035939850749764        10.027905400816197        0.0000000000000000        37.981804237355405        6.5898023530727965     
   3.7089843750000000        3.6868076068181233        10.014660996433010        0.0000000000000000        37.853047129530182        6.5778814492485767     
   3.7441406250000000        3.6685575010639693        9.9998231889456193        0.0000000000000000        37.712550224649156        6.5648955876511028     
   3.7792968750000000        3.6467335332864144        9.9827125625022113        0.0000000000000000        37.544989797050803        6.5487246438879891     
   3.8144531250000000        3.6325629606421459        9.9694934863643603        0.0000000000000000        37.436956634265471        6.5398516530092827     
   3.8496093750000000        3.6211047032641899        9.9626977379095365        0.0000000000000000        37.347390600645511        6.5290216438853932     
   3.8847656250000000        3.5689131239762344        9.9140123933226860        0.0000000000000000        36.950418890795156        6.4951008068106066     
   3.9199218750000000        3.5643683293233690        9.9142596983026401        0.0000000000000000        36.912627042562775        6.4876609483312278     
   3.9550781250000000        3.7478216001146105        10.062296489974065        0.0000000000000000        38.322024121132259        6.6209668527403087     
   3.9902343750000000        3.9681388516533747        10.211845127252690        0.0000000000000000        40.030269000590508        6.7765732077725067     
   4.0253906250000000        4.0636281554636025        10.271408050037268        0.0000000000000000        40.773640226414301        6.8393081884131188     
   4.0605468750000000        4.0784611106437625        10.280373349641847        0.0000000000000000        40.889135085689396        6.8487898605697088     
   4.0957031250000000        4.0765977551359720        10.279268394733966        0.0000000000000000        40.874524335124740        6.8475670326918268     
   4.1308593750000000        4.0693150672336325        10.275041436282496        0.0000000000000000        40.817756794234406        6.8427954447535271     
   4.1660156250000000        4.0560570023127740        10.267381857897080        0.0000000000000000        40.714272043948142        6.8339768778279026     
   4.2011718750000000        4.0433045002461512        10.260145204800473        0.0000000000000000        40.614289379747525        6.8252094842643061     
   4.2363281250000000        4.0343996123861574        10.255217650573517        0.0000000000000000        40.544100423685698        6.8188600240775612     
   4.2714843750000000        4.0238664039075323        10.248970610162685        0.0000000000000000        40.461942442617747        6.8117682641932804     
   4.3066406250000000        4.0050684075337664        10.237246814221903        0.0000000000000000        40.316368631820190        6.7995827513610934     
   4.3417968750000000        3.9773830097680434        10.220006373961423        0.0000000000000000        40.101256258567119        6.7810788886101321     
   4.3769531250000000        3.9446995039808415        10.199951311890937        0.0000000000000000        39.845686930973265        6.7580550853273724     
   4.4121093750000000        3.9106443540234785        10.178705636976289        0.0000000000000000        39.579130275940720        6.7335343223733259     
   4.4472656250000000        3.8768978396138145        10.155979082971157        0.0000000000000000        39.317675410866983        6.7103389790686823     
   4.4824218750000000        3.8445253030748607        10.132078712337250        0.0000000000000000        39.070506842084114        6.6898197061842328     
   4.5175781250000000        3.8147754150381084        10.109607883880658        0.0000000000000000        38.843575327596966        6.6708368949187333     
   4.5527343750000000        3.7879626823723429        10.091238955977946        0.0000000000000000        38.634236546014925        6.6506897460661456     
   4.5878906250000000        3.7627655829056934        10.075981678055559        0.0000000000000000        38.432513686688061        6.6285600313615571     
   4.6230468750000000        3.7364568291677145        10.058259261731916        0.0000000000000000        38.225100310226075        6.6070785070160891     
   4.6582031250000000        3.7066623249387205        10.032260981409117        0.0000000000000000        38.001825725409461        6.5896010035751091     
   4.6933593750000000        3.6750890864966941        10.000184033795973        0.0000000000000000        37.773710532561026        6.5761936178251776     
   4.7285156250000000        3.6480632887391127        9.9738269033088471        0.0000000000000000        37.575348996160059        6.5626870548795013     
   4.7636718750000000        3.6300915944995267        9.9640572987485356        0.0000000000000000        37.427083772665668        6.5431301902223167     
   4.7988281250000000        3.6194864433459042        9.9693314796871775        0.0000000000000000        37.317268097621103        6.5168790575952729     
   4.8339843750000000        3.6135928002259927        9.9759340926003777        0.0000000000000000        37.248365885690653        6.4972011337801323     
   4.8691406250000000        3.6084443902473016        9.9656293195929724        0.0000000000000000        37.221232036442608        6.5013978410927589     
   4.9042968750000000        3.6121909277353534        9.9426114261577911        0.0000000000000000        37.301520318593823        6.5383931487512177     
   4.9394531250000000        3.6702379980310984        9.9565506489152504        0.0000000000000000        37.816905354841076        6.6240762481210913     
   4.9746093750000000        3.8031874234267065        10.046679351583487        0.0000000000000000        38.866022546511523        6.7301788164271708     
   5.0097656250000000        3.9592378202760439        10.207677642955352        0.0000000000000000        39.951546928651481        6.7671780965605492     
   5.0449218750000000        4.0805920050865927        10.384998243484032        0.0000000000000000        40.664289157938541        6.7268466949128660     
   5.0800781250000000        4.1326468326293684        10.467130807708559        0.0000000000000000        40.961001876584128        6.7040508212632872     
   5.1152343750000000        4.0923829110235692        10.340115079860086        0.0000000000000000        40.902553593667122        6.8027619337949234     
   5.1503906250000000        3.9644382534711720        9.9960434144961781        0.0000000000000000        40.554189154733578        7.0506937594967285     
   5.1855468750000000        3.8124169865553834        9.6077990576637600        0.0000000000000000        40.084022004480573        7.3385348086695705     
   5.2207031250000000        3.7483221308381243        9.4598496843844515        0.0000000000000000        39.836718378569508        7.4432085058459680     
   5.2558593750000000        3.8537972353430963        9.7521550751970807        0.0000000000000000        40.089704004847796        7.2008553609767780     
   5.2910156250000000        4.0981287626738112        10.415409345037727        0.0000000000000000        40.737331422931994        6.7108508318711513     
   5.3261718750000000        4.3507924161024860        11.121570021472403        0.0000000000000000        41.372957922171800        6.2421695931331200     
   5.3613281250000000        4.4714579638712637        11.489874873518453        0.0000000000000000        41.588650172063105        5.9994833822681253     
   5.3964843750000000        4.3777274738890384        11.293763050922985        0.0000000000000000        41.135361618197251        6.0687664125922298     
   5.4316406250000000        4.0825522830172662        10.580024714206800        0.0000000000000000        40.019548749057471        6.4445872754599334     
   5.4667968750000000        3.7031124798506574        9.6583761645204724        0.0000000000000000        38.598063626699101        7.0218450272806994     
   5.5019531250000000        3.4018873354603381        8.9436486608777326        0.0000000000000000        37.425810133376118        7.5455966832953498     
   5.5371093750000000        3.2998191454116417        8.7507773536501556        0.0000000000000000        36.942714578873222        7.6790992227057080     
   5.5722656250000000        3.4223480756966862        9.1537272384393571        0.0000000000000000        37.267015819560363        7.3123231376627054     
   5.6074218750000000        3.6978891317124312        9.9677004866653771        0.0000000000000000        38.170810644135706        6.6894347218903780     
   5.6425781250000000        3.9939255367574074        10.838929346499016        0.0000000000000000        39.178655923554558        6.1270601518819916     
   5.6777343750000000        4.1710302661079206        11.392148537289527        0.0000000000000000        39.757098501918890        5.8018436453370033     
   5.7128906250000000        4.1459560552926540        11.395162530601754        0.0000000000000000        39.570198294795944        5.7671602617351967     
   5.7480468750000000        3.9322225140202902        10.860045217783268        0.0000000000000000        38.675456383865544        6.0217279617002388     
   5.7832031250000000        3.6175908025078716        10.010848072621476        0.0000000000000000        37.428151510221760        6.5172642189376901     
   5.8183593750000000        3.3206401601710147        9.1812169941233375        0.0000000000000000        36.288532653592334        7.1058552243522364     
   5.8535156250000000        3.1539003766965270        8.6938489683317357        0.0000000000000000        35.676591224949512        7.5126421592749981     
   5.8886718750000000        3.1848125220674715        8.7316222608495284        0.0000000000000000        35.854017211102757        7.4995049134503544     
   5.9238281250000000        3.4254880671700958        9.2918910183565178        0.0000000000000000        36.917612687537726        7.0982994707163387     
   5.9589843750000000        3.8178342382931807        10.195030604605593        0.0000000000000000        38.624427406106086        6.5514040473706778     
   5.9941406250000000        4.2278748947255851        11.102406087840263        0.0000000000000000        40.395579777630964        6.1066404618397199     
   6.0292968750000000        4.4820803172227430        11.607375630926672        0.0000000000000000        41.560663107261441        5.9192784754931500     
   6.0644531250000000        4.4656293284915840        11.448342146795000        0.0000000000000000        41.736625062590520        6.0600223390483086     
   6.0996093750000000        4.2059274260212973        10.688282821286153        0.0000000000000000        41.097855759423020        6.5424559315492541     
   6.1347656250000000        3.8396542956078954        9.6938287626390665        0.0000000000000000        40.071590597048285        7.2492908392648028     
   6.1699218750000000        3.5756585129096949        8.9866423927935237        0.0000000000000000        39.330323567081585        7.8411668471848985     
   6.2050781250000000        3.5475125557768910        8.9195973723203874        0.0000000000000000        39.217710103179705        7.8940747959830446     
   6.2402343750000000        3.7826687937796470        9.5222344013686975        0.0000000000000000        39.921945128344966        7.3854287684684881     
   6.2753906250000000        4.1695167552000925        10.496913448207673        0.0000000000000000        41.110768836984157        6.6908434577556513     
   6.3105468750000000        4.4771268636148465        11.335892533875294        0.0000000000000000        41.938525904451950        6.1618825491799569     
   6.3457031250000000        4.5801564042132838        11.674649719322835        0.0000000000000000        42.084897429089843        5.9399219788300259     
   6.3808593750000000        4.4457661598768414        11.341695003874340        0.0000000000000000        41.585474327142940        6.0998364550578854     
   6.4160156250000000        4.0599333817384782        10.448018601531739        0.0000000000000000        40.089170456847782        6.5630302369199907     
   6.4511718750000000        3.6271657391453931        9.4419754468118970        0.0000000000000000        38.472829664216817        7.2187205777101262     
   6.4863281250000000        3.3457932203683112        8.7668979371936597        0.0000000000000000        37.438891719966719        7.7569200424782423     
   6.5214843750000000        3.2903060824980348        8.6929249910844248        0.0000000000000000        36.966449505173983        7.7449267855902759     
   6.5566406250000000        3.5196486255899053        9.3658343143177856        0.0000000000000000        37.831507096034251        7.2081624096261212     
   6.5917968750000000        3.8450695503303041        10.356964364226593        0.0000000000000000        38.975192561837069        6.5087477553263140     
   6.6269531250000000        4.0500594299010002        11.005174726654866        0.0000000000000000        39.115455851583938        5.9661706090588780     
   6.6621093750000000        4.1844992268535846        11.397556147895470        0.0000000000000000        39.579761653631479        5.7492372792618287     
   6.6972656250000000        4.1387193858947811        11.515302433097995        0.0000000000000000        39.969601843064282        5.7867874135736699     
   6.7324218750000000        3.8976689156236128        10.800313380977558        0.0000000000000000        38.637918924048606        6.0739538064566148     
   6.7675781250000000        3.4682585100857883        9.4660391385916043        0.0000000000000000        35.526731457031246        6.5187573823660712     
   6.8027343750000000        3.2296234983087495        8.9231096448102818        0.0000000000000000        35.906143035826439        7.3009553212280389     
   6.8378906250000000        3.1091710058795483        8.5031203433111759        0.0000000000000000        35.298844973697030        7.6134313935537827     
   6.8730468750000000        2.6882204135084038        6.5523674554022868        0.0000000000000000        27.665162492840647        7.3207061069627715     
   6.9082031250000000        1.7532633564804865        2.6362160740886549        0.0000000000000000        12.049746862287195        5.7423390475605478     
   6.9433593750000000       0.91095041831609480        5.3740677151932897E-003   0.0000000000000000        2.5592297039160772        2.8093887444930017     
   6.9785156250000000       0.95480269007497276       -7.7083532511029330E-003   0.0000000000000000        2.4813618182773842        2.5987889732292717     
   7.0136718750000000        1.0167141925438838        2.1035204473564842E-002   0.0000000000000000        2.5611795492419773        2.5188612150448337     
   7.0488281250000000        1.0351708419447663       -2.2684229830427451E-004   0.0000000000000000        2.4993019145070403        2.4143859046078475     
   7.0839843750000000        1.0687560215706946       -5.6602741698122503E-004   0.0000000000000000        2.4983860797895261        2.3376578746475287     
   7.1191406250000000        1.1011313940253211        1.5960493568724325E-004   0.0000000000000000        2.5004514899265331        2.2708020967586364     
   7.1542968750000000        1.1296331040744534        1.0085006845264890E-005   0.0000000000000000        2.5000277992971891        2.2131325562564217     
   7.1894531250000000        1.1542544398790477       -8.1320785845039006E-006   0.0000000000000000        2.4999776211754119        2.1658808792702011     
   7.2246093750000000        1.1741460017866676        9.2968654126897982E-007   0.0000000000000000        2.5000025458980191        2.1292092653668808     
   7.2597656250000000        1.1886616976362938        2.4842923261142065E-007   0.0000000000000000        2.5000006731857525        2.1032062176791668     
   7.2949218750000000        1.1973632476748026       -7.5856151017393431E-008   0.0000000000000000        2.4999997949731596        2.0879209378006096     
   7.3300781250000000        1.1999825145414054        9.3855024040367579E-010   0.0000000000000000        2.5000000025293256        2.0833636925824250     
   7.3652343750000000        1.1964383381126349        3.1452226186872388E-009   0.0000000000000000        2.5000000085015563        2.0895351886209799     
   7.4003906250000000        1.1868400117950924       -5.1175755772859625E-010   0.0000000000000000        2.4999999986145465        2.1064338695771667     
   7.4355468750000000        1.1714833609811175       -4.9919366958590825E-011   0.0000000000000000        2.4999999998634741        2.1340465286418784     
   7.4707031250000000        1.1508416668516150        2.9319029619687193E-011   0.0000000000000000        2.5000000000812297        2.1723231545139816     
   7.5058593750000000        1.1255510977395649       -2.7406183715786436E-012   0.0000000000000000        2.4999999999929075        2.2211341670881377     
   7.5410156250000000        1.0963910981701503       -6.7821197449810859E-013   0.0000000000000000        2.4999999999985527        2.2802082251223958     
   7.5761718750000000        1.0642603666763590        3.1840954422244528E-013   0.0000000000000000        2.5000000000013749        2.3490492348303555     
   7.6113281250000000        1.0301491584951485        3.9800850011792704E-014   0.0000000000000000        2.5000000000005724        2.4268330264450202     
   7.6464843750000000       0.99510876629924228        4.8670098401630958E-014   0.0000000000000000        2.5000000000005915        2.5122881886549564     
   7.6816406250000000       0.96021911980885655        6.0937239970679525E-014   0.0000000000000000        2.5000000000006213        2.6035724017849975     
   7.7167968750000000       0.92655550282708266        5.8190762449061359E-014   0.0000000000000000        2.5000000000006053        2.6981654011796037     
   7.7519531250000000       0.89515541345824456        5.7868041470869941E-014   0.0000000000000000        2.5000000000006000        2.7928111280055559     
   7.7871093750000000       0.86698658886535585        5.7704746101876098E-014   0.0000000000000000        2.5000000000005937        2.8835509477400314     
   7.8222656250000000       0.84291718002968852        5.8021534860675006E-014   0.0000000000000000        2.5000000000005924        2.9658904329278699     
   7.8574218750000000       0.82368899571329424        5.8426826352849910E-014   0.0000000000000000        2.5000000000005889        3.0351261374272105     
   7.8925781250000000       0.80989464023399271        5.8777103953762925E-014   0.0000000000000000        2.5000000000005818        3.0868212676136344     
   7.9277343750000000       0.80195924965688037        6.0279689186695655E-014   0.0000000000000000        2.5000000000005778        3.1173653786900108     
   7.9628906250000000       0.80012738928475602        6.1426864761560556E-014   0.0000000000000000        2.5000000000005729        3.1245024648329491     
   7.9980468750000000       0.80445551626138545        6.2647413234633684E-014   0.0000000000000000        2.5000000000005667        3.1076920345068042     
   8.0332031250000000       0.81481023958674859        6.4964420274702200E-014   0.0000000000000000        2.5000000000005604        3.0681990462816207     
   8.0683593750000000       0.83087243116993326        6.7999949990886634E-014   0.0000000000000000        2.5000000000005556        3.0088854873670083     
   8.1035156250000000       0.85214706121874495        7.1904258626698459E-014   0.0000000000000000        2.5000000000005529        2.9337659117488952     
   8.1386718750000000       0.87797845484365611        7.6196122606567933E-014   0.0000000000000000        2.5000000000005476        2.8474502833281128     
   8.1738281250000000       0.90757049967409320        8.0698214014468560E-014   0.0000000000000000        2.5000000000005413        2.7546069433705553     
   8.2089843750000000       0.94001118169710518        8.5138126169772712E-014   0.0000000000000000        2.5000000000005338        2.6595428317001617     
   8.2441406250000000       0.97430069313446999        9.0090900726377227E-014   0.0000000000000000        2.5000000000005271        2.5659429554110820     
   8.2792968750000000        1.0093822460856468        9.5899263121786568E-014   0.0000000000000000        2.5000000000005245        2.4767624056153630     
   8.3144531250000000        1.0441746422735398        1.0200172444924720E-013   0.0000000000000000        2.5000000000005205        2.3942355031310960     
   8.3496093750000000        1.0776055951072481        1.0788976819593554E-013   0.0000000000000000        2.5000000000005134        2.3199582587093959     
   8.3847656250000000        1.1086447770908272        1.1304027216987442E-013   0.0000000000000000        2.5000000000005045        2.2550054369630503     
   8.4199218750000000        1.1363355740706287        1.1866571906511771E-013   0.0000000000000000        2.5000000000004996        2.2000543299413708     
   8.4550781250000000        1.1598245676694905        1.2462067804395727E-013   0.0000000000000000        2.5000000000004929        2.1554984000933022     
   8.4902343750000000        1.1783878372717798        1.2900358469517426E-013   0.0000000000000000        2.5000000000004867        2.1215426033151550     
   8.5253906250000000        1.1914532709433217        1.3217479326885601E-013   0.0000000000000000        2.5000000000004801        2.0982778435121752     
   8.5605468750000000        1.1986181976736341        1.3555395622129230E-013   0.0000000000000000        2.5000000000004716        2.0857350613002996     
   8.5957031250000000        1.1996617975221981        1.3749331927893737E-013   0.0000000000000000        2.5000000000004627        2.0839206559415371     
   8.6308593750000000        1.1945519071933806        1.3965707821172996E-013   0.0000000000000000        2.5000000000004565        2.0928349659365142     
   8.6660156250000000        1.1834460112953524        1.3942598570476735E-013   0.0000000000000000        2.5000000000004481        2.1124749047605884     
   8.7011718750000000        1.1666863887325494        1.4082026077162015E-013   0.0000000000000000        2.5000000000004441        2.1428209192672281     
   8.7363281250000000        1.1447895638180903        1.3855712348281752E-013   0.0000000000000000        2.5000000000004277        2.1838074690884266     
   8.7714843750000000        1.1184303872179484        1.4112655012430242E-013   0.0000000000000000        2.5000000000004299        2.2352754615502546     
   8.8066406250000000        1.0884212373455358        1.3304045633002962E-013   0.0000000000000000        2.5000000000004059        2.2969048326339694     
   8.8417968750000000        1.0556869832106885        1.4179700766692078E-013   0.0000000000000000        2.5000000000004312        2.3681261962680602     
   8.8769531250000000        1.0212364803570089        1.2118856245863975E-013   0.0000000000000000        2.5000000000003717        2.4480128237549930     
   8.9121093750000000       0.98613147837083825        1.5090009360218513E-013   0.0000000000000000        2.5000000000004574        2.5351589061233919     
   8.9472656250000000       0.95145389821832238        9.4099769310793181E-014   0.0000000000000000        2.5000000000002944        2.6275576827019735     
   8.9824218750000000       0.91827248790997007        1.7942865728378256E-013   0.0000000000000000        2.5000000000005520        2.7225034321682284     
