   2.5000000000000001E-002  0.99999999983132237     
   7.5000000000000011E-002  0.99999999983085019     
  0.12500000000000003       0.99999999983344601     
  0.17500000000000002       0.99999999983900323     
  0.22500000000000001       0.99999999984737287     
  0.27500000000000002       0.99999999985835475     
  0.32500000000000001       0.99999999987168098     
  0.37500000000000000       0.99999999988702237     
  0.42499999999999999       0.99999999990399446     
  0.47499999999999998       0.99999999992214827     
  0.52500000000000002       0.99999999994099564     
  0.57500000000000007       0.99999999996002564     
  0.62500000000000000       0.99999999997870570     
  0.67500000000000004       0.99999999999650724     
  0.72499999999999998        1.0000000000129170     
  0.77500000000000002        1.0000000000274647     
  0.82500000000000007        1.0000000000397524     
  0.87500000000000000        1.0000000000494544     
  0.92500000000000004        1.0000000000563458     
  0.97499999999999998        1.0000000000603038     
   1.0250000000000001        1.0000000000612954     
   1.0750000000000002        1.0000000000593974     
   1.1250000000000002        1.0000000000547924     
   1.1750000000000003        1.0000000000477280     
   1.2250000000000001        1.0000000000385199     
   1.2750000000000001        1.0000000000275184     
   1.3250000000000002        1.0000000000150908     
   1.3750000000000002        1.0000000000015914     
   1.4250000000000003       0.99999999998734002     
   1.4750000000000001       0.99999999997261080     
   1.5250000000000001       0.99999999995761335     
   1.5750000000000002       0.99999999994248279     
   1.6250000000000002       0.99999999992730038     
   1.6750000000000003       0.99999999991208377     
   1.7250000000000001       0.99999999989680477     
   1.7750000000000001       0.99999999988139210     
   1.8250000000000002       0.99999999986577037     
   1.8750000000000002       0.99999999984987864     
   1.9250000000000003       0.99999999983368881     
   1.9750000000000001       0.99999999981722809     
   2.0250000000000004       0.99999999980060628     
   2.0750000000000002       0.99999999978403065     
   2.1250000000000000       0.99999999976780762     
   2.1750000000000003       0.99999999975235643     
   2.2250000000000001       0.99999999973822373     
   2.2750000000000004       0.99999999972608311     
   2.3250000000000002       0.99999999971669085     
   2.3750000000000004       0.99999999971086406     
   2.4250000000000003       0.99999999970945674     
   2.4750000000000001       0.99999999971329712     
   2.5250000000000004       0.99999999972313069     
   2.5750000000000002       0.99999999973956910     
   2.6250000000000004       0.99999999976304288     
   2.6750000000000003       0.99999999979373411     
   2.7250000000000001       0.99999999983155374     
   2.7750000000000004       0.99999999987610977     
   2.8250000000000002       0.99999999992667543     
   2.8750000000000004       0.99999999998219535     
   2.9250000000000003        1.0000000000412417     
   2.9750000000000001        1.0000000001020750     
   3.0250000000000004        1.0000000001626814     
   3.0750000000000002        1.0000000002208405     
   3.1250000000000004        1.0000000002742258     
   3.1750000000000003        1.0000000003205296     
   3.2250000000000001        1.0000000003576095     
   3.2750000000000004        1.0000000003836345     
   3.3250000000000002        1.0000000003972047     
   3.3750000000000004        1.0000000003974756     
   3.4250000000000003        1.0000000003842493     
   3.4750000000000001        1.0000000003580209     
   3.5250000000000004        1.0000000003199576     
   3.5750000000000002        1.0000000002718623     
   3.6250000000000004        1.0000000002160454     
   3.6750000000000003        1.0000000001551963     
   3.7250000000000001        1.0000000000922076     
   3.7750000000000004        1.0000000000299736     
   3.8250000000000002       0.99999999997121725     
   3.8750000000000004       0.99999999991830313     
   3.9250000000000003       0.99999999987311661     
   3.9750000000000001       0.99999999983698773     
   4.0249999999999995       0.99999999981066467     
   4.0750000000000002       0.99999999979434151     
   4.1250000000000000       0.99999999978771126     
   4.1749999999999998       0.99999999979005771     
   4.2249999999999996       0.99999999980035170     
   4.2749999999999995       0.99999999981734577     
   4.3250000000000002       0.99999999983964039     
   4.3750000000000000       0.99999999986573529     
   4.4249999999999998       0.99999999989408828     
   4.4749999999999996       0.99999999992317767     
   4.5249999999999995       0.99999999995158928     
   4.5750000000000002       0.99999999997812317     
   4.6250000000000000        1.0000000000018809     
   4.6749999999999998        1.0000000000222988     
   4.7249999999999996        1.0000000000391600     
   4.7750000000000004        1.0000000000525089     
   4.8250000000000002        1.0000000000625215     
   4.8750000000000000        1.0000000000693019     
   4.9249999999999998        1.0000000000726925     
   4.9749999999999996        1.0000000000721583     
   5.0250000000000004        1.0000000000667817     
   5.0750000000000002        1.0000000000552784     
   5.1250000000000000        1.0000000000359734     
   5.1749999999999998        1.0000000000066191     
   5.2249999999999996       0.99999999996387234     
   5.2750000000000004       0.99999999990245569     
   5.3250000000000002       0.99999999981379628     
   5.3750000000000000       0.99999999968395981     
   5.4249999999999998       0.99999999949056007     
   5.4749999999999996       0.99999999919820604     
   5.5250000000000004       0.99999999875170531     
   5.5750000000000002       0.99999999806602713     
   5.6250000000000000       0.99999999701170350     
   5.6749999999999998       0.99999999539364048     
   5.7249999999999996       0.99999999292053487     
   5.7750000000000004       0.99999998916072852     
   5.8250000000000002       0.99999998347845120     
   5.8750000000000000       0.99999997494202275     
   5.9249999999999998       0.99999996219257115     
   5.9749999999999996       0.99999994325776254     
   6.0250000000000004       0.99999991528948950     
   6.0750000000000002       0.99999987419680769     
   6.1250000000000000       0.99999981413566985     
   6.1749999999999998       0.99999972680440530     
   6.2249999999999996       0.99999960047698844     
   6.2750000000000004       0.99999941868422948     
   6.3250000000000002       0.99999915842571452     
   6.3750000000000000       0.99999878776137174     
   6.4249999999999998       0.99999826258859525     
   6.4749999999999996       0.99999752235716333     
   6.5250000000000004       0.99999648440953359     
   6.5750000000000002       0.99999503655731725     
   6.6250000000000000       0.99999302741196849     
   6.6749999999999998       0.99999025387574825     
   6.7249999999999996       0.99998644506999423     
   6.7750000000000004       0.99998124183495973     
   6.8250000000000002       0.99997417077584461     
   6.8750000000000000       0.99996461164679507     
   6.9249999999999998       0.99995175666543379     
   6.9749999999999996       0.99993456015414106     
   7.0250000000000004       0.99991167671959991     
   7.0750000000000002       0.99988138599464293     
   7.1250000000000000       0.99984150177961428     
   7.1749999999999998       0.99978926329136542     
   7.2249999999999996       0.99972120621657379     
   7.2750000000000004       0.99963301134677007     
   7.3250000000000002       0.99951932869016424     
   7.3750000000000000       0.99937357519688674     
   7.4249999999999998       0.99918770480702523     
   7.4749999999999996       0.99895195046213514     
   7.5250000000000004       0.99865453876380261     
   7.5750000000000002       0.99828137904211101     
   7.6250000000000000       0.99781573013648972     
   7.6749999999999998       0.99723785056132608     
   7.7249999999999996       0.99652464052678069     
   7.7750000000000004       0.99564928683042597     
   7.8250000000000002       0.99458092414291899     
   7.8750000000000000       0.99328432953060242     
   7.9249999999999998       0.99171967108713621     
   7.9749999999999996       0.98984233504379904     
   8.0250000000000004       0.98760285811999271     
   8.0749999999999993       0.98494699390603224     
   8.1250000000000000       0.98181594400131256     
   8.1750000000000007       0.97814678524586696     
   8.2249999999999996       0.97387312261189041     
   8.2750000000000004       0.96892599337217289     
   8.3249999999999993       0.96323504222990175     
   8.3750000000000000       0.95672997848664010     
   8.4250000000000007       0.94934231459424434     
   8.4749999999999996       0.94100737097334708     
   8.5250000000000004       0.93166651517060406     
   8.5749999999999993       0.92126958462284392     
   8.6250000000000000       0.90977742264875916     
   8.6750000000000007       0.89716443843223082     
   8.7249999999999996       0.88342108503921979     
   8.7750000000000004       0.86855613634981232     
   8.8249999999999993       0.85259863617965426     
   8.8750000000000000       0.83559939284260920     
   8.9250000000000007       0.81763190143771514     
   8.9749999999999996       0.79879259487217746     
   9.0250000000000004       0.77920035262130294     
   9.0749999999999993       0.75899523222429943     
   9.1250000000000000       0.73833643096105883     
   9.1750000000000007       0.71739953161843839     
   9.2249999999999996       0.69637313266748901     
   9.2750000000000004       0.67545500477715337     
   9.3249999999999993       0.65484794840553884     
   9.3750000000000000       0.63475554799057654     
   9.4250000000000007       0.61537802419646248     
   9.4749999999999996       0.59690837541096564     
   9.5250000000000004       0.57952897405269332     
   9.5750000000000011       0.56340874432320187     
   9.6250000000000000       0.54870099869576305     
   9.6750000000000007       0.53554195523308012     
   9.7249999999999996       0.52404990296012965     
   9.7750000000000004       0.51432493381894206     
   9.8250000000000011       0.50644912119250263     
   9.8750000000000000       0.50048699949391984     
   9.9250000000000007       0.49648618936129818     
   9.9749999999999996       0.49447801965243593     
   10.025000000000000       0.49447801962175908     
   10.075000000000001       0.49648618928500510     
   10.125000000000000       0.50048699944906760     
   10.175000000000001       0.50644912130130992     
   10.225000000000000       0.51432493410953983     
   10.275000000000000       0.52404990333581314     
   10.325000000000001       0.53554195573550956     
   10.375000000000000       0.54870099972960273     
   10.425000000000001       0.56340874640315042     
   10.475000000000000       0.57952897725440644     
   10.525000000000000       0.59690837920733608     
   10.575000000000001       0.61537802794267260     
   10.625000000000000       0.63475555152741103     
   10.675000000000001       0.65484795214215197     
   10.725000000000000       0.67545500923005086     
   10.775000000000000       0.69637313794842359     
   10.825000000000001       0.71739953730692541     
   10.875000000000000       0.73833643641721425     
   10.925000000000001       0.75899523705898309     
   10.975000000000000       0.77920035691003631     
   11.025000000000000       0.79879259889633081     
   11.075000000000001       0.81763190521336548     
   11.125000000000000       0.83559939598863286     
   11.175000000000001       0.85259863832613614     
   11.225000000000000       0.86855613760339134     
   11.275000000000000       0.88342108590491630     
   11.325000000000001       0.89716443929013590     
   11.375000000000000       0.90977742346123625     
   11.425000000000001       0.92126958518228574     
   11.475000000000000       0.93166651545883750     
   11.525000000000000       0.94100737116755784     
   11.575000000000001       0.94934231487357523     
   11.625000000000000       0.95672997899163892     
   11.675000000000001       0.96323504309228813     
   11.725000000000000       0.96892599458593565     
   11.775000000000000       0.97387312393040781     
   11.825000000000001       0.97814678638007990     
   11.875000000000000       0.98181594489088253     
   11.925000000000001       0.98494699467967484     
   11.975000000000000       0.98760285888014065     
   12.025000000000000       0.98984233584434245     
   12.075000000000001       0.99171967202461919     
   12.125000000000000       0.99328433064855126     
   12.175000000000001       0.99458092527446773     
   12.225000000000000       0.99564928771520622     
   12.275000000000000       0.99652464108780137     
   12.325000000000001       0.99723785093035622     
   12.375000000000000       0.99781573041143146     
   12.425000000000001       0.99828137916162951     
   12.475000000000000       0.99865453865056497     
   12.525000000000000       0.99895195016838245     
   12.575000000000001       0.99918770445293936     
   12.625000000000000       0.99937357483511791     
   12.675000000000001       0.99951932829539791     
   12.725000000000000       0.99963301090230305     
   12.775000000000000       0.99972120575254164     
   12.825000000000001       0.99978926284537606     
   12.875000000000000       0.99984150136238015     
   12.925000000000001       0.99988138560308337     
   12.975000000000000       0.99991167635997380     
   13.025000000000000       0.99993455984005297     
   13.075000000000001       0.99995175640356126     
   13.125000000000000       0.99996461143431326     
   13.175000000000001       0.99997417060815530     
   13.225000000000000       0.99998124170949931     
   13.275000000000000       0.99998644498331102     
   13.325000000000001       0.99999025382134044     
   13.375000000000000       0.99999302738223250     
   13.425000000000001       0.99999503654611954     
   13.475000000000000       0.99999648441245148     
   13.525000000000000       0.99999752237067818     
   13.575000000000001       0.99999826261013269     
   13.625000000000000       0.99999878778974327     
   13.675000000000001       0.99999915846075238     
   13.725000000000000       0.99999941872573872     
   13.775000000000000       0.99999960052390324     
   13.825000000000001       0.99999972685442029     
   13.875000000000000       0.99999981418514017     
   13.925000000000001       0.99999987424089598     
   13.975000000000000       0.99999991532275778     
   14.025000000000000       0.99999994327520159     
   14.075000000000001       0.99999996219063825     
   14.125000000000000       0.99999997491934811     
   14.175000000000001       0.99999998343612229     
   14.225000000000000       0.99999998910210630     
   14.275000000000000       0.99999999285052199     
   14.325000000000001       0.99999999531757222     
   14.375000000000000       0.99999999693422614     
   14.425000000000001       0.99999999799033623     
   14.475000000000000       0.99999999867927658     
   14.525000000000000       0.99999999912898452     
   14.575000000000001       0.99999999942343409     
   14.625000000000000       0.99999999961735897     
   14.675000000000001       0.99999999974624210     
   14.725000000000000       0.99999999983300247     
   14.775000000000000       0.99999999989240818     
   14.825000000000001       0.99999999993392774     
   14.875000000000000       0.99999999996359556     
   14.925000000000001       0.99999999998522993     
   14.975000000000000        1.0000000000012328     
   15.025000000000000        1.0000000000130898     
   15.075000000000001        1.0000000000216631     
   15.125000000000000        1.0000000000273652     
   15.175000000000001        1.0000000000302904     
   15.225000000000000        1.0000000000303542     
   15.275000000000000        1.0000000000274205     
   15.325000000000001        1.0000000000215121     
   15.375000000000000        1.0000000000129883     
   15.425000000000001        1.0000000000026392     
   15.475000000000000       0.99999999999165345     
   15.525000000000000       0.99999999998145361     
   15.575000000000001       0.99999999997342170     
   15.625000000000000       0.99999999996858890     
   15.675000000000001       0.99999999996743161     
   15.725000000000000       0.99999999996973221     
   15.775000000000000       0.99999999997467381     
   15.825000000000001       0.99999999998106504     
   15.875000000000000       0.99999999998764333     
   15.925000000000001       0.99999999999336009     
   15.975000000000000       0.99999999999762590     
   16.025000000000002        1.0000000000003744     
   16.075000000000003        1.0000000000020395     
   16.125000000000004        1.0000000000033875     
   16.175000000000001        1.0000000000053113     
   16.225000000000001        1.0000000000086096     
   16.275000000000002        1.0000000000138181     
   16.325000000000003        1.0000000000211151     
   16.375000000000004        1.0000000000302880     
   16.425000000000001        1.0000000000407727     
   16.475000000000001        1.0000000000517479     
   16.525000000000002        1.0000000000622669     
   16.575000000000003        1.0000000000713838     
   16.625000000000004        1.0000000000782527     
   16.675000000000001        1.0000000000822202     
   16.725000000000001        1.0000000000828968     
   16.775000000000002        1.0000000000801592     
   16.825000000000003        1.0000000000741489     
   16.875000000000004        1.0000000000652254     
   16.925000000000001        1.0000000000539244     
   16.975000000000001        1.0000000000408882     
   17.025000000000002        1.0000000000268023     
   17.075000000000003        1.0000000000123404     
   17.125000000000004       0.99999999999809330     
   17.175000000000001       0.99999999998453148     
   17.225000000000001       0.99999999997197420     
   17.275000000000002       0.99999999996059141     
   17.325000000000003       0.99999999995040156     
   17.375000000000004       0.99999999994130062     
   17.425000000000001       0.99999999993311672     
   17.475000000000001       0.99999999992564070     
   17.525000000000002       0.99999999991867772     
   17.575000000000003       0.99999999991207034     
   17.625000000000004       0.99999999990573019     
   17.675000000000001       0.99999999989964750     
   17.725000000000001       0.99999999989390120     
   17.775000000000002       0.99999999988865484     
   17.825000000000003       0.99999999988416599     
   17.875000000000004       0.99999999988076216     
   17.925000000000001       0.99999999987882604     
   17.975000000000001       0.99999999987880916     
   18.025000000000002       0.99999999988118315     
   18.075000000000003       0.99999999988642851     
   18.125000000000004       0.99999999989497002     
   18.175000000000001       0.99999999990715105     
   18.225000000000001       0.99999999992319144     
   18.275000000000002       0.99999999994314848     
   18.325000000000003       0.99999999996688682     
   18.375000000000004       0.99999999999404598     
   18.425000000000001        1.0000000000240417     
   18.475000000000001        1.0000000000561067     
   18.525000000000002        1.0000000000893066     
   18.575000000000003        1.0000000001225711     
   18.625000000000004        1.0000000001547662     
   18.675000000000001        1.0000000001847527     
   18.725000000000001        1.0000000002114375     
   18.775000000000002        1.0000000002338507     
   18.825000000000003        1.0000000002511931     
   18.875000000000004        1.0000000002628706     
   18.925000000000001        1.0000000002685190     
   18.975000000000001        1.0000000002680252     
   19.025000000000002        1.0000000002615097     
   19.075000000000003        1.0000000002493232     
   19.125000000000004        1.0000000002319975     
   19.175000000000004        1.0000000002102238     
   19.225000000000001        1.0000000001847873     
   19.275000000000002        1.0000000001565257     
   19.325000000000003        1.0000000001262948     
   19.375000000000004        1.0000000000949434     
   19.425000000000004        1.0000000000632572     
   19.475000000000001        1.0000000000319595     
   19.525000000000002        1.0000000000016753     
   19.575000000000003       0.99999999997292421     
   19.625000000000004       0.99999999994614686     
   19.675000000000004       0.99999999992169153     
   19.725000000000001       0.99999999989983512     
   19.775000000000002       0.99999999988078181     
   19.825000000000003       0.99999999986467514     
   19.875000000000004       0.99999999985162269     
   19.925000000000004       0.99999999984169641     
   19.975000000000001       0.99999999983492704     
