  0.10000000000000001        1.0000093474780964     
  0.30000000000000004        1.0000085769107001     
  0.50000000000000011        1.0000070104618797     
  0.70000000000000007        1.0000047194940689     
  0.90000000000000002        1.0000018355595510     
   1.1000000000000001       0.99999850810633251     
   1.3000000000000000       0.99999479964924887     
   1.5000000000000000       0.99999074469797666     
   1.7000000000000000       0.99998653987659347     
   1.8999999999999999       0.99998255345339682     
   2.1000000000000001       0.99997923433719338     
   2.3000000000000003       0.99997710205539503     
   2.5000000000000000       0.99997662725509295     
   2.7000000000000002       0.99997786581057779     
   2.8999999999999999       0.99998036674438628     
   3.1000000000000001       0.99998360537368591     
   3.3000000000000003       0.99998710077507402     
   3.5000000000000000       0.99999035474585363     
   3.7000000000000002       0.99999290487561987     
   3.8999999999999999       0.99999503832071024     
   4.1000000000000005       0.99999730421079269     
   4.3000000000000007       0.99999969361515673     
   4.5000000000000009        1.0000013755919304     
   4.7000000000000011        1.0000017656655689     
   4.9000000000000004        1.0000013503694027     
   5.1000000000000005        1.0000006481914727     
   5.3000000000000007       0.99999995161138444     
   5.5000000000000009       0.99999865341326277     
   5.7000000000000011       0.99999813500167589     
   5.9000000000000004        1.0000016302246051     
   6.1000000000000005        1.0000091625380578     
   6.3000000000000007        1.0000127708441076     
   6.5000000000000009        1.0000062758355959     
   6.7000000000000011       0.99999674862707100     
   6.9000000000000004       0.99997500935246930     
   7.1000000000000005       0.99986983198257939     
   7.3000000000000007       0.99953819458338489     
   7.5000000000000009       0.99872252915957060     
   7.7000000000000011       0.99681763167022586     
   7.9000000000000004       0.99247189555799342     
   8.1000000000000014       0.98329333557237442     
   8.3000000000000007       0.96584447691959696     
   8.5000000000000000       0.93607714484152793     
   8.7000000000000011       0.89041589977188329     
   8.9000000000000004       0.82760746523833539     
   9.1000000000000014       0.75082288883302450     
   9.3000000000000007       0.66861200109897456     
   9.5000000000000018       0.59314170153750034     
   9.7000000000000011       0.53620581415968627     
   9.9000000000000004       0.50601214603391054     
   10.100000000000001       0.50634140912806713     
   10.300000000000001       0.53708394486740574     
   10.500000000000002       0.59435752494420635     
   10.700000000000001       0.66993010686350651     
   10.900000000000000       0.75203870448783472     
   11.100000000000001       0.82859875971158647     
   11.300000000000001       0.89112873689383476     
   11.500000000000002       0.93653663413530908     
   11.700000000000001       0.96611052078554471     
   11.900000000000000       0.98343939969732908     
   12.100000000000001       0.99256055356233996     
   12.300000000000001       0.99688173729527152     
   12.500000000000002       0.99875452026087430     
   12.700000000000001       0.99952526298783972     
   12.900000000000000       0.99983882175765582     
   13.100000000000001       0.99996309198361033     
   13.300000000000001        1.0000052145077494     
   13.500000000000002        1.0000128538119752     
   13.700000000000001        1.0000092868242503     
   13.900000000000000        1.0000045876412051     
   14.100000000000001        1.0000014951216800     
   14.300000000000001       0.99999979410307882     
   14.500000000000002       0.99999895935787730     
   14.700000000000001       0.99999906279793493     
   14.900000000000000        1.0000005494507440     
   15.100000000000001        1.0000036406728965     
   15.300000000000001        1.0000079471831052     
   15.500000000000002        1.0000125158884616     
   15.700000000000001        1.0000162160056814     
   15.900000000000000        1.0000182165643183     
   16.099999999999998        1.0000182957455732     
   16.300000000000001        1.0000168371496050     
   16.500000000000000        1.0000145575133439     
   16.699999999999999        1.0000121403600934     
   16.899999999999999        1.0000099535926406     
   17.099999999999998        1.0000079700378715     
   17.300000000000001        1.0000059263113708     
   17.500000000000000        1.0000036166483253     
   17.699999999999999        1.0000011053407705     
   17.899999999999999       0.99999871667820883     
   18.099999999999998       0.99999687208230614     
   18.300000000000001       0.99999593115979146     
   18.500000000000000       0.99999609165214887     
   18.699999999999999       0.99999732683207110     
   18.899999999999999       0.99999938330027549     
   19.100000000000001        1.0000018729700901     
   19.300000000000001        1.0000044034283593     
   19.500000000000000        1.0000066469664901     
   19.699999999999999        1.0000083369276664     
   19.899999999999999        1.0000092701744081     
