  0.14142135623730950        1.0000003643340589     
  0.42426406871192857        1.0000003989879998     
  0.70710678118654768        1.0000004023866551     
  0.98994949366116658        1.0000003777331918     
   1.2727922061357857        1.0000003328130398     
   1.5556349186104046        1.0000002745613505     
   1.8384776310850235        1.0000002057462452     
   2.1213203435596428        1.0000001287515825     
   2.4041630560342613        1.0000000469642165     
   2.6870057685088806       0.99999996371850830     
   2.9698484809835000       0.99999987426854331     
   3.2526911934581193       0.99999976813066249     
   3.5355339059327378       0.99999964735711699     
   3.8183766184073571       0.99999950253541925     
   4.1012193308819755       0.99999933715309286     
   4.3840620433565949       0.99999915013915919     
   4.6669047558312133       0.99999891508315686     
   4.9497474683058318       0.99999867802527143     
   5.2325901807804520       0.99999841598142802     
   5.5154328932550705       0.99999817992487361     
   5.7982756057296907       0.99999808422256053     
   6.0811183182043091       0.99999803207723259     
   6.3639610306789294       0.99999812995524362     
   6.6468037431535478       0.99999826994457530     
   6.9296464556281663       0.99999847259648356     
   7.2124891681027847       0.99999921395537683     
   7.4953318805774050       0.99999989343380724     
   7.7781745930520234        1.0000003546180927     
   8.0610173055266436        1.0000007708427665     
   8.3438600180012621        1.0000003233033214     
   8.6267027304758805       0.99999988808067608     
   8.9095454429504990       0.99999911745652748     
   9.1923881554251174       0.99999702398418289     
   9.4752308678997395       0.99999671090033626     
   9.7580735803743561       0.99999983296251604     
   10.040916292848976        1.0000008272879501     
   10.323759005323595        1.0000009865773980     
   10.606601717798213       0.99999842395110605     
   10.889444430272832       0.99998235864444995     
   11.172287142747450       0.99990615063264576     
   11.455129855222072       0.99950008834101844     
   11.737972567696691       0.99802272275368142     
   12.020815280171309       0.99309680969195746     
   12.303657992645928       0.97884217380666438     
   12.586500705120546       0.94558242209364540     
   12.869343417595168       0.88242092567290031     
   13.152186130069786       0.78533037482222190     
   13.435028842544405       0.66862394573227713     
   13.717871555019023       0.56479767343985132     
   14.000714267493642       0.50557687676963015     
   14.283556979968262       0.50557395041300857     
   14.566399692442879       0.56483829920036310     
   14.849242404917501       0.66874859693586464     
   15.132085117392119       0.78547695046389865     
   15.414927829866738       0.88250304200447938     
   15.697770542341356       0.94563248032334024     
   15.980613254815974       0.97887134757856231     
   16.263455967290597       0.99312307729456317     
   16.546298679765215       0.99806146780021709     
   16.829141392239833       0.99951153633063583     
   17.111984104714452       0.99990104519079914     
   17.394826817189070       0.99998515438542124     
   17.677669529663689       0.99999865084351114     
   17.960512242138307        1.0000009940878105     
   18.243354954612926        1.0000021780142208     
   18.526197667087544        1.0000031492711383     
   18.809040379562163        1.0000028003509882     
   19.091883092036788        1.0000024959139906     
   19.374725804511407        1.0000026635006951     
   19.657568516986021        1.0000006664980847     
   19.940411229460643       0.99999884029785180     
   20.223253941935262        1.0000003881293993     
   20.506096654409880        1.0000017917611415     
   20.788939366884499        1.0000016783072343     
   21.071782079359117        1.0000014569208102     
   21.354624791833736        1.0000010074830483     
   21.637467504308354        1.0000009001367969     
   21.920310216782973        1.0000018081306179     
   22.203152929257591        1.0000026694704067     
   22.485995641732210        1.0000025852946512     
   22.768838354206828        1.0000020458327632     
   23.051681066681454        1.0000017662416385     
   23.334523779156065        1.0000017557875873     
   23.617366491630683        1.0000016983279296     
   23.900209204105302        1.0000014884978086     
   24.183051916579920        1.0000012131557077     
   24.465894629054546        1.0000009579369764     
   24.748737341529164        1.0000007343729111     
   25.031580054003783        1.0000005323718213     
   25.314422766478401        1.0000003435748295     
   25.597265478953020        1.0000001598396371     
   25.880108191427638       0.99999998643173471     
   26.162950903902257       0.99999984627401406     
   26.445793616376875       0.99999976809697344     
   26.728636328851493       0.99999976815669445     
   27.011479041326119       0.99999983951621574     
   27.294321753800737       0.99999995636341177     
   27.577164466275356        1.0000000868023802     
   27.860007178749971        1.0000002054028259     
   28.142849891224589        1.0000002992481223     
