   2.5000000000000001E-002  0.99999999985111898        1.0000000000621481       0.99999999992654076        3.4999999996100000        2.4999999998446327     
   7.5000000000000011E-002  0.99999999987257071        1.0000000000672884       0.99999999995171240        3.4999999996939173        2.4999999998660605     
  0.12500000000000003       0.99999999989574417        1.0000000000736704       0.99999999997650701        3.4999999997830091        2.4999999998892153     
  0.17500000000000002       0.99999999991996535        1.0000000000810443        1.0000000000003726        3.4999999998748090        2.4999999999134439     
  0.22500000000000001       0.99999999994460054        1.0000000000891540        1.0000000000228468        3.4999999999670046        2.4999999999381028     
  0.27500000000000002       0.99999999996904521        1.0000000000977221        1.0000000000435394        3.5000000000573883        2.4999999999625588     
  0.32500000000000001       0.99999999999272349        1.0000000001064442        1.0000000000621141        3.5000000001438756        2.4999999999862319     
  0.37500000000000000        1.0000000000151248        1.0000000001150133        1.0000000000783200        3.5000000002246487        2.5000000000086278     
  0.42499999999999999        1.0000000000358038        1.0000000001231284        1.0000000000919576        3.5000000002980913        2.5000000000292992     
  0.47499999999999998        1.0000000000543678        1.0000000001304887        1.0000000001028826        3.5000000003627769        2.5000000000478537     
  0.52500000000000002        1.0000000000704945        1.0000000001368068        1.0000000001110143        3.5000000004175513        2.5000000000639884     
  0.57500000000000007        1.0000000000839377        1.0000000001418246        1.0000000001163292        3.5000000004615108        2.5000000000774505     
  0.62500000000000000        1.0000000000945333        1.0000000001453133        1.0000000001188760        3.5000000004940506        2.5000000000880616     
  0.67500000000000004        1.0000000001021767        1.0000000001470848        1.0000000001187590        3.5000000005148260        2.5000000000957172     
  0.72499999999999998        1.0000000001068392        1.0000000001469991        1.0000000001161631        3.5000000005238103        2.5000000001003890     
  0.77500000000000002        1.0000000001085732        1.0000000001449847        1.0000000001113523        3.5000000005213110        2.5000000001021143     
  0.82500000000000007        1.0000000001074967        1.0000000001410285        1.0000000001046658        3.5000000005079670        2.5000000001010276     
  0.87500000000000000        1.0000000001037979        1.0000000001351921        1.0000000000965112        3.5000000004847185        2.5000000000973190     
  0.92500000000000004        1.0000000000977307        1.0000000001276113        1.0000000000873526        3.5000000004528036        2.5000000000912435     
  0.97499999999999998        1.0000000000896081        1.0000000001185021        1.0000000000777081        3.5000000004137375        2.5000000000831153     
   1.0250000000000001        1.0000000000797891        1.0000000001081433        1.0000000000681311        3.5000000003692637        2.5000000000733058     
   1.0750000000000002        1.0000000000686753        1.0000000000968818        1.0000000000591751        3.5000000003212559        2.5000000000621858     
   1.1250000000000002        1.0000000000566847        1.0000000000850933        1.0000000000513671        3.5000000002716769        2.5000000000501892     
   1.1750000000000003        1.0000000000442315        1.0000000000731730        1.0000000000451568        3.5000000002224043        2.5000000000377276     
   1.2250000000000001        1.0000000000317133        1.0000000000615015        1.0000000000408835        3.5000000001751488        2.5000000000251945     
   1.2750000000000001        1.0000000000194831        1.0000000000504172        1.0000000000387375        3.5000000001313412        2.5000000000129621     
   1.3250000000000002        1.0000000000078322        1.0000000000401814        1.0000000000387257        3.5000000000919789        2.5000000000013238     
   1.3750000000000002       0.99999999999696210        1.0000000000309446        1.0000000000406406        3.5000000000574998        2.4999999999904712     
   1.4250000000000003       0.99999999998698053        1.0000000000227305        1.0000000000440634        3.5000000000277636        2.4999999999804987     
   1.4750000000000001       0.99999999997788869        1.0000000000154203        1.0000000000483551        3.5000000000020077        2.4999999999713993     
   1.5250000000000001       0.99999999996956568        1.0000000000087355        1.0000000000526799        3.4999999999788196        2.4999999999630553     
   1.5750000000000002       0.99999999996178557        1.0000000000022515        1.0000000000560338        3.4999999999562230        2.4999999999552589     
   1.6250000000000002       0.99999999995423006       0.99999999999541078        1.0000000000573146        3.4999999999317790        2.4999999999477085     
   1.6750000000000003       0.99999999994651767       0.99999999998758149        1.0000000000553897        3.4999999999027476        2.4999999999400000     
   1.7250000000000001       0.99999999993823874       0.99999999997808919        1.0000000000492084        3.4999999998663784        2.4999999999317226     
   1.7750000000000001       0.99999999992898037       0.99999999996627520        1.0000000000378522        3.4999999998200502        2.4999999999224523     
   1.8250000000000002       0.99999999991837407       0.99999999995156896        1.0000000000206550        3.4999999997616067        2.4999999999118216     
   1.8750000000000002       0.99999999990615140       0.99999999993355682       0.99999999999728573        3.4999999996896340        2.4999999998995639     
   1.9250000000000003       0.99999999989216315       0.99999999991203170       0.99999999996778210        3.4999999996036042        2.4999999998855453     
   1.9750000000000001       0.99999999987643140       0.99999999988706223       0.99999999993261279        3.4999999995041362        2.4999999998698144     
   2.0250000000000004       0.99999999985916255       0.99999999985902310       0.99999999989267940        3.4999999993930166        2.4999999998525704     
   2.0750000000000002       0.99999999984076005       0.99999999982858534       0.99999999984927557        3.4999999992731952        2.4999999998341940     
   2.1250000000000000       0.99999999982179111       0.99999999979669474       0.99999999980401799        3.4999999991486388        2.4999999998152389     
   2.1750000000000003       0.99999999980296406       0.99999999976453469       0.99999999975877119        3.4999999990241646        2.4999999997964126     
   2.2250000000000001       0.99999999978507936       0.99999999973345988       0.99999999971552811        3.4999999989051189        2.4999999997785118     
   2.2750000000000004       0.99999999976899323       0.99999999970491316       0.99999999967631881        3.4999999987971266        2.4999999997624052     
   2.3250000000000002       0.99999999975557630       0.99999999968035269       0.99999999964308983        3.4999999987057788        2.4999999997489719     
   2.3750000000000004       0.99999999974564580       0.99999999966116970       0.99999999961757768        3.4999999986362522        2.4999999997390363     
   2.4250000000000003       0.99999999973993670       0.99999999964863096       0.99999999960122898        3.4999999985930899        2.4999999997333253     
   2.4750000000000001       0.99999999973906994       0.99999999964382025       0.99999999959511277        3.4999999985799879        2.4999999997324496     
   2.5250000000000004       0.99999999974352782       0.99999999964759190       0.99999999959982966        3.4999999985996193        2.4999999997369060     
   2.5750000000000002       0.99999999975362319       0.99999999966054554       0.99999999961545138        3.4999999986534460        2.4999999997470144     
   2.6250000000000004       0.99999999976950182       0.99999999968301223       0.99999999964147035        3.4999999987416430        2.4999999997629074     
   2.6750000000000003       0.99999999979113152       0.99999999971502451       0.99999999967674347        3.4999999988630113        2.4999999997845461     
   2.7250000000000001       0.99999999981826893       0.99999999975628062       0.99999999971943687        3.4999999990147992        2.4999999998116782     
   2.7750000000000004       0.99999999985045762       0.99999999980610399       0.99999999976694742        3.4999999991925921        2.4999999998438538     
   2.8250000000000002       0.99999999988699462       0.99999999986341270       0.99999999981581078        3.4999999993900897        2.4999999998803744     
   2.8750000000000004       0.99999999992692157       0.99999999992669986       0.99999999986159638        3.4999999995989715        2.4999999999202926     
   2.9250000000000003       0.99999999996902367       0.99999999999402522       0.99999999989872856        3.4999999998086841        2.4999999999623950     
   2.9750000000000001        1.0000000000118672        1.0000000000630656       0.99999999992026900        3.5000000000063798        2.5000000000052447     
   3.0250000000000004        1.0000000000538547        1.0000000001312124       0.99999999991760535        3.5000000001768390        2.5000000000472387     
   3.0750000000000002        1.0000000000932887        1.0000000001957021       0.99999999987995147        3.5000000003022738        2.5000000000866867     
   3.1250000000000004        1.0000000001285023        1.0000000002537963       0.99999999979372034        3.5000000003621659        2.5000000001218954     
   3.1750000000000003        1.0000000001579457        1.0000000003029608       0.99999999964154829        3.5000000003327507        2.5000000001513230     
   3.2250000000000001        1.0000000001803000        1.0000000003410583       0.99999999940097373        3.5000000001861551        2.5000000001736735     
   3.2750000000000004        1.0000000001945950        1.0000000003665388       0.99999999904261150        3.4999999998890132        2.5000000001879701     
   3.3250000000000002        1.0000000002002767        1.0000000003785641       0.99999999852760790        3.4999999994002380        2.5000000001936509     
   3.3750000000000004        1.0000000001972298        1.0000000003770937       0.99999999780416815        3.4999999986677035        2.5000000001905973     
   3.4250000000000003        1.0000000001858125        1.0000000003629277       0.99999999680292273        3.4999999976237457        2.5000000001791767     
   3.4750000000000001        1.0000000001668283        1.0000000003377116       0.99999999543071050        3.4999999961788548        2.5000000001601901     
   3.5250000000000004        1.0000000001414764        1.0000000003039018       0.99999999356231806        3.4999999942132822        2.5000000001348481     
   3.5750000000000002        1.0000000001112632        1.0000000002646823       0.99999999102961512        3.4999999915658409        2.5000000001046483     
   3.6250000000000004        1.0000000000778990        1.0000000002238614       0.99999998760727438        3.4999999880192774        2.5000000000712927     
   3.6750000000000003        1.0000000000431664        1.0000000001857507       0.99999998299409376        3.4999999832811568        2.5000000000365628     
   3.7250000000000001        1.0000000000087799        1.0000000001550617       0.99999997678868435        3.4999999769590846        2.5000000000021680     
   3.7750000000000004       0.99999999997628186        1.0000000001368572       0.99999996845789518        3.4999999685288370        2.4999999999696612     
   3.8250000000000002       0.99999999994693645        1.0000000001365796       0.99999995729592894        3.4999999572932179        2.4999999999403038     
   3.8750000000000004       0.99999999992165234        1.0000000001601765       0.99999994237152179        3.4999999423291848        2.4999999999150062     
   3.9250000000000003       0.99999999990097199        1.0000000002143279       0.99999992245990366        3.4999999224200025        2.4999999998943099     
   3.9750000000000001       0.99999999988508304        1.0000000003068585       0.99999989595537586        3.4999998959682688        2.4999999998784044     
   4.0249999999999995       0.99999999987387267        1.0000000004472891       0.99999986075932101        3.4999998608846212        2.4999999998671925     
   4.0750000000000002       0.99999999986702626        1.0000000006476031       0.99999981413713590        3.4999998144456606        2.4999999998603650     
   4.1250000000000000       0.99999999986412902        1.0000000009232437       0.99999975253599993        3.4999997531129572        2.4999999998574896     
   4.1749999999999998       0.99999999986476118        1.0000000012943644       0.99999967135350520        3.4999996723031890        2.4999999998581237     
   4.2249999999999996       0.99999999986853327        1.0000000017874415       0.99999956464481210        3.4999995660970420        2.4999999998618936     
   4.2749999999999995       0.99999999987514121        1.0000000024372919       0.99999942475322912        3.4999994268719048        2.4999999998685065     
   4.3250000000000002       0.99999999988433730        1.0000000032896239       0.99999924184571543        3.4999992448398447        2.4999999998777120     
   4.3750000000000000       0.99999999989585386        1.0000000044042248       0.99999900333079139        3.4999990074685199        2.4999999998892268     
   4.4249999999999998       0.99999999990933741        1.0000000058589094       0.99999869313157097        3.4999986987580449        2.4999999999027045     
   4.4749999999999996       0.99999999992430533        1.0000000077544988       0.99999829078094493        3.4999982983410352        2.4999999999176725     
   4.5249999999999995       0.99999999994013611        1.0000000102210274       0.99999777029917325        3.4999977803664017        2.4999999999335114     
   4.5750000000000002       0.99999999995610311        1.0000000134254605       0.99999709880625609        3.4999971121195710        2.4999999999494911     
   4.6250000000000000       0.99999999997144451        1.0000000175813279       0.99999623481234190        3.4999962523227626        2.4999999999648375     
   4.6749999999999998       0.99999999998544975        1.0000000229606985       0.99999512611869901        3.4999951490482930        2.4999999999788436     
   4.7249999999999996       0.99999999999748046        1.0000000299090654       0.99999370724949688        3.4999937371654677        2.4999999999908851     
   4.7750000000000004        1.0000000000069504        1.0000000388637882       0.99999189632063890        3.4999919352280822        2.5000000000003935     
   4.8250000000000002        1.0000000000132572        1.0000000503768307       0.99998959123594300        3.4999896416935936        2.5000000000067617     
   4.8750000000000000        1.0000000000157128        1.0000000651427410       0.99998666508291634        3.4999867303474614        2.5000000000093228     
   4.9249999999999998        1.0000000000135687        1.0000000840329519       0.99998296058011615        3.4999830447859352        2.5000000000073395     
   4.9749999999999996        1.0000000000059934        1.0000001081376599       0.99997828340548589        3.4999783917879559        2.5000000000000089     
   5.0250000000000004       0.99999999999206757        1.0000001388168345       0.99997239421029693        3.4999725333827660        2.4999999999864837     
   5.0750000000000002       0.99999999997074540        1.0000001777620826       0.99996499909615821        3.4999651773927329        2.4999999999658278     
   5.1250000000000000       0.99999999994074407        1.0000002270714350       0.99995573830324791        3.4999559662022781        2.4999999999369069     
   5.1749999999999998       0.99999999990029764        1.0000002893394078       0.99994417282673731        3.4999444634731511        2.4999999998981863     
   5.2249999999999996       0.99999999984660526        1.0000003677650855       0.99992976864521976        3.4999301384937267        2.4999999998472351     
   5.2750000000000004       0.99999999977490583        1.0000004662813182       0.99991187821105565        3.4999123478173861        2.4999999997798397     
   5.3250000000000002       0.99999999967708675        1.0000005897085138       0.99988971881774424        3.4998903138117305        2.4999999996887343     
   5.3750000000000000       0.99999999953963181        1.0000007439369876       0.99986234742499558        3.4998630997074307        2.4999999995616702     
   5.4249999999999998       0.99999999934064721        1.0000009361422224       0.99982863148894241        3.4998295807046715        2.4999999993786273     
   5.4749999999999996       0.99999999904538195        1.0000011750378577       0.99978721531411852        3.4997884106668047        2.4999999991076058     
   5.5250000000000004       0.99999999859947164        1.0000014711716347       0.99973648141725091        3.4997379839081342        2.4999999986983044     
   5.5750000000000002       0.99999999791882266        1.0000018372698660       0.99967450637212907        3.4996763915668088        2.4999999980725147     
   5.6250000000000000       0.99999999687477670        1.0000022886361748       0.99959901059209555        3.4996013720481356        2.4999999971100744     
   5.6749999999999998       0.99999999527266414        1.0000028436103199       0.99950730150424982        3.4995102550296373        2.4999999956284396     
   5.7249999999999996       0.99999999282093943        1.0000035240926575       0.99939620957973685        3.4993998985404469        2.4999999933533061     
   5.7750000000000004       0.99999998908681909        1.0000043561392717       0.99926201671075421        3.4992666186676544        2.4999999898762471     
   5.8250000000000002       0.99999998343255880        1.0000053706318330       0.99910037646992100        3.4991061115049993        2.4999999845935457     
   5.8750000000000000       0.99999997492395198        1.0000066040243376       0.99890622585482325        3.4989133670487882        2.4999999766181982     
   5.9249999999999998       0.99999996219949827        1.0000080991662776       0.99867368821363445        3.4986825748674910        2.4999999646538491     
   5.9749999999999996       0.99999994328460295        1.0000099061979062       0.99839596716970214        3.4984070215289598        2.4999999468150529     
   6.0250000000000004       0.99999991532958998        1.0000120835076654       0.99806523151721238        3.4980789799672003        2.4999999203730128     
   6.0750000000000002       0.99999987424281911        1.0000146987340999       0.99767249124932311        3.4976895912125427        2.4999998813988538     
   6.1250000000000000       0.99999981418047279        1.0000178297843614       0.99720746510727754        3.4972287391986185        2.4999998242665593     
   6.1749999999999998       0.99999972684190930        1.0000215658279881       0.99665844030590667        3.4966849196993368        2.4999997409646539     
   6.2249999999999996       0.99999960050272263        1.0000260082067605       0.99601212539804296        3.4960451048387653        2.4999996201490116     
   6.2750000000000004       0.99999941869567543        1.0000312711781867       0.99525349758799486        3.4952946050560065        2.4999994458485726     
   6.3250000000000002       0.99999915842233345        1.0000374823809390       0.99436564619208512        3.4944169308930770        2.4999991957081340     
   6.3750000000000000       0.99999878774432305        1.0000447828741388       0.99332961436944600        3.4933936574996602        2.4999988386166940     
   6.4249999999999998       0.99999826256028490        1.0000533265563658       0.99212424170378566        3.4922042953023462        2.4999983315267587     
   6.4749999999999996       0.99999752232082462        1.0000632787125212       0.99072601070016253        3.4908261708512138        2.4999976152190695     
   6.5250000000000004       0.99999648436884370        1.0000748133670045       0.98910890076404123        3.4892343224139681        2.4999966087032606     
   6.5750000000000002       0.99999503651583399        1.0000881090394478       0.98724425374393088        3.4874014154094901        2.4999952018631384     
   6.6250000000000000       0.99999302737247797        1.0001033424007748       0.98510065562958060        3.4852976832214324        2.4999932458592471     
   6.6749999999999998       0.99999025383998297        1.0001206792086768       0.98264383949026135        3.4828908992638046        2.4999905406955181     
   6.7249999999999996       0.99998644503879874        1.0001402617638171       0.97983661520164189        3.4801463863395323        2.4999868192342238     
   6.7750000000000004       0.99998124180830095        1.0001621919765040       0.97663883193532186        3.4770270692887038        2.4999817267900601     
   6.8250000000000002       0.99997417075247597        1.0001865089654873       0.97300737975256435        3.4734935766001680        2.4999747952577680     
   6.8750000000000000       0.99996461162461503        1.0002131599179649       0.96889623693063909        3.4695043959852159        2.4999654105535307     
   6.9249999999999998       0.99995175664300651        1.0002419627270762       0.96425656984954211        3.4650160878265761        2.4999527719790504     
   6.9749999999999996       0.99993456013176674        1.0002725587124375       0.95903689238507572        3.4599835588753125        2.4999358419112618     
   7.0250000000000004       0.99991167669819891        1.0003043535330685       0.95318329178330707        3.4543603965209337        2.4999132839781435     
   7.0750000000000002       0.99988138597386511        1.0003364442033000       0.94663972790040396        3.4480992613412784        2.4998833876804354     
   7.1250000000000000       0.99984150175844877        1.0003675299178150       0.93934841247495582        3.4411523324283002        2.4998439773169574     
   7.1749999999999998       0.99978926327114370        1.0003958042395593       0.93125027480469713        3.4334717962434564        2.4997923029863314     
   7.2249999999999996       0.99972120620118432        1.0004188261725320       0.92228551986208607        3.4250103655693680        2.4997249112791606     
   7.2750000000000004       0.99963301133716320        1.0004333677102648       0.91239428445152293        3.4157218105387921        2.4996374931844931     
   7.3250000000000002       0.99951932868049020        1.0004352355550952       0.90151739640979400        3.4055614788165847        2.4995247069776756     
   7.3750000000000000       0.99937357518343461        1.0004190649146794       0.88959724112822958        3.3944867770558815        2.4993799743724945     
   7.4249999999999998       0.99918770480544039        1.0003780838112912       0.87657873895220606        3.3824575811766704        2.4991952486149018     
   7.4749999999999996       0.99895195050925134        1.0003038472443841       0.86241043622300750        3.3694365391560370        2.4989607534602358     
   7.5250000000000004       0.99865453889366051        1.0001859416004586       0.84704571154722996        3.3553892270442645        2.4986646928069716     
   7.5750000000000002       0.99828137926588567        1.0000116607899625       0.83044409709740408        3.3402841172036180        2.4982929325686785     
   7.6250000000000000       0.99781573045801586       0.99976565707684695       0.81257271252195695        3.3240923181488395        2.4978286583357279     
   7.6749999999999998       0.99723785100118578       0.99942957186919834       0.79340780649061571        3.3067870487392765        2.4972520135357521     
   7.7249999999999996       0.99652464110121219       0.99898165457446841       0.77293639751755749        3.2883428161398705        2.4965397238656197     
   7.7750000000000004       0.99564928750562998       0.99839638029073485       0.75115800065066451        3.2687342769114283        2.4956647164328647     
   7.8250000000000002       0.99458092484302341       0.99764407964913349       0.72808641966273713        3.2479347743750808        2.4945957460827000     
   7.8750000000000000       0.99328433019296947       0.99669059739690691       0.70375157601619831        3.2259145641832250        2.4932970444168192     
   7.9249999999999998       0.99171967167080743       0.99549700047464884       0.67820133624342060        3.2026387643167804        2.4917280082066386     
   7.9749999999999996       0.98984233549351208       0.99401936019353543       0.65150328781672395        3.1780650946877351        2.4898429456860733     
   8.0250000000000004       0.98760285839689910       0.99220863573731366       0.62374639970542056        3.1521415040806553        2.4875909032117169     
   8.0749999999999993       0.98494699406153396       0.99001068829619110       0.59504248857612896        3.1248038179130790        2.4849155984808964     
   8.1250000000000000       0.98181594412982875       0.98736645745413387       0.56552739647306438        3.0959735783412179        2.4817554869573080     
   8.1750000000000007       0.97814678535279076       0.98421233285574794       0.53536177175003208        3.0655562856716339        2.4780439869570055     
   8.2249999999999996       0.97387312263923642       0.98048075287804215       0.50473133305721563        3.0334402826035585        2.4737098891821105     
   8.2750000000000004       0.96892599335713614       0.97610105808451186       0.47384648863359458        2.9994965464958878        2.4686779770398957     
   8.3249999999999993       0.96323504227526957       0.97100062177116342       0.44294118294343826        2.9635796653869306        2.4628698809551470     
   8.3750000000000000       0.95672997854573949       0.96510627239894720       0.41227085196523272        2.9255302650651269        2.4562051834066985     
   8.4250000000000007       0.94934231448260564       0.95834601142466203       0.38210938894846680        2.8851791206560873        2.4486027852733860     
   8.4749999999999996       0.94100737067314966       0.95065101499493987       0.35274505651191468        2.8423531223553464        2.4399825382801872     
   8.5250000000000004       0.93166651494760533       0.94195789088457738       0.32447533026405317        2.7968831689296261        2.4302671393313187     
   8.5749999999999993       0.92126958473685217       0.93221114370521274       0.29760072289134848        2.7486139341271394        2.4193842699860277     
   8.6250000000000000       0.90977742306446552       0.92136578143104131       0.27241771302677353        2.6974152931736972        2.4072689517616475     
   8.6750000000000007       0.89716443888899700       0.90938997567710067       0.24921098651996929        2.6431950178225119        2.3938660764718431     
   8.7249999999999996       0.88342108532887920       0.89626766949953351       0.22824528364239358        2.5859121635882820        2.3791330584237249     
   8.7750000000000004       0.86855613649317531       0.88200101184066504       0.20975722594922516        2.5255904006586380        2.3630425419670082     
   8.8249999999999993       0.85259863637704780       0.86661248840129157       0.19394756103895791        2.4623304025602488        2.3455850859811829     
   8.8750000000000000       0.83559939324583277       0.85014661651878187       0.18097430303413814        2.3963203278343643        2.3267717371542451     
   8.9250000000000007       0.81763190195316826       0.83267107854433797       0.17094725300863389        2.3278434317898542        2.3066363957792060     
   8.9749999999999996       0.79879259524116686       0.81427718497153423       0.16392434972505546        2.2572819434273881        2.2852378725538616     
   9.0250000000000004       0.77920035272266752       0.79507958489572172       0.15991022321657358        2.1851165425904253        2.2626615344638181     
   9.0749999999999993       0.75899523225027077       0.77521517681667207       0.15885720380891452        2.1119210676877129        2.2390204419409705     
   9.1250000000000000       0.73833643126659942       0.75484121600514309       0.16066888451378267        2.0383524540528222        2.2144558868223805     
   9.1750000000000007       0.71739953239665522       0.73413266257239029       0.16520615738699221        1.9651363122561056        2.1891372515288379     
   9.2249999999999996       0.69637313375063770       0.71327886275551200       0.17229546040238816        1.8930489591924868        2.1632611256791114     
   9.2750000000000004       0.67545500578578077       0.69247970030702666       0.18173879881347665        1.8228970628526504        2.1370496375405081     
   9.3249999999999993       0.65484794917836875       0.67194139109721474       0.19332496209401709        1.7554963073892258        2.1107479832873159     
   9.3750000000000000       0.63475554882995999       0.65187211857027938       0.20684126096297156        1.6916505919422700        2.0846211646340076     
   9.4250000000000007       0.61537802553940424       0.63247771773000361       0.22208507061412719        1.6321332253652572        2.0589499729665199     
   9.4749999999999996       0.59690837727158219       0.61395760877667249       0.23887448933733024        1.5776713706828946        2.0340262861459268     
   9.5250000000000004       0.57952897597292963       0.59650115782615243       0.25705750058411975        1.5289346495231046        2.0101477740939568     
   9.5750000000000011       0.56340874588082779       0.58028460345383259       0.27651915023992535        1.4865283778677965        1.9876121388827368     
   9.6250000000000000       0.54870099985017884       0.56546863842969108       0.29718640467254764        1.4509914228248879        1.9667110396393659     
   9.6750000000000007       0.53554195612534727       0.55219668068327643       0.31903051957872874        1.4227982011726730        1.9477238707832956     
   9.7249999999999996       0.52404990361133819       0.54059381111389393       0.34206690378719240        1.4023639332404767        1.9309115759515387     
   9.7750000000000004       0.51432493416878167       0.53076630394811242       0.36635259035968054        1.3900519579039414        1.9165106887820449     
   9.8250000000000011       0.50644912128952024       0.52280163357931664       0.39198152190721891        1.3861817301300103        1.9047277918994094     
   9.8750000000000000       0.50048699949342101       0.51676881413145415       0.41907791594073152        1.3910360699957283        1.8957345761139512     
   9.9250000000000007       0.49648618936553518       0.51271891625446764       0.44778800222534276        1.4048663053761372        1.8896636654962224     
   9.9749999999999996       0.49447801965243593       0.51068561080869368       0.47827042724264135        1.4278941355824721        1.8866053516258126     
   10.025000000000000       0.49447801957912579       0.51068561048411221       0.51068561570996085        1.4603093234018372        1.8866053508731322     
   10.075000000000001       0.49648618919317977       0.51271891533821612       0.54518438012382375        1.5022626813916586        1.8896636631562618     
   10.125000000000000       0.50048699930588492       0.51676881275306574       0.58189608673345339        1.5538542378584161        1.8957345721622216     
   10.175000000000001       0.50644912105964346       0.52280163179101058       0.62091672459127356        1.6151169292039225        1.9047277869485397     
   10.225000000000000       0.51432493369707388       0.53076630162516225       0.66229728239479313        1.6859966463364262        1.9165106844765900     
   10.275000000000000       0.52404990269575680       0.54059380811185309       0.70603290849307532        1.7663299353223216        1.9309115743606102     
   10.325000000000001       0.53554195480238798       0.55219667713011522       0.75205339815620054        1.8558210790226917        1.9477238731884554     
   10.375000000000000       0.54870099839418118       0.56546863477496867       0.80021560048357487        1.9540206203809147        1.9667110461138799     
   10.425000000000001       0.56340874461363388       0.58028460024865269       0.85029834665447424        2.0603075787874361        1.9876121488153009     
   10.475000000000000       0.57952897521296343       0.59650115559718841       0.90200045629215064        2.1738776126586190        2.0101477864882158     
   10.525000000000000       0.59690837737091151       0.61395760801838317       0.95494227029856427        2.2937391619735878        2.0340262996024867     
   10.575000000000001       0.61537802668605535       0.63247771870327885        1.0086709859260024        2.4187191536219537        2.0589499863553637     
   10.625000000000000       0.63475555079048596       0.65187212104730474        1.0626698423605829        2.5474791884690715        2.0846211779644981     
   10.675000000000001       0.65484795150631558       0.67194139456685031        1.1163709417678163        2.6785423038347509        2.1107479970711163     
   10.725000000000000       0.67545500838300265       0.69247970454205487        1.1691712179536742        2.8103294995333745        2.1370496510224366     
   10.775000000000000       0.69637313701239900       0.71327886797728990        1.2204508122717386        2.9412043281554223        2.1632611364726797     
   10.825000000000001       0.71739953666464473       0.73413266892905182        1.2695929130231005        3.0695230834491967        2.1891372575278139     
   10.875000000000000       0.73833643626087198       0.75484122302451384        1.3160039841666420        3.1936875671816960        2.2144558881413237     
   10.925000000000001       0.75899523717637873       0.77521518352678065        1.3591332668367722        3.3121971419966534        2.2390204406319407     
   10.975000000000000       0.77920035690586331       0.79507959047153332        1.3984904876448856        3.4236968160680821        2.2626615325456441     
   11.025000000000000       0.79879259856915008       0.81427718919480307        1.4336608451502855        3.5270184456388298        2.2852378706429946     
   11.075000000000001       0.81763190470342473       0.83267108164549841        1.4643165544980075        3.6212127379847230        2.3066363935687528     
   11.125000000000000       0.83559939558421292       0.85014661867628560        1.4902244865073111        3.7055705144347728        2.3267717347978500     
   11.175000000000001       0.85259863813670622       0.86661248950815484        1.5112497140267296        3.7796325577294811        2.3455850845930586     
   11.225000000000000       0.86855613744144944       0.88200101175673051        1.5273550481489646        3.8431882245670059        2.3630425427324551     
   11.275000000000000       0.88342108552704335       0.89626766839930727        1.5385968866958006        3.8962637680973242        2.3791330615252253     
   11.325000000000001       0.89716443872388918       0.90938997406781763        1.5451178897608602        3.9391019223575823        2.3938660810108625     
   11.375000000000000       0.90977742300178976       0.92136577988966384        1.5471371309606257        3.9721347123126245        2.4072689564820120     
   11.425000000000001       0.92126958506234280       0.93221114260678961        1.5449384441718477        3.9959516565409228        2.4193842740167790     
   11.475000000000000       0.93166651561581171       0.94195789024567333        1.5388576968593106        4.0112655364994483        2.4302671426115867     
   11.525000000000000       0.94100737136599655       0.95065101453319090        1.5292696812809556        4.0188777478176680        2.4399825414248122     
   11.575000000000001       0.94934231496035903       0.95834601091546456        1.5165752354979551        4.0196449675573689        2.4486027886957742     
   11.625000000000000       0.95672997897455092       0.96510627201004739        1.5011891000484754        4.0144485131476202        2.4562051865152346     
   11.675000000000001       0.96323504304179253       0.97100062188119163        1.4835288965587077        4.0041673786088881        2.4628698826509092     
   11.725000000000000       0.96892599454347939       0.97610105876107145        1.4640054931671049        3.9896555501833859        2.4686779770507705     
   11.775000000000000       0.97387312389852521       0.98048075376069643        1.4430149071157992        3.9717238553876126        2.4737098883624618     
   11.825000000000001       0.97814678634168772       0.98421233359377658        1.4209317935679329        3.9511263059448893        2.4780439861852326     
   11.875000000000000       0.98181594481599321       0.98736645800654321        1.3981044865072008        3.9285506667666685        2.4817554863604636     
   11.925000000000001       0.98494699452711487       0.99001068872346865        1.3748514947803698        3.9046128225793630        2.4849155979238287     
   11.975000000000000       0.98760285860611141       0.99220863597365494        1.3514593129191519        3.8798544158726238        2.4875909028652914     
   12.025000000000000       0.98984233541820199       0.99401936019195591        1.3281813796208717        3.8547431852073188        2.4898429456981930     
   12.075000000000001       0.99171967144837747       0.99549700037139377        1.3052380043712668        3.8296754313248478        2.4917280083029079     
   12.125000000000000       0.99328432996796256       0.99669059733142540        1.2828170825968703        3.8049800698035807        2.4932970442982696     
   12.175000000000001       0.99458092456610303       0.99764407953583178        1.2610754289923714        3.7809237828308788        2.4945957459267953     
   12.225000000000000       0.99564928705377231       0.99839637993817243        1.2401405737399216        3.7577168491012842        2.4956647165900927     
   12.275000000000000       0.99652464052034684       0.99898165395464011        1.2201128844097064        3.7355193020140964        2.4965397242550500     
   12.325000000000001       0.99723785047575009       0.99942957111432662        1.2010678957533019        3.7144471368183125        2.4972520137269725     
   12.375000000000000       0.99781573007461788       0.99976565624900238        1.1830587492170435        3.6945783534793191        2.4978286581431095     
   12.425000000000001       0.99828137894112412        1.0000116597967883        1.1661186626722393        3.6759586812284262        2.4982929322316827     
   12.475000000000000       0.99865453853421271        1.0001859403419313        1.1502633676953209        3.6586068814555759        2.4986646925888620     
   12.525000000000000       0.99895195013014115        1.0003038457271158        1.1354934664013778        3.6425195674143711        2.4989607533523066     
   12.575000000000001       0.99918770446017302        1.0003780820833772        1.1217966724014965        3.6276755125334432        2.4991952485106577     
   12.625000000000000       0.99937357486126077        1.0004190629701801        1.1091499110300229        3.6140394447123980        2.4993799743223351     
   12.675000000000001       0.99951932832686130        1.0004352333587521        1.0975212626474946        3.6015653426854262        2.4995247071345044     
   12.725000000000000       0.99963301093593515        1.0004333652786650        1.0868717397232428        3.5901992633536812        2.4996374935952468     
   12.775000000000000       0.99972120578888057        1.0004188235830225        1.0771568938130291        3.5798817370109051        2.4997249118475278     
   12.825000000000001       0.99978926288412584        1.0003958015707171        1.0683282527733442        3.5705497716786261        2.4997923036052119     
   12.875000000000000       0.99984150140179062        1.0003675272129042        1.0603345918285945        3.5621385092427400        2.4998439779491108     
   12.925000000000001       0.99988138564109563        1.0003364414868439        1.0531230445899880        3.5545825754947478        2.4998833883139655     
   12.975000000000000       0.99991167639505285        1.0003043508333851        1.0466400619482032        3.5478171641554335        2.4999132845729584     
   13.025000000000000       0.99993455987132496        1.0002725560572321        1.0408322280562077        3.5417788920230753        2.4999358424164466     
   13.075000000000001       0.99995175643083045        1.0002419601305299        1.0356469434989422        3.5364064589644375        2.4999527723730841     
   13.125000000000000       0.99996461145821613        1.0002131573829880        1.0310329862977610        3.5316411428638110        2.4999654108455696     
   13.175000000000001       0.99997417063013527        1.0001865064951940        1.0269409616778253        3.5274271560771444        2.4999747954624558     
   13.225000000000000       0.99998124173146219        1.0001621895785513        1.0233236515805304        3.5237118865462227        2.4999817269165390     
   13.275000000000000       0.99998644500702105        1.0001402594466240        1.0201362747688443        3.5204460435992040        2.4999868192934165     
   13.325000000000001       0.99999025384783280        1.0001206769790147        1.0173366680864868        3.5175837256483353        2.4999905407039300     
   13.375000000000000       0.99999302741146767        1.0001033402656339        1.0148853990199820        3.5150824245061747        2.4999932458324898     
   13.425000000000001       0.99999503657688160        1.0000881070075047        1.0127458192005323        3.5129029788709016        2.4999952018104099     
   13.475000000000000       0.99999648444247646        1.0000748114469886        1.0108840678917395        3.5110094876561515        2.4999966086291661     
   13.525000000000000       0.99999752239697182        1.0000632769107431        1.0092690338590518        3.5093691922291317        2.4999976151272523     
   13.575000000000001       0.99999826262936364        1.0000533248757504        1.0078722833267217        3.5079523352404975        2.4999983314203229     
   13.625000000000000       0.99999878779874452        1.0000447813143676        1.0066679610149640        3.5067320025464128        2.4999988384972016     
   13.675000000000001       0.99999915845707532        1.0000374809386898        1.0056326705289709        3.5056839537069808        2.4999991955762373     
   13.725000000000000       0.99999941870814701        1.0000312698476370        1.0047453396567896        3.5047864456692981        2.4999994457057091     
   13.775000000000000       0.99999960049277659        1.0000260069808040        1.0039870754364373        3.5040200534846599        2.4999996199980612     
   13.825000000000001       0.99999972681203952        1.0000215646996182        1.0033410131838503        3.5033674912485626        2.4999997408096832     
   13.875000000000000       0.99999981413575212        1.0000178287473254        1.0027921630407792        3.5028134358736867        2.4999998241127295     
   13.925000000000001       0.99999987419046810        1.0000146977826312        1.0023272570116228        3.5023443557983032        2.4999998812527240     
   13.975000000000000       0.99999991527844112        1.0000120826357499        1.0019345989148134        3.5019483462853018        2.4999999202425029     
   14.025000000000000       0.99999994324445218        1.0000099053985954        1.0016039191808412        3.5016149725739796        2.4999999467087641     
   14.075000000000001       0.99999996218021570        1.0000080984313893        1.0013262359866379        3.5013351218027307        2.4999999645801414     
   14.125000000000000       0.99999997493436443        1.0000066033447099        1.0010937238248359        3.5011008643206938        2.4999999765843000     
   14.175000000000001       0.99999998347934516        1.0000053699982341        1.0008995902657112        3.5009053247483153        2.4999999846046528     
   14.225000000000000       0.99999998917365851        1.0000043555436400        1.0007379613771294        3.5007425629269484        2.4999999899346692     
   14.275000000000000       0.99999999294801456        1.0000035235291709        1.0006037760211810        3.5006074647135836        2.4999999934579762     
   14.325000000000001       0.99999999543665763        1.0000028430759063        1.0004926890420722        3.5004956424254483        2.4999999957749339     
   14.375000000000000       0.99999999706937781        1.0000022881303063        1.0004009831943022        3.5004033446173968        2.4999999972911606     
   14.425000000000001       0.99999999813568519        1.0000018367937984        1.0003254895299645        3.5003273747803498        2.4999999982790446     
   14.475000000000000       0.99999999882934398        1.0000014707273044        1.0002635158646196        3.5002650184779682        2.4999999989203312     
   14.525000000000000       0.99999999927912397        1.0000011746267738        1.0002127828691674        3.5002139783891866        2.4999999993354405     
   14.575000000000001       0.99999999956999519        1.0000009357646353        1.0001713672865706        3.5001723166936438        2.4999999996035593     
   14.625000000000000       0.99999999975761689        1.0000007435914580        1.0001376517436136        3.5001384042221901        2.4999999997763820     
   14.675000000000001       0.99999999987821342        1.0000005893918695        1.0001102806157522        3.5001108757934873        2.4999999998874514     
   14.725000000000000       0.99999999995526967        1.0000004659889457        1.0000881214043740        3.5000885911674593        2.4999999999584319     
   14.775000000000000        1.0000000000039799        1.0000003674914613        1.0000702310977547        3.5000706010647749        2.5000000000033182     
   14.825000000000001        1.0000000000342255        1.0000002890787765        1.0000558270072546        3.5000561177269232        2.5000000000311862     
   14.875000000000000        1.0000000000525056        1.0000002268185173        1.0000442615963685        3.5000444895212151        2.5000000000480034     
   14.925000000000001        1.0000000000631650        1.0000001775127350        1.0000350008507080        3.5000351791285116        2.5000000000577782     
   14.975000000000000        1.0000000000691256        1.0000001385685175        1.0000276057699511        3.5000277448864185        2.5000000000632152     
   15.025000000000000        1.0000000000723033        1.0000001078896055        1.0000217165972576        3.5000218248972135        2.5000000000660858     
   15.075000000000001        1.0000000000737923        1.0000000837859553        1.0000170394360959        3.5000171235453057        2.5000000000673919     
   15.125000000000000        1.0000000000739744        1.0000000648985989        1.0000133349386999        3.5000134001046428        2.5000000000674709     
   15.175000000000001        1.0000000000725979        1.0000000501375950        1.0000104087832120        3.5000104591499075        2.5000000000660316     
   15.225000000000000        1.0000000000689475        1.0000000386310770        1.0000081036878268        3.5000081425175109        2.5000000000623515     
   15.275000000000000        1.0000000000621228        1.0000000296836706        1.0000062927394573        3.5000063225916271        2.5000000000555156     
   15.325000000000001        1.0000000000513443        1.0000000227426848        1.0000048738414677        3.5000048967177801        2.5000000000447340     
   15.375000000000000        1.0000000000362510        1.0000000173706332        1.0000037651098805        3.5000037825716199        2.5000000000296416     
   15.425000000000001        1.0000000000171441        1.0000000132227924        1.0000029010699141        3.5000029143331783        2.5000000000105476     
   15.475000000000000       0.99999999999505174        1.0000000100287953        1.0000022295249544        3.5000022395372641        2.4999999999884510     
   15.525000000000000       0.99999999997159728        1.0000000075773556        1.0000017089881976        3.5000017164893991        2.4999999999649893     
   15.575000000000001       0.99999999994874578        1.0000000057036700        1.0000013065832591        3.5000013121530338        2.4999999999421325     
   15.625000000000000       0.99999999992846422        1.0000000042790467        1.0000009963341314        3.5000010004282105        2.4999999999218399     
   15.675000000000001       0.99999999991240807        1.0000000032025740        1.0000007577771779        3.5000007607544288        2.4999999999057776     
   15.725000000000000       0.99999999990171229        1.0000000023946649        1.0000005748384333        3.5000005769809119        2.4999999998950799     
   15.775000000000000       0.99999999989694233        1.0000000017922182        1.0000004349286664        3.5000004364567050        2.4999999998903122     
   15.825000000000001       0.99999999989817623        1.0000000013451209        1.0000003282164964        3.5000003293004824        2.4999999998915468     
   15.875000000000000       0.99999999990516708        1.0000000010138141        1.0000002470464391        3.5000002478165904        2.4999999998985558     
   15.925000000000001       0.99999999991754585        1.0000000007675427        1.0000001854745368        3.5000001860293608        2.4999999999109450     
   15.975000000000000       0.99999999993494793        1.0000000005829823        1.0000001388989384        3.5000001393127089        2.4999999999283564     
   16.025000000000002       0.99999999995708122        1.0000000004430352        1.0000001037670010        3.5000001040961717        2.4999999999505085     
   16.075000000000003       0.99999999998369082        1.0000000003356684        1.0000000773437085        3.5000000776320630        2.4999999999771467     
   16.125000000000004        1.0000000000144558        1.0000000002527754        1.0000000575292272        3.5000000578116133        2.5000000000079257     
   16.175000000000001        1.0000000000488432        1.0000000001890565        1.0000000427155948        3.5000000430202158        2.5000000000422991     
   16.225000000000001        1.0000000000859937        1.0000000001410336        1.0000000316746154        3.5000000320240705        2.5000000000794302     
   16.275000000000002        1.0000000001246647        1.0000000001062714        1.0000000234704831        3.5000000238818374        2.5000000001180855     
   16.325000000000003        1.0000000001632567        1.0000000000827896        1.0000000173919332        3.5000000178762858        2.5000000001566773     
   16.375000000000004        1.0000000001999347        1.0000000000687239        1.0000000128997950        3.5000000134617912        2.5000000001933698     
   16.425000000000001        1.0000000002327702        1.0000000000621703        1.0000000095865307        3.5000000102240740        2.5000000002262182     
   16.475000000000001        1.0000000002599223        1.0000000000611577        1.0000000071451227        3.5000000078495335        2.5000000002533693     
   16.525000000000002        1.0000000002798262        1.0000000000637179        1.0000000053452227        3.5000000061019478        2.5000000002732681     
   16.575000000000003        1.0000000002913310        1.0000000000679996        1.0000000040148807        3.5000000048046487        2.5000000002847722     
   16.625000000000004        1.0000000002938259        1.0000000000723803        1.0000000030265426        3.5000000038269277        2.5000000002872658     
   16.675000000000001        1.0000000002872369        1.0000000000755533        1.0000000022862894        3.5000000030733820        2.5000000002806839     
   16.725000000000001        1.0000000002720595        1.0000000000765858        1.0000000017256270        3.5000000024758160        2.5000000002655138     
   16.775000000000002        1.0000000002492642        1.0000000000749250        1.0000000012951344        3.5000000019866850        2.5000000002427289     
   16.825000000000003        1.0000000002201921        1.0000000000703648        1.0000000009595573        3.5000000015738610        2.5000000002136509     
   16.875000000000004        1.0000000001864251        1.0000000000630045        1.0000000006940775        3.5000000012165851        2.5000000001798659     
   16.925000000000001        1.0000000001496641        1.0000000000531575        1.0000000004814373        3.5000000009021934        2.5000000001431029     
   16.975000000000001        1.0000000001116034        1.0000000000413127        1.0000000003097567        3.5000000006235168        2.5000000001050426     
   17.025000000000002        1.0000000000738283        1.0000000000280445        1.0000000001708724        3.5000000003769212        2.5000000000672618     
   17.075000000000003        1.0000000000377074        1.0000000000139437        1.0000000000590754        3.5000000001607203        2.5000000000311404     
   17.125000000000004        1.0000000000043396       0.99999999999958489       0.99999999997022471        3.4999999999741038        2.4999999999977853     
   17.175000000000001       0.99999999997453404       0.99999999998549538       0.99999999990111488        3.4999999998163931        2.4999999999679821     
   17.225000000000001       0.99999999994877475       0.99999999997211031       0.99999999984901111        3.4999999996864983        2.4999999999422151     
   17.275000000000002       0.99999999992725230       0.99999999995976363       0.99999999981139276        3.4999999995827249        2.4999999999206901     
   17.325000000000003       0.99999999990988231       0.99999999994869515       0.99999999978581200        3.4999999995026596        2.4999999999033289     
   17.375000000000004       0.99999999989636390       0.99999999993904554       0.99999999976984189        3.4999999994432489        2.4999999998898161     
   17.425000000000001       0.99999999988620836       0.99999999993086064       0.99999999976107978        3.4999999994009103        2.4999999998796572     
   17.475000000000001       0.99999999987879651       0.99999999992410371       0.99999999975721510        3.4999999993717541        2.4999999998722404     
   17.525000000000002       0.99999999987345622       0.99999999991867494       0.99999999975612852        3.4999999993518851        2.4999999998668971     
   17.575000000000003       0.99999999986950749       0.99999999991443078       0.99999999975598819        3.4999999993376267        2.4999999998629470     
   17.625000000000004       0.99999999986634069       0.99999999991121080       0.99999999975534803        3.4999999993258548        2.4999999998597850     
   17.675000000000001       0.99999999986349020       0.99999999990885302       0.99999999975321940        3.4999999993142490        2.4999999998569411     
   17.725000000000001       0.99999999986067378       0.99999999990722321       0.99999999974912357        3.4999999993014876        2.4999999998541300     
   17.775000000000002       0.99999999985783228       0.99999999990625421       0.99999999974311393        3.4999999992874047        2.4999999998512883     
   17.825000000000003       0.99999999985514521       0.99999999990595811       0.99999999973575071        3.4999999992730273        2.4999999998486007     
   17.875000000000004       0.99999999985300503       0.99999999990643151       0.99999999972802744        3.4999999992604347        2.4999999998464681     
   17.925000000000001       0.99999999985199894       0.99999999990784438       0.99999999972127351        3.4999999992525757        2.4999999998454596     
   17.975000000000001       0.99999999985281962       0.99999999991042754       0.99999999971699660        3.4999999992529238        2.4999999998462705     
   18.025000000000002       0.99999999985621846       0.99999999991444499       0.99999999971674614        3.4999999992651873        2.4999999998496687     
   18.075000000000003       0.99999999986291876       0.99999999992017752       0.99999999972197207        3.4999999992929069        2.4999999998563793     
   18.125000000000004       0.99999999987353139       0.99999999992788868       0.99999999973384712        3.4999999993390443        2.4999999998670113     
   18.175000000000001       0.99999999988848631       0.99999999993780098       0.99999999975314724        3.4999999994056554        2.4999999998819780     
   18.225000000000001       0.99999999990798127       0.99999999995004762       0.99999999978016307        3.4999999994936579        2.4999999999014757     
   18.275000000000002       0.99999999993194966       0.99999999996465727       0.99999999981465448        3.4999999996026832        2.4999999999254467     
   18.325000000000003       0.99999999996001976       0.99999999998154021       0.99999999985582733        3.4999999997309237        2.4999999999535265     
   18.375000000000004       0.99999999999154110        1.0000000000004863       0.99999999990237076        3.4999999998752189        2.4999999999850502     
   18.425000000000001        1.0000000000255911        1.0000000000211597       0.99999999995254951        3.5000000000311968        2.5000000000191007     
   18.475000000000001        1.0000000000610141        1.0000000000431200        1.0000000000042890        3.5000000001934635        2.5000000000545337     
   18.525000000000002        1.0000000000965017        1.0000000000658340        1.0000000000553180        3.5000000003559228        2.5000000000900187     
   18.575000000000003        1.0000000001306590        1.0000000000886946        1.0000000001033404        3.5000000005121934        2.5000000001241696     
   18.625000000000004        1.0000000001620657        1.0000000001110572        1.0000000001461486        3.5000000006558833        2.5000000001555795     
   18.675000000000001        1.0000000001893667        1.0000000001322800        1.0000000001817864        3.5000000007810081        2.5000000001828919     
   18.725000000000001        1.0000000002113667        1.0000000001517579        1.0000000002086775        3.5000000008823764        2.5000000002048908     
   18.775000000000002        1.0000000002270764        1.0000000001689378        1.0000000002257141        3.5000000009558683        2.5000000002206018     
   18.825000000000003        1.0000000002357750        1.0000000001833607        1.0000000002323146        3.5000000009986345        2.5000000002292970     
   18.875000000000004        1.0000000002370386        1.0000000001946734        1.0000000002284080        3.5000000010091923        2.5000000002305529     
   18.925000000000001        1.0000000002307643        1.0000000002026510        1.0000000002144687        3.5000000009875398        2.5000000002242739     
   18.975000000000001        1.0000000002171687        1.0000000002072043        1.0000000001914480        3.5000000009350787        2.5000000002106737     
   19.025000000000002        1.0000000001967742        1.0000000002083653        1.0000000001607035        3.5000000008545107        2.5000000001902807     
   19.075000000000003        1.0000000001703646        1.0000000002062883        1.0000000001239020        3.5000000007496248        2.5000000001638880     
   19.125000000000004        1.0000000001389535        1.0000000002012408        1.0000000000829037        3.5000000006250631        2.5000000001324882     
   19.175000000000004        1.0000000001037004        1.0000000001935774        1.0000000000396372        3.5000000004859975        2.5000000000972320     
   19.225000000000001        1.0000000000658686        1.0000000001837184       0.99999999999601152        3.5000000003379377        2.5000000000594045     
   19.275000000000002        1.0000000000267768        1.0000000001721376       0.99999999995382671        3.5000000001864358        2.5000000000203064     
   19.325000000000003       0.99999999998771916        1.0000000001593325       0.99999999991466748        3.5000000000368154        2.4999999999812368     
   19.375000000000004       0.99999999994992705        1.0000000001458014       0.99999999987986388        3.4999999998939941        2.4999999999434381     
   19.425000000000004       0.99999999991451116        1.0000000001320313       0.99999999985043209        3.4999999997622622        2.4999999999080318     
   19.475000000000001       0.99999999988244681        1.0000000001184839       0.99999999982708498        3.4999999996452127        2.4999999998759734     
   19.525000000000002       0.99999999985453536        1.0000000001055729       0.99999999981022536        3.4999999995456652        2.4999999998480638     
   19.575000000000003       0.99999999983139176        1.0000000000936651       0.99999999979995613        3.4999999994656261        2.4999999998249169     
   19.625000000000004       0.99999999981344012        1.0000000000830656       0.99999999979612841        3.4999999994063082        2.4999999998069540     
   19.675000000000004       0.99999999980091259        1.0000000000740217       0.99999999979836063        3.4999999993681583        2.4999999997944071     
   19.725000000000001       0.99999999979386167        1.0000000000667191       0.99999999980610088        3.4999999993509432        2.4999999997873310     
   19.775000000000002       0.99999999979216891        1.0000000000612794       0.99999999981867105        3.4999999993538200        2.4999999997856164     
   19.825000000000003       0.99999999979557330        1.0000000000577576       0.99999999983531374        3.4999999993754503        2.4999999997890190     
   19.875000000000004       0.99999999980369414        1.0000000000561562       0.99999999985522336        3.4999999994140860        2.4999999997971654     
   19.925000000000004       0.99999999981604382        1.0000000000564246       0.99999999987758303        3.4999999994676223        2.4999999998095488     
   19.975000000000001       0.99999999983205823        1.0000000000584677       0.99999999990160315        3.4999999995337348        2.4999999998255764     
