   7.0710678118654752E-002   1.0000000039877237     
  0.21213203435596428        1.0000000042941344     
  0.35355339059327384        1.0000000044959856     
  0.49497474683058329        1.0000000045919419     
  0.63639610306789285        1.0000000045862305     
  0.77781745930520230        1.0000000044875412     
  0.91923881554251174        1.0000000043083586     
   1.0606601717798214        1.0000000040641757     
   1.2020815280171306        1.0000000037728913     
   1.3435028842544403        1.0000000034537058     
   1.4849242404917500        1.0000000031240126     
   1.6263455967290597        1.0000000027968596     
   1.7677669529663689        1.0000000024788804     
   1.9091883092036785        1.0000000021714956     
   2.0506096654409878        1.0000000018728650     
   2.1920310216782974        1.0000000015791619     
   2.3334523779156067        1.0000000012867349     
   2.4748737341529159        1.0000000009918917     
   2.6162950903902260        1.0000000006921574     
   2.7577164466275352        1.0000000003864071     
   2.8991378028648453        1.0000000000729838     
   3.0405591591021546       0.99999999974924048     
   3.1819805153394647       0.99999999940897222     
   3.3234018715767739       0.99999999904172998     
   3.4648232278140831       0.99999999863240674     
   3.6062445840513924       0.99999999816156571     
   3.7476659402887025       0.99999999760767211     
   3.8890872965260117       0.99999999694854880     
   4.0305086527633218       0.99999999616488067     
   4.1719300090006310       0.99999999524327721     
   4.3133513652379403       0.99999999418139573     
   4.4547727214752495       0.99999999299289222     
   4.5961940777125587       0.99999999171065923     
   4.7376154339498697       0.99999999038841791     
   4.8790367901871781       0.99999998909547783     
   5.0204581464244882       0.99999998790666322     
   5.1618795026617974       0.99999998688543257     
   5.3033008588991066       0.99999998606977636     
   5.4447222151364159       0.99999998546947066     
   5.5861435713737251       0.99999998507070764     
   5.7275649276110361       0.99999998484782238     
   5.8689862838483453       0.99999998477320629     
   6.0104076400856545       0.99999998482636898     
   6.1518289963229638       0.99999998500212450     
   6.2932503525602730       0.99999998531246959     
   6.4346717087975840       0.99999998578057314     
   6.5760930650348932       0.99999998643224319     
   6.7175144212722024       0.99999998730764594     
   6.8589357775095117       0.99999998850727678     
   7.0003571337468209       0.99999999027509301     
   7.1417784899841310       0.99999999293904185     
   7.2831998462214393       0.99999999650675209     
   7.4246212024587503        1.0000000003215581     
   7.5660425586960596        1.0000000034756615     
   7.7074639149333688        1.0000000057271159     
   7.8488852711706780        1.0000000074398334     
   7.9903066274079872        1.0000000081873746     
   8.1317279836452983        1.0000000068185999     
   8.2731493398826075        1.0000000039342851     
   8.4145706961199167        1.0000000013594998     
   8.5559920523572259       0.99999999767121373     
   8.6974134085945352       0.99999998983942517     
   8.8388347648318444       0.99999998143436042     
   8.9802561210691536       0.99999998053972461     
   9.1216774773064628       0.99999998573455573     
   9.2630988335437721       0.99999998496081222     
   9.4045201897810813       0.99999997484301673     
   9.5459415460183941       0.99999996986472484     
   9.6873629022557033       0.99999998138291657     
   9.8287842584930107       0.99999999702392095     
   9.9702056147303217       0.99999999224555292     
   10.111626970967631       0.99999994909629397     
   10.253048327204940       0.99999983277576510     
   10.394469683442249       0.99999951004587584     
   10.535891039679559       0.99999860489564818     
   10.677312395916868       0.99999618118509515     
   10.818733752154177       0.99999001534287713     
   10.960155108391486       0.99997497984210493     
   11.101576464628796       0.99993978008651940     
   11.242997820866105       0.99986072345727373     
   11.384419177103414       0.99969042388754237     
   11.525840533340727       0.99933892338606789     
   11.667261889578032       0.99864393857151579     
   11.808683245815342       0.99732782606973924     
   11.950104602052651       0.99494187532200973     
   12.091525958289960       0.99080454771359017     
   12.232947314527273       0.98395007911039467     
   12.374368670764582       0.97311547478601712     
   12.515790027001891       0.95680483906831726     
   12.657211383239201       0.93346951074615936     
   12.798632739476510       0.90182041713761174     
   12.940054095713819       0.86124185387430663     
   13.081475451951128       0.81221220699752539     
   13.222896808188437       0.75658320187305828     
   13.364318164425747       0.69756607605392396     
   13.505739520663059       0.63935528137007935     
   13.647160876900369       0.58647354740206803     
   13.788582233137678       0.54306262208332079     
   13.930003589374985       0.51236379647232022     
   14.071424945612295       0.49650198441855875     
   14.212846301849606       0.49650198652021726     
   14.354267658086915       0.51236382679789760     
   14.495689014324224       0.54306276622615879     
   14.637110370561533       0.58647386888719444     
   14.778531726798843       0.63935578518047831     
   14.919953083036154       0.69756683591111701     
   15.061374439273463       0.75658418236473857     
   15.202795795510770       0.81221314004496481     
   15.344217151748079       0.86124251359147153     
   15.485638507985389       0.90182081296439065     
   15.627059864222701       0.93346974008252059     
   15.768481220460011       0.95680499287314758     
   15.909902576697320       0.97311564778112514     
   16.051323932934629       0.98395022644019703     
   16.192745289171938       0.99080461900878147     
   16.334166645409248       0.99494200066233240     
   16.475588001646557       0.99732800160684321     
   16.617009357883866       0.99864401249917223     
   16.758430714121175       0.99933891844190037     
   16.899852070358484       0.99969041224472033     
   17.041273426595794       0.99986071866229087     
   17.182694782833103       0.99993978832474895     
   17.324116139070412       0.99997498988301603     
   17.465537495307721       0.99999002138605009     
   17.606958851545031       0.99999617887670833     
   17.748380207782343       0.99999859798362256     
   17.889801564019653       0.99999950833416618     
   18.031222920256962       0.99999983835495876     
   18.172644276494268       0.99999995757571403     
   18.314065632731577        1.0000000023106979     
   18.455486988968893        1.0000000181729629     
   18.596908345206202        1.0000000225216248     
   18.738329701443512        1.0000000235346023     
   18.879751057680821        1.0000000206943807     
   19.021172413918130        1.0000000118102907     
   19.162593770155439        1.0000000047282658     
   19.304015126392748        1.0000000106714391     
   19.445436482630058        1.0000000241576585     
   19.586857838867367        1.0000000247711545     
   19.728279195104676        1.0000000047621338     
   19.869700551341985       0.99999998093280862     
   20.011121907579295       0.99999997316069511     
   20.152543263816604       0.99999998351913733     
   20.293964620053913        1.0000000010827850     
   20.435385976291222        1.0000000164432279     
   20.576807332528531        1.0000000259369923     
   20.718228688765841        1.0000000279048882     
   20.859650045003150        1.0000000214538090     
   21.001071401240459        1.0000000091818335     
   21.142492757477768       0.99999999775832860     
   21.283914113715085       0.99999999355384628     
   21.425335469952390       0.99999999783120930     
   21.566756826189696        1.0000000066518253     
   21.708178182427005        1.0000000148418142     
   21.849599538664314        1.0000000195254548     
   21.991020894901631        1.0000000206393485     
   22.132442251138940        1.0000000194795655     
   22.273863607376249        1.0000000173617911     
   22.415284963613558        1.0000000151668560     
   22.556706319850868        1.0000000133798816     
   22.698127676088177        1.0000000121853736     
   22.839549032325486        1.0000000115399281     
   22.980970388562795        1.0000000112678444     
   23.122391744800105        1.0000000111636944     
   23.263813101037414        1.0000000110582330     
   23.405234457274723        1.0000000108409621     
   23.546655813512032        1.0000000104574818     
   23.688077169749342        1.0000000098978110     
   23.829498525986651        1.0000000091826364     
   23.970919882223960        1.0000000083501905     
   24.112341238461269        1.0000000074456186     
   24.253762594698578        1.0000000065124910     
   24.395183950935888        1.0000000055874601     
   24.536605307173204        1.0000000046966508     
   24.678026663410506        1.0000000038545889     
   24.819448019647819        1.0000000030662040     
   24.960869375885125        1.0000000023294842     
   25.102290732122434        1.0000000016398178     
   25.243712088359750        1.0000000009931471     
   25.385133444597052        1.0000000003873533     
   25.526554800834369       0.99999999982358945     
   25.667976157071671       0.99999999930599504     
   25.809397513308987       0.99999999884191326     
   25.950818869546296       0.99999999844184406     
   26.092240225783605       0.99999999811883755     
   26.233661582020915       0.99999999788749572     
   26.375082938258220       0.99999999776173387     
   26.516504294495533       0.99999999775243809     
   26.657925650732842       0.99999999786488625     
   26.799347006970152       0.99999999809756612     
   26.940768363207461       0.99999999844224330     
   27.082189719444770       0.99999999888553925     
   27.223611075682079       0.99999999941082329     
   27.365032431919389       0.99999999999873612     
   27.506453788156698        1.0000000006281937     
   27.647875144394007        1.0000000012760921     
   27.789296500631323        1.0000000019182163     
   27.930717856868625        1.0000000025310873     
   28.072139213105938        1.0000000030924712     
   28.213560569343244        1.0000000035832541     
