   2.5000000000000001E-002   1.0000001698332119     
   7.5000000000000011E-002   1.0000001707995800     
  0.12500000000000003        1.0000001700424388     
  0.17500000000000002        1.0000001675909997     
  0.22500000000000001        1.0000001635005451     
  0.27500000000000002        1.0000001578463515     
  0.32500000000000001        1.0000001507147707     
  0.37500000000000000        1.0000001421953131     
  0.42499999999999999        1.0000001323778489     
  0.47499999999999998        1.0000001213566787     
  0.52500000000000002        1.0000001092382742     
  0.57500000000000007        1.0000000961462310     
  0.62500000000000000        1.0000000822198869     
  0.67500000000000004        1.0000000676089928     
  0.72499999999999998        1.0000000524690538     
  0.77500000000000002        1.0000000369587454     
  0.82500000000000007        1.0000000212374036     
  0.87500000000000000        1.0000000054601099     
  0.92500000000000004       0.99999998977070514     
  0.97499999999999998       0.99999997429649934     
   1.0250000000000001       0.99999995914956075     
   1.0750000000000002       0.99999994443510209     
   1.1250000000000002       0.99999993026075684     
   1.1750000000000003       0.99999991673849975     
   1.2250000000000001       0.99999990397616545     
   1.2750000000000001       0.99999989206217987     
   1.3250000000000002       0.99999988104969351     
   1.3750000000000002       0.99999987094581766     
   1.4250000000000003       0.99999986171030841     
   1.4750000000000001       0.99999985326385310     
   1.5250000000000001       0.99999984550065468     
   1.5750000000000002       0.99999983829881667     
   1.6250000000000002       0.99999983152607952     
   1.6750000000000003       0.99999982504278917     
   1.7250000000000001       0.99999981870509547     
   1.7750000000000001       0.99999981237067681     
   1.8250000000000002       0.99999980590759940     
   1.8750000000000002       0.99999979920479098     
   1.9250000000000003       0.99999979218069390     
   1.9750000000000001       0.99999978478706797     
   2.0250000000000004       0.99999977700797427     
   2.0750000000000002       0.99999976885572472     
   2.1250000000000000       0.99999976036388172     
   2.1750000000000003       0.99999975157670296     
   2.2250000000000001       0.99999974253789681     
   2.2750000000000004       0.99999973328579728     
   2.3250000000000002       0.99999972386106328     
   2.3750000000000004       0.99999971432615431     
   2.4250000000000003       0.99999970478762545     
   2.4750000000000001       0.99999969540946221     
   2.5250000000000004       0.99999968641071602     
   2.5750000000000002       0.99999967804935708     
   2.6250000000000004       0.99999967060009609     
   2.6750000000000003       0.99999966433441645     
   2.7250000000000001       0.99999965950780989     
   2.7750000000000004       0.99999965635526489     
   2.8250000000000002       0.99999965509109678     
   2.8750000000000004       0.99999965590088780     
   2.9250000000000003       0.99999965891055875     
   2.9750000000000001       0.99999966413475361     
   3.0250000000000004       0.99999967143339152     
   3.0750000000000002       0.99999968051035126     
   3.1250000000000004       0.99999969096186470     
   3.1750000000000003       0.99999970234898972     
   3.2250000000000001       0.99999971425893897     
   3.2750000000000004       0.99999972634020573     
   3.3250000000000002       0.99999973832435696     
   3.3750000000000004       0.99999975005765240     
   3.4250000000000003       0.99999976155249237     
   3.4750000000000001       0.99999977303835663     
   3.5250000000000004       0.99999978495855191     
   3.5750000000000002       0.99999979785799498     
   3.6250000000000004       0.99999981217114187     
   3.6750000000000003       0.99999982801438148     
   3.7250000000000001       0.99999984511707984     
   3.7750000000000004       0.99999986293779408     
   3.8250000000000002       0.99999988088226865     
   3.8750000000000004       0.99999989849641557     
   3.9250000000000003       0.99999991557767109     
   3.9750000000000001       0.99999993221867334     
   4.0249999999999995       0.99999994877641685     
   4.0750000000000002       0.99999996571885064     
   4.1250000000000000       0.99999998335791129     
   4.1749999999999998        1.0000000015974897     
   4.2249999999999996        1.0000000198607601     
   4.2749999999999995        1.0000000372523632     
   4.3250000000000002        1.0000000528552531     
   4.3750000000000000        1.0000000660020052     
   4.4249999999999998        1.0000000764139718     
   4.4749999999999996        1.0000000841791341     
   4.5249999999999995        1.0000000896006356     
   4.5750000000000002        1.0000000929998141     
   4.6250000000000000        1.0000000945722807     
   4.6749999999999998        1.0000000943588654     
   4.7249999999999996        1.0000000923339201     
   4.7750000000000004        1.0000000885567049     
   4.8250000000000002        1.0000000832921774     
   4.8750000000000000        1.0000000770090136     
   4.9249999999999998        1.0000000702387757     
   4.9749999999999996        1.0000000634013266     
   5.0250000000000004        1.0000000567336080     
   5.0750000000000002        1.0000000503449415     
   5.1250000000000000        1.0000000442967987     
   5.1749999999999998        1.0000000386085051     
   5.2249999999999996        1.0000000331965664     
   5.2750000000000004        1.0000000278225143     
   5.3250000000000002        1.0000000221056107     
   5.3750000000000000        1.0000000156535558     
   5.4249999999999998        1.0000000083347753     
   5.4749999999999996        1.0000000005359069     
   5.5250000000000004       0.99999999312694365     
   5.5750000000000002       0.99999998706630999     
   5.6250000000000000       0.99999998294123593     
   5.6749999999999998       0.99999998082207975     
   5.7249999999999996       0.99999998043732430     
   5.7750000000000004       0.99999998129796508     
   5.8250000000000002       0.99999998258433676     
   5.8750000000000000       0.99999998303000159     
   5.9249999999999998       0.99999998096723264     
   5.9749999999999996       0.99999997430004828     
   6.0250000000000004       0.99999996011600079     
   6.0750000000000002       0.99999993397076936     
   6.1250000000000000       0.99999988919693050     
   6.1749999999999998       0.99999981644850433     
   6.2249999999999996       0.99999970314443576     
   6.2750000000000004       0.99999953229750649     
   6.3250000000000002       0.99999928050699527     
   6.3750000000000000       0.99999891543804398     
   6.4249999999999998       0.99999839315440475     
   6.4749999999999996       0.99999765458132939     
   6.5250000000000004       0.99999661932561079     
   6.5750000000000002       0.99999517572298147     
   6.6250000000000000       0.99999316916164138     
   6.6749999999999998       0.99999039160590908     
   6.7249999999999996       0.99998657106234135     
   6.7750000000000004       0.99998135444629266     
   6.8250000000000002       0.99997427661042904     
   6.8750000000000000       0.99996471825277111     
   6.9249999999999998       0.99995186180133833     
   6.9749999999999996       0.99993464995084302     
   7.0250000000000004       0.99991173816706613     
   7.0750000000000002       0.99988142055145834     
   7.1250000000000000       0.99984152456521747     
   7.1749999999999998       0.99978928375218146     
   7.2249999999999996       0.99972120999799752     
   7.2750000000000004       0.99963296704860305     
   7.3250000000000002       0.99951920969994235     
   7.3750000000000000       0.99937338057553571     
   7.4249999999999998       0.99918745374618445     
   7.4749999999999996       0.99895167045123634     
   7.5250000000000004       0.99865426465792173     
   7.5750000000000002       0.99828113449143185     
   7.6250000000000000       0.99781551927683898     
   7.6749999999999998       0.99723761524987686     
   7.7249999999999996       0.99652427502523577     
   7.7750000000000004       0.99564867822650338     
   7.8250000000000002       0.99458003770304459     
   7.8750000000000000       0.99328326366510300     
   7.9249999999999998       0.99171859755519054     
   7.9749999999999996       0.98984134313894234     
   8.0250000000000004       0.98760186389149562     
   8.0749999999999993       0.98494583949681513     
   8.1250000000000000       0.98181457266998107     
   8.1750000000000007       0.97814525464044488     
   8.2249999999999996       0.97387143259191522     
   8.2750000000000004       0.96892396932426328     
   8.3249999999999993       0.96323243017545568     
   8.3750000000000000       0.95672661787039071     
   8.4250000000000007       0.94933818675123405     
   8.4749999999999996       0.94100251427387849     
   8.5250000000000004       0.93166091373496795     
   8.5749999999999993       0.92126307539303254     
   8.6250000000000000       0.90976964806159022     
   8.6750000000000007       0.89715493870854179     
   8.7249999999999996       0.88340957014477894     
   8.7750000000000004       0.86854277464850982     
   8.8249999999999993       0.85258410300033893     
   8.8750000000000000       0.83558460531993251     
   8.9250000000000007       0.81761765433454092     
   8.9749999999999996       0.79877939928978248     
   9.0250000000000004       0.77918857653112650     
   9.0749999999999993       0.75898535246404863     
   9.1250000000000000       0.73832909930640600     
   9.1750000000000007       0.71739533305738934     
   9.2249999999999996       0.69637222537336307     
   9.2750000000000004       0.67545697657426917     
   9.3249999999999993       0.65485203841090389     
   9.3750000000000000       0.63476103661314121     
   9.4250000000000007       0.61538447051176082     
   9.4749999999999996       0.59691558180129134     
   9.5250000000000004       0.57953679179276429     
   9.5750000000000011       0.56341693656075642     
   9.6250000000000000       0.54870925094387712     
   9.6750000000000007       0.53554994002781331     
   9.7249999999999996       0.52405734400709258     
   9.7750000000000004       0.51433158159626846     
   9.8250000000000011       0.50645468872057520     
   9.8750000000000000       0.50049120735654595     
   9.9250000000000007       0.49648905159436491     
   9.9749999999999996       0.49448041585638597     
   10.025000000000000       0.49448153523457439     
   10.075000000000001       0.49649238937359957     
   10.125000000000000       0.50049666878355215     
   10.175000000000001       0.50646218953441025     
   10.225000000000000       0.51434096962002351     
   10.275000000000000       0.52406859029329778     
   10.325000000000001       0.53556318317127849     
   10.375000000000000       0.54872466873315584     
   10.425000000000001       0.56343456696027450     
   10.475000000000000       0.57955636245197351     
   10.525000000000000       0.59693641785042062     
   10.575000000000001       0.61540556588414219     
   10.625000000000000       0.63478142348915645     
   10.675000000000001       0.65487128892080593     
   10.725000000000000       0.67547538636032667     
   10.775000000000000       0.69639045203044447     
   10.825000000000001       0.71741373451537072     
   10.875000000000000       0.73834739677273364     
   10.925000000000001       0.75900291159251476     
   10.975000000000000       0.77920503455926304     
   11.025000000000000       0.79879498668149651     
   11.075000000000001       0.81763290574048175     
   11.125000000000000       0.83559971214489948     
   11.175000000000001       0.85259860703743473     
   11.225000000000000       0.86855587297346815     
   11.275000000000000       0.88342065774896417     
   11.325000000000001       0.89716405635199703     
   11.375000000000000       0.90977752509827803     
   11.425000000000001       0.92127051338755728     
   11.475000000000000       0.93166840749459501     
   11.525000000000000       0.94101006943599241     
   11.575000000000001       0.94934540916114707     
   11.625000000000000       0.95673301804966049     
   11.675000000000001       0.96323776258352767     
   11.725000000000000       0.96892834334455047     
   11.775000000000000       0.97387510819321355     
   11.825000000000001       0.97814836483551659     
   11.875000000000000       0.98181708219973796     
   11.925000000000001       0.98494773744008435     
   11.975000000000000       0.98760330399296059     
   12.025000000000000       0.98984255270455035     
   12.075000000000001       0.99171969660059578     
   12.125000000000000       0.99328422085873647     
   12.175000000000001       0.99458078107272552     
   12.225000000000000       0.99564920592335393     
   12.275000000000000       0.99652466523072991     
   12.325000000000001       0.99723796764317774     
   12.375000000000000       0.99781589965048589     
   12.425000000000001       0.99828156142426117     
   12.475000000000000       0.99865470749862695     
   12.525000000000000       0.99895209884515301     
   12.575000000000001       0.99918784881072575     
   12.625000000000000       0.99937374551408797     
   12.675000000000001       0.99951955255917657     
   12.725000000000000       0.99963329697446268     
   12.775000000000000       0.99972154133466284     
   12.825000000000001       0.99978962617468736     
   12.875000000000000       0.99984187354873266     
   12.925000000000001       0.99988175568842586     
   12.975000000000000       0.99991203944035467     
   13.025000000000000       0.99993491356479780     
   13.075000000000001       0.99995209947156116     
   13.125000000000000       0.99996494381076007     
   13.175000000000001       0.99997449359486312     
   13.225000000000000       0.99998155703946490     
   13.275000000000000       0.99998675352381172     
   13.325000000000001       0.99999055474468590     
   13.375000000000000       0.99999331807338820     
   13.425000000000001       0.99999531299930311     
   13.475000000000000       0.99999674183685627     
   13.525000000000000       0.99999775594120244     
   13.575000000000001       0.99999846839220152     
   13.625000000000000       0.99999896372275365     
   13.675000000000001       0.99999930506057444     
   13.725000000000000       0.99999953910845230     
   13.775000000000000       0.99999969959269408     
   13.825000000000001       0.99999980992896742     
   13.875000000000000       0.99999988569800857     
   13.925000000000001       0.99999993710590063     
   13.975000000000000       0.99999997117459138     
   14.025000000000000       0.99999999326207811     
   14.075000000000001        1.0000000077323963     
   14.125000000000000        1.0000000179780026     
   14.175000000000001        1.0000000262322424     
   14.225000000000000        1.0000000335473802     
   14.275000000000000        1.0000000400579998     
   14.325000000000001        1.0000000454179141     
   14.375000000000000        1.0000000492231707     
   14.425000000000001        1.0000000512919314     
   14.475000000000000        1.0000000517679040     
   14.525000000000000        1.0000000510827003     
   14.575000000000001        1.0000000498442891     
   14.625000000000000        1.0000000487211227     
   14.675000000000001        1.0000000483657572     
   14.725000000000000        1.0000000493773520     
   14.775000000000000        1.0000000522704353     
   14.825000000000001        1.0000000574263472     
   14.875000000000000        1.0000000650446659     
   14.925000000000001        1.0000000751389038     
   14.975000000000000        1.0000000875986628     
   15.025000000000000        1.0000001022849996     
   15.075000000000001        1.0000001190907348     
   15.125000000000000        1.0000001379204113     
   15.175000000000001        1.0000001586075016     
   15.225000000000000        1.0000001808349224     
   15.275000000000000        1.0000002041192779     
   15.325000000000001        1.0000002278682976     
   15.375000000000000        1.0000002514697883     
   15.425000000000001        1.0000002743586229     
   15.475000000000000        1.0000002960374685     
   15.525000000000000        1.0000003160665034     
   15.575000000000001        1.0000003340539279     
   15.625000000000000        1.0000003496656662     
   15.675000000000001        1.0000003626478122     
   15.725000000000000        1.0000003728420175     
   15.775000000000000        1.0000003801807702     
   15.825000000000001        1.0000003846668331     
   15.875000000000000        1.0000003863531022     
   15.925000000000001        1.0000003853368062     
   15.975000000000000        1.0000003817681473     
   16.025000000000002        1.0000003758607023     
   16.075000000000003        1.0000003678889702     
   16.125000000000004        1.0000003581675303     
   16.175000000000001        1.0000003470174026     
   16.225000000000001        1.0000003347310800     
   16.275000000000002        1.0000003215471123     
   16.325000000000003        1.0000003076409953     
   16.375000000000004        1.0000002931349983     
   16.425000000000001        1.0000002781251953     
   16.475000000000001        1.0000002627189504     
   16.525000000000002        1.0000002470699767     
   16.575000000000003        1.0000002313953085     
   16.625000000000004        1.0000002159638730     
   16.675000000000001        1.0000002010600952     
   16.725000000000001        1.0000001869402921     
   16.775000000000002        1.0000001738040540     
   16.825000000000003        1.0000001617926642     
   16.875000000000004        1.0000001510082299     
   16.925000000000001        1.0000001415320645     
   16.975000000000001        1.0000001334195505     
   17.025000000000002        1.0000001266641700     
   17.075000000000003        1.0000001211467044     
   17.125000000000004        1.0000001166019012     
   17.175000000000001        1.0000001126318128     
   17.225000000000001        1.0000001087728809     
   17.275000000000002        1.0000001045946838     
   17.325000000000003        1.0000000997886389     
   17.375000000000004        1.0000000942067895     
   17.425000000000001        1.0000000878346995     
   17.475000000000001        1.0000000807154912     
   17.525000000000002        1.0000000728651448     
   17.575000000000003        1.0000000642195219     
   17.625000000000004        1.0000000546340460     
   17.675000000000001        1.0000000439311902     
   17.725000000000001        1.0000000319723625     
   17.775000000000002        1.0000000187253615     
   17.825000000000003        1.0000000043045434     
   17.875000000000004       0.99999998897351716     
   17.925000000000001       0.99999997311277089     
   17.975000000000001       0.99999995716376910     
   18.025000000000002       0.99999994156605165     
   18.075000000000003       0.99999992670421767     
   18.125000000000004       0.99999991287663403     
   18.175000000000001       0.99999990028908936     
   18.225000000000001       0.99999988906857484     
   18.275000000000002       0.99999987928809919     
   18.325000000000003       0.99999987099289633     
   18.375000000000004       0.99999986422054021     
   18.425000000000001       0.99999985901142363     
   18.475000000000001       0.99999985541023861     
   18.525000000000002       0.99999985346147990     
   18.575000000000003       0.99999985320176965     
   18.625000000000004       0.99999985465092500     
   18.675000000000001       0.99999985780388023     
   18.725000000000001       0.99999986262554641     
   18.775000000000002       0.99999986905023519     
   18.825000000000003       0.99999987698610682     
   18.875000000000004       0.99999988632343140     
   18.925000000000001       0.99999989694340863     
   18.975000000000001       0.99999990872325784     
   19.025000000000002       0.99999992153622486     
   19.075000000000003       0.99999993524975606     
   19.125000000000004       0.99999994972622708     
   19.175000000000004       0.99999996482682696     
   19.225000000000001       0.99999998041498461     
   19.275000000000002       0.99999999635539305     
   19.325000000000003        1.0000000125081330     
   19.375000000000004        1.0000000287216562     
   19.425000000000004        1.0000000448297879     
   19.475000000000001        1.0000000606552040     
   19.525000000000002        1.0000000760169847     
   19.575000000000003        1.0000000907374167     
   19.625000000000004        1.0000001046455440     
   19.675000000000004        1.0000001175786088     
   19.725000000000001        1.0000001293835086     
   19.775000000000002        1.0000001399192731     
   19.825000000000003        1.0000001490602124     
   19.875000000000004        1.0000001566989329     
   19.925000000000004        1.0000001627482447     
   19.975000000000001        1.0000001671415970     
