   3.5355339059327376E-002  0.99999735609762597     
  0.10606601717798214       0.99999738753873968     
  0.17677669529663692       0.99999742247196310     
  0.24748737341529164       0.99999746059097205     
  0.31819805153394642       0.99999750154001865     
  0.38890872965260115       0.99999754489500048     
  0.45961940777125587       0.99999759017121581     
  0.53033008588991071       0.99999763685335219     
  0.60104076400856532       0.99999768441972858     
  0.67175144212722016       0.99999773233911915     
  0.74246212024587499       0.99999778004897610     
  0.81317279836452983       0.99999782694654149     
  0.88388347648318444       0.99999787241310678     
  0.95459415460183927       0.99999791585697140     
   1.0253048327204939       0.99999795673899050     
   1.0960155108391487       0.99999799456090610     
   1.1667261889578033       0.99999802883536459     
   1.2374368670764579       0.99999805907595141     
   1.3081475451951130       0.99999808482373986     
   1.3788582233137676       0.99999810568661973     
   1.4495689014324227       0.99999812135355415     
   1.5202795795510773       0.99999813157412376     
   1.5909902576697323       0.99999813613307442     
   1.6617009357883870       0.99999813485579758     
   1.7324116139070416       0.99999812764588070     
   1.8031222920256962       0.99999811451870912     
   1.8738329701443512       0.99999809559718211     
   1.9445436482630059       0.99999807107534111     
   2.0152543263816609       0.99999804118913826     
   2.0859650045003155       0.99999800622386059     
   2.1566756826189701       0.99999796654591533     
   2.2273863607376247       0.99999792261924791     
   2.2980970388562794       0.99999787498338266     
   2.3688077169749349       0.99999782421245076     
   2.4395183950935890       0.99999777089612030     
   2.5102290732122441       0.99999771566015716     
   2.5809397513308987       0.99999765920070527     
   2.6516504294495533       0.99999760228900181     
   2.7223611075682079       0.99999754573216815     
   2.7930717856868625       0.99999749032193019     
   2.8637824638055180       0.99999743681722886     
   2.9344931419241727       0.99999738597160726     
   3.0052038200428273       0.99999733856676687     
   3.0759144981614819       0.99999729540389870     
   3.1466251762801365       0.99999725724835131     
   3.2173358543987920       0.99999722477512665     
   3.2880465325174466       0.99999719856399238     
   3.3587572106361012       0.99999717913955477     
   3.4294678887547558       0.99999716700160890     
   3.5001785668734104       0.99999716260124361     
   3.5708892449920655       0.99999716627905855     
   3.6415999231107197       0.99999717822587986     
   3.7123106012293752       0.99999719850298407     
   3.7830212793480298       0.99999722709346983     
   3.8537319574666844       0.99999726392255506     
   3.9244426355853390       0.99999730882067139     
   3.9951533137039936       0.99999736146896867     
   4.0658639918226491       0.99999742138852388     
   4.1365746699413037       0.99999748798823707     
   4.2072853480599584       0.99999756062392131     
   4.2779960261786130       0.99999763861050650     
   4.3487067042972676       0.99999772118130204     
   4.4194173824159222       0.99999780744703604     
   4.4901280605345768       0.99999789641074055     
   4.5608387386532314       0.99999798703733034     
   4.6315494167718860       0.99999807831737630     
   4.7022600948905406       0.99999816926650442     
   4.7729707730091970       0.99999825886786931     
   4.8436814511278516       0.99999834602782667     
   4.9143921292465054       0.99999842960446039     
   4.9851028073651609       0.99999850849197980     
   5.0558134854838155       0.99999858168116784     
   5.1265241636024701       0.99999864823985429     
   5.1972348417211247       0.99999870724864381     
   5.2679455198397793       0.99999875778345393     
   5.3386561979584339       0.99999879898811805     
   5.4093668760770885       0.99999883018008773     
   5.4800775541957432       0.99999885089367246     
   5.5507882323143978       0.99999886083320222     
   5.6214989104330524       0.99999885981029679     
   5.6922095885517070       0.99999884776106662     
   5.7629202666703634       0.99999882485554759     
   5.8336309447890162       0.99999879161473237     
   5.9043416229076708       0.99999874894352303     
   5.9750523010263255       0.99999869807729103     
   6.0457629791449801       0.99999864053167609     
   6.1164736572636365       0.99999857814752569     
   6.1871843353822911       0.99999851324138933     
   6.2578950135009457       0.99999844878195909     
   6.3286056916196003       0.99999838848297073     
   6.3993163697382549       0.99999833675325311     
   6.4700270478569095       0.99999829851858535     
   6.5407377259755641       0.99999827895995430     
   6.6114484040942187       0.99999828319728312     
   6.6821590822128734       0.99999831591486266     
   6.7528697603315297       0.99999838091719273     
   6.8235804384501844       0.99999848063885532     
   6.8942911165688390       0.99999861562923842     
   6.9650017946874927       0.99999878397108255     
   7.0357124728061473       0.99999898058523717     
   7.1064231509248028       0.99999919647361923     
   7.1771338290434574       0.99999941812208015     
   7.2478445071621120       0.99999962742231918     
   7.3185551852807667       0.99999980241419895     
   7.3892658633994213       0.99999991894195628     
   7.4599765415180768       0.99999995314027657     
   7.5306872196367314       0.99999988453034871     
   7.6013978977553851       0.99999969939510303     
   7.6721085758740397       0.99999939393912829     
   7.7428192539926943       0.99999897643910940     
   7.8135299321113507       0.99999846747816801     
   7.8842406102300053       0.99999789769653846     
   7.9549512883486599       0.99999730315761692     
   8.0256619664673146       0.99999671936351486     
   8.0963726445859692       0.99999617570634258     
   8.1670833227046238       0.99999569204594230     
   8.2377940008232784       0.99999527832843749     
   8.3085046789419330       0.99999493701318753     
   8.3792153570605876       0.99999466693208172     
   8.4499260351792422       0.99999446696633354     
   8.5206367132978968       0.99999433838301233     
   8.5913473914165515       0.99999428511795163     
   8.6620580695352061       0.99999431207030687     
   8.7327687476538607       0.99999442211276657     
   8.8034794257725153       0.99999461255232891     
   8.8741901038911717       0.99999487207578630     
   8.9449007820098263       0.99999517916966774     
   9.0156114601284809       0.99999550226496581     
   9.0863221382471338       0.99999580189321824     
   9.1570328163657884       0.99999603507339474     
   9.2277434944844465       0.99999616130984026     
   9.2984541726031011       0.99999614952389282     
   9.3691648507217558       0.99999598484482000     
   9.4398755288404104       0.99999567331757910     
   9.5105862069590650       0.99999524346674140     
   9.5812968850777196       0.99999474442277403     
   9.6520075631963742       0.99999424030387096     
   9.7227182413150288       0.99999380186027231     
   9.7934289194336834       0.99999349683660466     
   9.8641395975523380       0.99999337996884385     
   9.9348502756709927       0.99999348432044910     
   10.005560953789647       0.99999381539977683     
   10.076271631908302       0.99999434875723714     
   10.146982310026956       0.99999503208050800     
   10.217692988145611       0.99999579103256586     
   10.288403666264266       0.99999653700168456     
   10.359114344382920       0.99999717537784849     
   10.429825022501575       0.99999761069594917     
   10.500535700620230       0.99999774519831663     
   10.571246378738884       0.99999746937494738     
   10.641957056857542       0.99999664065121041     
   10.712667734976195       0.99999504683495077     
   10.783378413094848       0.99999235386947927     
   10.854089091213503       0.99998803198903952     
   10.924799769332157       0.99998125458196041     
   10.995510447450815       0.99997077154833280     
   11.066221125569470       0.99995475364718345     
   11.136931803688125       0.99993058341582985     
   11.207642481806779       0.99989453265003170     
   11.278353159925434       0.99984122978127488     
   11.349063838044088       0.99976284008718030     
   11.419774516162743       0.99964799880083899     
   11.490485194281398       0.99948068937766266     
   11.561195872400052       0.99923930371215441     
   11.631906550518707       0.99889590450182930     
   11.702617228637362       0.99841536248569274     
   11.773327906756016       0.99775387398311821     
   11.844038584874671       0.99685664800300766     
   11.914749262993325       0.99565521978897387     
   11.985459941111980       0.99406532458551800     
   12.056170619230635       0.99198497838120780     
   12.126881297349289       0.98929485184920096     
   12.197591975467944       0.98585776228450883     
   12.268302653586602       0.98151916863562416     
   12.339013331705253       0.97610842105900097     
   12.409724009823909       0.96944164678465228     
   12.480434687942562       0.96132672170834721     
   12.551145366061217       0.95157037589524851     
   12.621856044179875       0.93998730561867450     
   12.692566722298526       0.92641117285233621     
   12.763277400417184       0.91070731117805204     
   12.833988078535835       0.89278667191413985     
   12.904698756654494       0.87262010938338730     
   12.975409434773148       0.85025171242796416     
   13.046120112891803       0.82580966837417535     
   13.116830791010457       0.79951314406056651     
   13.187541469129110       0.77167385397033750     
   13.258252147247767       0.74269137249710349     
   13.328962825366421       0.71304189554563202     
   13.399673503485076       0.68326098347908504     
   13.470384181603730       0.65392164581307377     
   13.541094859722385       0.62560977025803433     
   13.611805537841040       0.59889920444722378     
   13.682516215959694       0.57432882061904822     
   13.753226894078349       0.55238364865684986     
   13.823937572197003       0.53348155279677512     
   13.894648250315662       0.51796605924176187     
   13.965358928434313       0.50610482191038098     
   14.036069606552969       0.49809226781091442     
   14.106780284671622       0.49405434509321133     
   14.177490962790278       0.49405258887538661     
   14.248201640908935       0.49808683880251858     
   14.318912319027586       0.50609508833216288     
   14.389622997146244       0.51795132122738874     
   14.460333675264895       0.53346119253592261     
   14.531044353383553       0.55235750029075048     
   14.601755031502208       0.57429756689551636     
   14.672465709620862       0.59886452887805297     
   14.743176387739517       0.62557405251023734     
   14.813887065858170       0.65388722502299967     
   14.884597743976826       0.68322933991520673     
   14.955308422095481       0.71301320122813638     
   15.026019100214135       0.74266466230489658     
   15.096729778332790       0.77164767201316709     
   15.167440456451445       0.79948627078000323     
   15.238151134570099       0.82578161180877052     
   15.308861812688754       0.85022285611988613     
   15.379572490807409       0.87259153438697701     
   15.450283168926063       0.89275973168230616     
   15.520993847044718       0.91068314755370106     
   15.591704525163372       0.92639043344086258     
   15.662415203282029       0.93997013727738210     
   15.733125881400682       0.95155650136238856     
   15.803836559519338       0.96131547114853921     
   15.874547237637991       0.96943207182008462     
   15.945257915756647       0.97609960274183893     
   16.015968593875300       0.98151050752508207     
   16.086679271993958       0.98584896583606385     
   16.157389950112609       0.98928573301358758     
   16.228100628231267       0.99197541248836463     
   16.298811306349918       0.99405543028856780     
   16.369521984468577       0.99564566356604167     
   16.440232662587228       0.99684771029437069     
   16.510943340705886       0.99774597070338866     
   16.581654018824537       0.99840854164557236     
   16.652364696943195       0.99889000872636102     
   16.723075375061853       0.99923424969840235     
   16.793786053180504       0.99947655317365858     
   16.864496731299159       0.99964488053384304     
   16.935207409417814       0.99976069173319648     
   17.005918087536468       0.99983981269971212     
   17.076628765655123       0.99989350856765213     
   17.147339443773777       0.99992963020313774     
   17.218050121892432       0.99995362478238303     
   17.288760800011087       0.99996929439877436     
   17.359471478129741       0.99997930803481505     
   17.430182156248399       0.99998553531441570     
   17.500892834367050       0.99998927208200550     
   17.571603512485709       0.99999140278913878     
   17.642314190604360       0.99999252155535390     
   17.713024868723018       0.99999302187868988     
   17.783735546841669       0.99999316136839744     
   17.854446224960327       0.99999310728179447     
   17.925156903078978       0.99999296806595295     
   17.995867581197636       0.99999281491714331     
   18.066578259316287       0.99999269601761254     
   18.137288937434946       0.99999264509550434     
   18.207999615553597       0.99999268548907283     
   18.278710293672255       0.99999283089873303     
   18.349420971790906       0.99999308423704758     
   18.420131649909564       0.99999343616447411     
   18.490842328028222       0.99999386480478125     
   18.561553006146873       0.99999433764644363     
   18.632263684265528       0.99999481579195715     
   18.702974362384182       0.99999525974851378     
   18.773685040502837       0.99999563522416368     
   18.844395718621492       0.99999591721838232     
   18.915106396740146       0.99999609116721688     
   18.985817074858801       0.99999615085802152     
   19.056527752977452       0.99999609395455713     
   19.127238431096110       0.99999591692142975     
   19.197949109214768       0.99999561157116146     
   19.268659787333419       0.99999516510909303     
   19.339370465452077       0.99999456436964973     
   19.410081143570729       0.99999380325672105     
   19.480791821689387       0.99999289091296384     
   19.551502499808038       0.99999185757638598     
   19.622213177926696       0.99999075576575447     
   19.692923856045347       0.99998965607112611     
   19.763634534164005       0.99998863865457488     
   19.834345212282656       0.99998778280640443     
   19.905055890401314       0.99998715714586206     
   19.975766568519965       0.99998681239880116     
   20.046477246638624       0.99998677757547594     
   20.117187924757275       0.99998705932365139     
   20.187898602875933       0.99998764359259407     
   20.258609280994591       0.99998849860237504     
   20.329319959113242       0.99998957834798441     
   20.400030637231900       0.99999082625454316     
   20.470741315350551       0.99999217892074310     
   20.541451993469206       0.99999357001325595     
   20.612162671587861       0.99999493430121777     
   20.682873349706512       0.99999621165077990     
   20.753584027825170       0.99999735067046291     
   20.824294705943821       0.99999831168218412     
   20.895005384062479       0.99999906876550027     
   20.965716062181137       0.99999961071043342     
   21.036426740299788       0.99999994078013910     
   21.107137418418446        1.0000000752599807     
   21.177848096537097        1.0000000409028416     
   21.248558774655756       0.99999987156660453     
   21.319269452774407       0.99999960450423453     
   21.389980130893065       0.99999927682190681     
   21.460690809011716       0.99999892253330369     
   21.531401487130374       0.99999857045370089     
   21.602112165249025       0.99999824298213014     
   21.672822843367683       0.99999795568437377     
   21.743533521486334       0.99999771753146782     
   21.814244199604993       0.99999753163954919     
   21.884954877723644       0.99999739635811169     
   21.955665555842302       0.99999730654809182     
   22.026376233960960       0.99999725488926061     
   22.097086912079611       0.99999723307569377     
   22.167797590198269       0.99999723280076669     
   22.238508268316920       0.99999724648386357     
   22.309218946435571       0.99999726773263786     
   22.379929624554229       0.99999729156279604     
   22.450640302672880       0.99999731441753759     
   22.521350980791539       0.99999733404404567     
   22.592061658910190       0.99999734928964867     
   22.662772337028848       0.99999735986978611     
   22.733483015147506       0.99999736613818313     
   22.804193693266164       0.99999736887108615     
   22.874904371384815       0.99999736907248682     
   22.945615049503466       0.99999736781271586     
   23.016325727622124       0.99999736611479562     
   23.087036405740783       0.99999736489249480     
   23.157747083859434       0.99999736492726932     
   23.228457761978085       0.99999736686281038     
   23.299168440096743       0.99999737120319854     
   23.369879118215401       0.99999737831554758     
   23.440589796334052       0.99999738844484742     
   23.511300474452710       0.99999740174116725     
   23.582011152571361       0.99999741828714062     
   23.652721830690020       0.99999743811157216     
   23.723432508808671       0.99999746118712585     
   23.794143186927329       0.99999748742438566     
   23.864853865045987       0.99999751667622272     
   23.935564543164634       0.99999754875340185     
   24.006275221283289       0.99999758343868295     
   24.076985899401947       0.99999762048687102     
   24.147696577520602       0.99999765961269071     
   24.218407255639256       0.99999770048181347     
   24.289117933757908       0.99999774271795550     
   24.359828611876566       0.99999778592264943     
   24.430539289995217       0.99999782969095241     
   24.501249968113875       0.99999787361059234     
   24.571960646232533       0.99999791724991727     
   24.642671324351184       0.99999796015268227     
   24.713382002469835       0.99999800185126952     
   24.784092680588493       0.99999804189081676     
   24.854803358707152       0.99999807984521993     
   24.925514036825803       0.99999811531468230     
   24.996224714944454       0.99999814791416530     
   25.066935393063112       0.99999817727138174     
   25.137646071181770       0.99999820304183651     
   25.208356749300421       0.99999822492890922     
   25.279067427419079       0.99999824269057203     
   25.349778105537730       0.99999825612807169     
   25.420488783656388       0.99999826507082212     
   25.491199461775039       0.99999826937530589     
   25.561910139893698       0.99999826894026633     
   25.632620818012356       0.99999826372299716     
   25.703331496131003       0.99999825374105322     
   25.774042174249658       0.99999823906043039     
   25.844752852368316       0.99999821978640546     
   25.915463530486971       0.99999819606994100     
   25.986174208605625       0.99999816812435127     
   26.056884886724276       0.99999813623390654     
   26.127595564842935       0.99999810074267304     
   26.198306242961586       0.99999806203143693     
   26.269016921080244       0.99999802050206077     
   26.339727599198902       0.99999797657923695     
   26.410438277317553       0.99999793071958942     
   26.481148955436204       0.99999788340872853     
   26.551859633554862       0.99999783513933349     
   26.622570311673520       0.99999778638446302     
   26.693280989792171       0.99999773758753074     
   26.763991667910823       0.99999768917461518     
   26.834702346029481       0.99999764157209370     
   26.905413024148139       0.99999759520711640     
   26.976123702266790       0.99999755048720640     
   27.046834380385448       0.99999750777876728     
   27.117545058504106       0.99999746740702511     
   27.188255736622754       0.99999742967784544     
   27.258966414741408       0.99999739489805961     
   27.329677092860067       0.99999736337176470     
   27.400387770978721       0.99999733537534152     
   27.471098449097376       0.99999731113687673     
   27.541809127216027       0.99999729084080435     
   27.612519805334685       0.99999727465099475     
   27.683230483453340       0.99999726272539990     
   27.753941161571994       0.99999725520479466     
   27.824651839690652       0.99999725218667368     
   27.895362517809303       0.99999725371136083     
   27.966073195927954       0.99999725977349740     
   28.036783874046613       0.99999727034387265     
   28.107494552165271       0.99999728537538368     
   28.178205230283922       0.99999730478468352     
   28.248915908402573       0.99999732842820110     
