  0.20000000000000001       0.99707820186111185     
  0.60000000000000009       0.99730697727474804     
   1.0000000000000002       0.99757119851737008     
   1.4000000000000001       0.99783659200060859     
   1.8000000000000000       0.99808508481711877     
   2.2000000000000002       0.99831996165121750     
   2.6000000000000001       0.99854546404742428     
   3.0000000000000000       0.99872857223463041     
   3.3999999999999999       0.99878425410863880     
   3.7999999999999998       0.99863124627223732     
   4.2000000000000002       0.99831445557492504     
   4.6000000000000005       0.99810108450043833     
   5.0000000000000000       0.99840916347695097     
   5.4000000000000004       0.99948515376410119     
   5.7999999999999998        1.0009527607492867     
   6.2000000000000002        1.0017308977159889     
   6.6000000000000005        1.0007575638684596     
   7.0000000000000000       0.99786279024254543     
   7.4000000000000004       0.99279911434519774     
   7.7999999999999998       0.98201921853723517     
   8.2000000000000011       0.95721663556032421     
   8.6000000000000014       0.90965725023046584     
   9.0000000000000018       0.84013614028230832     
   9.4000000000000021       0.76901578471406218     
   9.8000000000000007       0.73158270583508767     
   10.200000000000001       0.74920703672403310     
   10.600000000000001       0.80840761398241778     
   11.000000000000002       0.87703305322987180     
   11.400000000000002       0.93145226264276115     
   11.800000000000001       0.96542048124949587     
   12.200000000000001       0.98365213276572683     
   12.600000000000001       0.99297032839834865     
   13.000000000000002       0.99787206195060218     
   13.400000000000002        1.0003508894025073     
   13.800000000000001        1.0012210653718683     
   14.200000000000001        1.0010574236912531     
   14.600000000000001        1.0004109165871569     
   15.000000000000002       0.99969856853192751     
   15.400000000000002       0.99912577344681253     
   15.800000000000001       0.99872434925900844     
   16.200000000000003       0.99843993587380486     
   16.600000000000001       0.99820337803024040     
   17.000000000000000       0.99796706635407584     
   17.400000000000002       0.99771421273841776     
   17.800000000000001       0.99745371099293645     
   18.200000000000003       0.99720981674685394     
   18.600000000000001       0.99701191531158884     
   19.000000000000004       0.99688674163305402     
   19.400000000000002       0.99685333304962165     
   19.800000000000001       0.99691941925444016     
