   2.7621358640099510E-003   1.0000000000000000     
   8.2864075920298531E-003   1.0000000000000000     
   1.3810679320049757E-002   1.0000000000000000     
   1.9334951048069659E-002   1.0000000000000000     
   2.4859222776089561E-002   1.0000000000000000     
   3.0383494504109463E-002   1.0000000000000000     
   3.5907766232129365E-002   1.0000000000000000     
   4.1432037960149271E-002   1.0000000000000000     
   4.6956309688169169E-002   1.0000000000000000     
   5.2480581416189075E-002   1.0000000000000000     
   5.8004853144208980E-002   1.0000000000000000     
   6.3529124872228879E-002   1.0000000000000000     
   6.9053396600248784E-002   1.0000000000000000     
   7.4577668328268676E-002   1.0000000000000000     
   8.0101940056288581E-002   1.0000000000000000     
   8.5626211784308487E-002   1.0000000000000000     
   9.1150483512328392E-002   1.0000000000000000     
   9.6674755240348298E-002   1.0000000000000000     
  0.10219902696836820        1.0000000000000000     
  0.10772329869638810        1.0000000000000000     
  0.11324757042440800        1.0000000000000000     
  0.11877184215242791        1.0000000000000000     
  0.12429611388044781        1.0000000000000000     
  0.12982038560846770        1.0000000000000000     
  0.13534465733648759        1.0000000000000000     
  0.14086892906450751        1.0000000000000000     
  0.14639320079252741        1.0000000000000000     
  0.15191747252054733        1.0000000000000000     
  0.15744174424856722        1.0000000000000000     
  0.16296601597658711        1.0000000000000000     
  0.16849028770460703        1.0000000000000000     
  0.17401455943262692        1.0000000000000000     
  0.17953883116064684        1.0000000000000000     
  0.18506310288866673        1.0000000000000000     
  0.19058737461668665        1.0000000000000000     
  0.19611164634470654        1.0000000000000000     
  0.20163591807272643        1.0000000000000000     
  0.20716018980074635        1.0000000000000000     
  0.21268446152876624        1.0000000000000000     
  0.21820873325678616        1.0000000000000000     
  0.22373300498480606        1.0000000000000000     
  0.22925727671282595        1.0000000000000000     
  0.23478154844084587        1.0000000000000000     
  0.24030582016886576        1.0000000000000000     
  0.24583009189688568        1.0000000000000000     
  0.25135436362490554        1.0000000000000000     
  0.25687863535292543        1.0000000000000000     
  0.26240290708094538        1.0000000000000000     
  0.26792717880896527        1.0000000000000000     
  0.27345145053698516        1.0000000000000000     
  0.27897572226500505        1.0000000000000000     
  0.28449999399302495        1.0000000000000000     
  0.29002426572104489        1.0000000000000000     
  0.29554853744906479        1.0000000000000000     
  0.30107280917708468        1.0000000000000000     
  0.30659708090510457        1.0000000000000000     
  0.31212135263312446        1.0000000000000000     
  0.31764562436114441        1.0000000000000000     
  0.32316989608916430        1.0000000000000000     
  0.32869416781718419        1.0000000000000000     
  0.33421843954520408        1.0000000000000000     
  0.33974271127322397        1.0000000000000000     
  0.34526698300124392        1.0000000000000000     
  0.35079125472926381        1.0000000000000000     
  0.35631552645728370        1.0000000000000000     
  0.36183979818530360        1.0000000000000000     
  0.36736406991332354        1.0000000000000000     
  0.37288834164134343        1.0000000000000000     
  0.37841261336936333        1.0000000000000000     
  0.38393688509738322        1.0000000000000000     
  0.38946115682540311        1.0000000000000000     
  0.39498542855342306        1.0000000000000000     
  0.40050970028144295        1.0000000000000000     
  0.40603397200946284        1.0000000000000000     
  0.41155824373748273        1.0000000000000000     
  0.41708251546550262        1.0000000000000000     
  0.42260678719352257        1.0000000000000000     
  0.42813105892154246        1.0000000000000000     
  0.43365533064956235        1.0000000000000000     
  0.43917960237758225        1.0000000000000000     
  0.44470387410560214        1.0000000000000000     
  0.45022814583362208        1.0000000000000000     
  0.45575241756164198        1.0000000000000000     
  0.46127668928966187        1.0000000000000093     
  0.46680096101768176       0.99999999998820988     
  0.47232523274570165        1.0000000464203211     
  0.47784950447372160        1.0001687750322237     
  0.48337377620174149        1.0784653094282317     
  0.48889804792976138        2.0479807106143038     
  0.49442231965778127        4.6075758635652058     
  0.49994659138580116        3.3206210993871732     
  0.50547086311382106        2.7692070898226762     
  0.51099513484184100        1.9971148799942859     
  0.51651940656986084        1.6416256490651173     
  0.52204367829788079        1.3287300817749512     
  0.52756795002590062        1.0474626760339474     
  0.53309222175392057       0.84151049221632512     
  0.53861649348194052       0.66527886772015632     
  0.54414076520996035       0.54654851354838241     
  0.54966503693798030       0.45876949954004786     
  0.55518930866600014       0.39048099116214929     
  0.56071358039402008       0.33313384068597357     
  0.56623785212204003       0.28017872207271155     
  0.57176212385005987       0.23633119444016151     
  0.57728639557807981       0.20378537744860709     
  0.58281066730609965       0.17437169126291241     
  0.58833493903411960       0.13973993991267991     
  0.59385921076213954        9.9295455804278052E-002
  0.59938348249015938        5.7558451268772556E-002
  0.60490775421817933        2.3527436564192292E-002
  0.61043202594619916        1.0421926960809352E-002
  0.61595629767421911        1.7254892679488657E-002
  0.62148056940223906        1.4958781953992657E-002
  0.62700484113025889        1.3757888156918731E-002
  0.63252911285827884        1.1167753346334124E-002
  0.63805338458629868        1.1306923265391434E-002
  0.64357765631431862        1.0102342686742701E-002
  0.64910192804233857        1.0235692538278870E-002
  0.65462619977035841        1.0604684366983384E-002
  0.66015047149837836        1.1715220568200530E-002
  0.66567474322639819        1.2897969286200192E-002
  0.67119901495441814        1.3538824779330084E-002
  0.67672328668243809        1.3805342958620166E-002
  0.68224755841045792        1.4107583989978014E-002
  0.68777183013847787        1.2097143858421812E-002
  0.69329610186649770        1.0072287623438458E-002
  0.69882037359451765        1.0753102259592725E-002
  0.70434464532253760        1.0973531731840720E-002
  0.70986891705055744        1.0973531731840689E-002
  0.71539318877857738        1.0753102259592697E-002
  0.72091746050659733        1.0072287623438411E-002
  0.72644173223461717        1.2097143858421856E-002
  0.73196600396263711        1.4107583989978009E-002
  0.73749027569065695        1.3805342958620249E-002
  0.74301454741867690        1.3538824779330140E-002
  0.74853881914669684        1.2897969286200260E-002
  0.75406309087471668        1.1715220568200520E-002
  0.75958736260273663        1.0604684366983367E-002
  0.76511163433075646        1.0235692538278822E-002
  0.77063590605877641        1.0102342686742637E-002
  0.77616017778679636        1.1306923265391393E-002
  0.78168444951481619        1.1167753346334127E-002
  0.78720872124283614        1.3757888156918741E-002
  0.79273299297085598        1.4958781953992629E-002
  0.79825726469887592        1.7254892679488664E-002
  0.80378153642689587        1.0421926960809317E-002
  0.80930580815491571        2.3527436564192220E-002
  0.81483007988293565        5.7558451268772300E-002
  0.82035435161095549        9.9295455804277580E-002
  0.82587862333897544       0.13973993991267933     
  0.83140289506699538       0.17437169126291294     
  0.83692716679501522       0.20378537744860703     
  0.84245143852303517       0.23633119444016060     
  0.84797571025105500       0.28017872207271094     
  0.85349998197907495       0.33313384068597229     
  0.85902425370709490       0.39048099116214829     
  0.86454852543511473       0.45876949954004737     
  0.87007279716313468       0.54654851354838074     
  0.87559706889115452       0.66527886772015532     
  0.88112134061917446       0.84151049221632412     
  0.88664561234719441        1.0474626760339458     
  0.89216988407521425        1.3287300817749528     
  0.89769415580323420        1.6416256490651195     
  0.90321842753125403        1.9971148799942879     
  0.90874269925927398        2.7692070898226704     
  0.91426697098729393        3.3206210993871692     
  0.91979124271531376        4.6075758635651987     
  0.92531551444333371        2.0479807106142975     
  0.93083978617135354        1.0784653094282297     
  0.93636405789937349        1.0001687750322241     
  0.94188832962739344        1.0000000464203211     
  0.94741260135541328       0.99999999998820988     
  0.95293687308343322        1.0000000000000093     
  0.95846114481145306        1.0000000000000000     
  0.96398541653947301        1.0000000000000000     
  0.96950968826749295        1.0000000000000000     
  0.97503395999551279        1.0000000000000000     
  0.98055823172353274        1.0000000000000000     
  0.98608250345155257        1.0000000000000000     
  0.99160677517957252        1.0000000000000000     
  0.99713104690759247        1.0000000000000000     
   1.0026553186356122        1.0000000000000000     
   1.0081795903636321        1.0000000000000000     
   1.0137038620916521        1.0000000000000000     
   1.0192281338196720        1.0000000000000000     
   1.0247524055476920        1.0000000000000000     
   1.0302766772757117        1.0000000000000000     
   1.0358009490037317        1.0000000000000000     
   1.0413252207317516        1.0000000000000000     
   1.0468494924597715        1.0000000000000000     
   1.0523737641877915        1.0000000000000000     
   1.0578980359158112        1.0000000000000000     
   1.0634223076438312        1.0000000000000000     
   1.0689465793718511        1.0000000000000000     
   1.0744708510998711        1.0000000000000000     
   1.0799951228278910        1.0000000000000000     
   1.0855193945559107        1.0000000000000000     
   1.0910436662839307        1.0000000000000000     
   1.0965679380119506        1.0000000000000000     
   1.1020922097399706        1.0000000000000000     
   1.1076164814679905        1.0000000000000000     
   1.1131407531960102        1.0000000000000000     
   1.1186650249240302        1.0000000000000000     
   1.1241892966520501        1.0000000000000000     
   1.1297135683800701        1.0000000000000000     
   1.1352378401080900        1.0000000000000000     
   1.1407621118361098        1.0000000000000000     
   1.1462863835641297        1.0000000000000000     
   1.1518106552921497        1.0000000000000000     
   1.1573349270201696        1.0000000000000000     
   1.1628591987481895        1.0000000000000000     
   1.1683834704762093        1.0000000000000000     
   1.1739077422042292        1.0000000000000000     
   1.1794320139322492        1.0000000000000000     
   1.1849562856602691        1.0000000000000000     
   1.1904805573882891        1.0000000000000000     
   1.1960048291163088        1.0000000000000000     
   1.2015291008443287        1.0000000000000000     
   1.2070533725723487        1.0000000000000000     
   1.2125776443003686        1.0000000000000000     
   1.2181019160283886        1.0000000000000000     
   1.2236261877564083        1.0000000000000000     
   1.2291504594844282        1.0000000000000000     
   1.2346747312124482        1.0000000000000000     
   1.2401990029404681        1.0000000000000000     
   1.2457232746684881        1.0000000000000000     
   1.2512475463965078        1.0000000000000000     
   1.2567718181245278        1.0000000000000000     
   1.2622960898525477        1.0000000000000000     
   1.2678203615805677        1.0000000000000000     
   1.2733446333085876        1.0000000000000000     
   1.2788689050366073        1.0000000000000000     
   1.2843931767646273        1.0000000000000000     
   1.2899174484926472        1.0000000000000000     
   1.2954417202206672        1.0000000000000000     
   1.3009659919486871        1.0000000000000000     
   1.3064902636767068        1.0000000000000000     
   1.3120145354047268        1.0000000000000000     
   1.3175388071327467        1.0000000000000000     
   1.3230630788607667        1.0000000000000000     
   1.3285873505887866        1.0000000000000000     
   1.3341116223168064        1.0000000000000000     
   1.3396358940448263        1.0000000000000000     
   1.3451601657728463        1.0000000000000000     
   1.3506844375008662        1.0000000000000000     
   1.3562087092288861        1.0000000000000000     
   1.3617329809569059        1.0000000000000000     
   1.3672572526849258        1.0000000000000000     
   1.3727815244129458        1.0000000000000000     
   1.3783057961409657        1.0000000000000000     
   1.3838300678689857        1.0000000000000000     
   1.3893543395970054        1.0000000000000000     
   1.3948786113250253        1.0000000000000000     
   1.4004028830530453        1.0000000000000000     
   1.4059271547810652        1.0000000000000000     
   1.4114514265090852        1.0000000000000000     
