   1.9531250000000000E-003   1.0000000000000000     
   5.8593750000000000E-003   1.0000000000000000     
   9.7656250000000000E-003   1.0000000000000000     
   1.3671875000000000E-002   1.0000000000000000     
   1.7578125000000000E-002   1.0000000000000000     
   2.1484375000000000E-002   1.0000000000000000     
   2.5390625000000000E-002   1.0000000000000000     
   2.9296875000000000E-002   1.0000000000000000     
   3.3203125000000000E-002   1.0000000000000000     
   3.7109375000000000E-002   1.0000000000000000     
   4.1015625000000000E-002   1.0000000000000000     
   4.4921875000000000E-002   1.0000000000000000     
   4.8828125000000000E-002   1.0000000000000000     
   5.2734375000000000E-002   1.0000000000000000     
   5.6640625000000000E-002   1.0000000000000000     
   6.0546875000000000E-002   1.0000000000000000     
   6.4453125000000000E-002   1.0000000000000000     
   6.8359375000000000E-002   1.0000000000000000     
   7.2265625000000000E-002   1.0000000000000000     
   7.6171875000000000E-002   1.0000000000000000     
   8.0078125000000000E-002   1.0000000000000000     
   8.3984375000000000E-002   1.0000000000000000     
   8.7890625000000000E-002   1.0000000000000000     
   9.1796875000000000E-002   1.0000000000000000     
   9.5703125000000000E-002   1.0000000000000000     
   9.9609375000000000E-002   1.0000000000000000     
  0.10351562500000000        1.0000000000000000     
  0.10742187500000000        1.0000000000000000     
  0.11132812500000000        1.0000000000000000     
  0.11523437500000000        1.0000000000000000     
  0.11914062500000000        1.0000000000000000     
  0.12304687500000000        1.0000000000000000     
  0.12695312500000000        1.0000000000000000     
  0.13085937500000000        1.0000000000000000     
  0.13476562500000000        1.0000000000000000     
  0.13867187500000000        1.0000000000000000     
  0.14257812500000000        1.0000000000000000     
  0.14648437500000000        1.0000000000000000     
  0.15039062500000000        1.0000000000000000     
  0.15429687500000000        1.0000000000000000     
  0.15820312500000000        1.0000000000000000     
  0.16210937500000000        1.0000000000000000     
  0.16601562500000000        1.0000000000000000     
  0.16992187500000000        1.0000000000000000     
  0.17382812500000000        1.0000000000000000     
  0.17773437500000000        1.0000000000000000     
  0.18164062500000000        1.0000000000000000     
  0.18554687500000000        1.0000000000000000     
  0.18945312500000000        1.0000000000000000     
  0.19335937500000000        1.0000000000000000     
  0.19726562500000000        1.0000000000000000     
  0.20117187500000000        1.0000000000000000     
  0.20507812500000000        1.0000000000000000     
  0.20898437500000000        1.0000000000000000     
  0.21289062500000000        1.0000000000000000     
  0.21679687500000000        1.0000000000000000     
  0.22070312500000000        1.0000000000000000     
  0.22460937500000000        1.0000000000000000     
  0.22851562500000000        1.0000000000000000     
  0.23242187500000000        1.0000000000000000     
  0.23632812500000000        1.0000000000000138     
  0.24023437500000000       0.99999999999986355     
  0.24414062500000000        1.0000000000028886     
  0.24804687500000000        1.0000000007436607     
  0.25195312500000000       0.99999999566793085     
  0.25585937500000000        1.0000003219372906     
  0.25976562500000000        1.0000182885266797     
  0.26367187500000000        1.0000087359148548     
  0.26757812500000000        1.0018508221241333     
  0.27148437500000000        1.0326212463920745     
  0.27539062500000000        1.2365507618412943     
  0.27929687500000000        1.8276574977129820     
  0.28320312500000000        3.2790815325238416     
  0.28710937500000000        4.5081976901751206     
  0.29101562500000000        3.8983309613976247     
  0.29492187500000000        2.7114571540842225     
  0.29882812500000000        2.3673807146730050     
  0.30273437500000000        2.1334648638834048     
  0.30664062500000000        1.6854286836582608     
  0.31054687500000000        1.4184621797641144     
  0.31445312500000000        1.2520652654376250     
  0.31835937500000000        1.0200123587511971     
  0.32226562500000000       0.84358368082865731     
  0.32617187500000000       0.71013200140896182     
  0.33007812500000000       0.58519694204226047     
  0.33398437500000000       0.49014629711469893     
  0.33789062500000000       0.41435220304915943     
  0.34179687500000000       0.34670853127705770     
  0.34570312500000000       0.29260571184612089     
  0.34960937500000000       0.24780725856072822     
  0.35351562500000000       0.20692280564218288     
  0.35742187500000000       0.17345530718138930     
  0.36132812500000000       0.14587322821548498     
  0.36523437500000000       0.12604226295769316     
  0.36914062500000000       0.11349545287196829     
  0.37304687500000000       0.10519148766020862     
  0.37695312500000000        9.6588191702414491E-002
  0.38085937500000000        8.6011826586479004E-002
  0.38476562500000000        7.4295905351038985E-002
  0.38867187500000000        6.1952880206246508E-002
  0.39257812500000000        4.9945256446569442E-002
  0.39648437500000000        3.8982094977729344E-002
  0.40039062500000000        2.9868184330072167E-002
  0.40429687500000000        2.3035529478865224E-002
  0.40820312500000000        1.9250125015984311E-002
  0.41210937500000000        1.8795614324496820E-002
  0.41601562500000000        2.0078678770136221E-002
  0.41992187500000000        2.1007428424978748E-002
  0.42382812500000000        2.0900927000047004E-002
  0.42773437500000000        2.0153885097645756E-002
  0.43164062500000000        1.9164614268620733E-002
  0.43554687500000000        1.8156108312298962E-002
  0.43945312500000000        1.7258852249768652E-002
  0.44335937500000000        1.6577333555109767E-002
  0.44726562500000000        1.6098296372068194E-002
  0.45117187500000000        1.5712499782901755E-002
  0.45507812500000000        1.5217683667790548E-002
  0.45898437500000000        1.4886994359123114E-002
  0.46289062500000000        1.4349097994003527E-002
  0.46679687500000000        1.1810504537489368E-002
  0.47070312500000000        8.6945149213148859E-003
  0.47460937500000000        1.0291174082665659E-002
  0.47851562500000000        1.3488319809802229E-002
  0.48242187500000000        1.2765868208584627E-002
  0.48632812500000000        1.0958913118517318E-002
  0.49023437500000000        1.0795137974267129E-002
  0.49414062500000000        1.1207165571383749E-002
  0.49804687500000000        1.1243858951258165E-002
  0.50195312500000000        1.1243858951258158E-002
  0.50585937500000000        1.1207165571383725E-002
  0.50976562500000000        1.0795137974267186E-002
  0.51367187500000000        1.0958913118517245E-002
  0.51757812500000000        1.2765868208584418E-002
  0.52148437500000000        1.3488319809802444E-002
  0.52539062500000000        1.0291174082666060E-002
  0.52929687500000000        8.6945149213148547E-003
  0.53320312500000000        1.1810504537489193E-002
  0.53710937500000000        1.4349097994003532E-002
  0.54101562500000000        1.4886994359123194E-002
  0.54492187500000000        1.5217683667790468E-002
  0.54882812500000000        1.5712499782901707E-002
  0.55273437500000000        1.6098296372068239E-002
  0.55664062500000000        1.6577333555109808E-002
  0.56054687500000000        1.7258852249768666E-002
  0.56445312500000000        1.8156108312298934E-002
  0.56835937500000000        1.9164614268620636E-002
  0.57226562500000000        2.0153885097645822E-002
  0.57617187500000000        2.0900927000047101E-002
  0.58007812500000000        2.1007428424978915E-002
  0.58398437500000000        2.0078678770136499E-002
  0.58789062500000000        1.8795614324497088E-002
  0.59179687500000000        1.9250125015984478E-002
  0.59570312500000000        2.3035529478865075E-002
  0.59960937500000000        2.9868184330071771E-002
  0.60351562500000000        3.8982094977729163E-002
  0.60742187500000000        4.9945256446569386E-002
  0.61132812500000000        6.1952880206246598E-002
  0.61523437500000000        7.4295905351039346E-002
  0.61914062500000000        8.6011826586479392E-002
  0.62304687500000000        9.6588191702414783E-002
  0.62695312500000000       0.10519148766020917     
  0.63085937500000000       0.11349545287196854     
  0.63476562500000000       0.12604226295769239     
  0.63867187500000000       0.14587322821548410     
  0.64257812500000000       0.17345530718138830     
  0.64648437500000000       0.20692280564218229     
  0.65039062500000000       0.24780725856072730     
  0.65429687500000000       0.29260571184612083     
  0.65820312500000000       0.34670853127705870     
  0.66210937500000000       0.41435220304916032     
  0.66601562500000000       0.49014629711470242     
  0.66992187500000000       0.58519694204226413     
  0.67382812500000000       0.71013200140897292     
  0.67773437500000000       0.84358368082867774     
  0.68164062500000000        1.0200123587512262     
  0.68554687500000000        1.2520652654376736     
  0.68945312500000000        1.4184621797641661     
  0.69335937500000000        1.6854286836583723     
  0.69726562500000000        2.1334648638836158     
  0.70117187500000000        2.3673807146732360     
  0.70507812500000000        2.7114571540847754     
  0.70898437500000000        3.8983309613991608     
  0.71289062500000000        4.5081976901770391     
  0.71679687500000000        3.2790815325248315     
  0.72070312500000000        1.8276574977132620     
  0.72460937500000000        1.2365507618412943     
  0.72851562500000000        1.0326212463920439     
  0.73242187500000000        1.0018508221241271     
  0.73632812500000000        1.0000087359148548     
  0.74023437500000000        1.0000182885266793     
  0.74414062500000000        1.0000003219372906     
  0.74804687500000000       0.99999999566793085     
  0.75195312500000000        1.0000000007436607     
  0.75585937500000000        1.0000000000028884     
  0.75976562500000000       0.99999999999986355     
  0.76367187500000000        1.0000000000000138     
  0.76757812500000000        1.0000000000000000     
  0.77148437500000000        1.0000000000000000     
  0.77539062500000000        1.0000000000000000     
  0.77929687500000000        1.0000000000000000     
  0.78320312500000000        1.0000000000000000     
  0.78710937500000000        1.0000000000000000     
  0.79101562500000000        1.0000000000000000     
  0.79492187500000000        1.0000000000000000     
  0.79882812500000000        1.0000000000000000     
  0.80273437500000000        1.0000000000000000     
  0.80664062500000000        1.0000000000000000     
  0.81054687500000000        1.0000000000000000     
  0.81445312500000000        1.0000000000000000     
  0.81835937500000000        1.0000000000000000     
  0.82226562500000000        1.0000000000000000     
  0.82617187500000000        1.0000000000000000     
  0.83007812500000000        1.0000000000000000     
  0.83398437500000000        1.0000000000000000     
  0.83789062500000000        1.0000000000000000     
  0.84179687500000000        1.0000000000000000     
  0.84570312500000000        1.0000000000000000     
  0.84960937500000000        1.0000000000000000     
  0.85351562500000000        1.0000000000000000     
  0.85742187500000000        1.0000000000000000     
  0.86132812500000000        1.0000000000000000     
  0.86523437500000000        1.0000000000000000     
  0.86914062500000000        1.0000000000000000     
  0.87304687500000000        1.0000000000000000     
  0.87695312500000000        1.0000000000000000     
  0.88085937500000000        1.0000000000000000     
  0.88476562500000000        1.0000000000000000     
  0.88867187500000000        1.0000000000000000     
  0.89257812500000000        1.0000000000000000     
  0.89648437500000000        1.0000000000000000     
  0.90039062500000000        1.0000000000000000     
  0.90429687500000000        1.0000000000000000     
  0.90820312500000000        1.0000000000000000     
  0.91210937500000000        1.0000000000000000     
  0.91601562500000000        1.0000000000000000     
  0.91992187500000000        1.0000000000000000     
  0.92382812500000000        1.0000000000000000     
  0.92773437500000000        1.0000000000000000     
  0.93164062500000000        1.0000000000000000     
  0.93554687500000000        1.0000000000000000     
  0.93945312500000000        1.0000000000000000     
  0.94335937500000000        1.0000000000000000     
  0.94726562500000000        1.0000000000000000     
  0.95117187500000000        1.0000000000000000     
  0.95507812500000000        1.0000000000000000     
  0.95898437500000000        1.0000000000000000     
  0.96289062500000000        1.0000000000000000     
  0.96679687500000000        1.0000000000000000     
  0.97070312500000000        1.0000000000000000     
  0.97460937500000000        1.0000000000000000     
  0.97851562500000000        1.0000000000000000     
  0.98242187500000000        1.0000000000000000     
  0.98632812500000000        1.0000000000000000     
  0.99023437500000000        1.0000000000000000     
  0.99414062500000000        1.0000000000000000     
  0.99804687500000000        1.0000000000000000     
