   1.9531250000000000E-003   1.0000000000003837     
   5.8593750000000000E-003   1.0000000000003837     
   9.7656250000000000E-003   1.0000000000003837     
   1.3671875000000000E-002   1.0000000000003837     
   1.7578125000000000E-002   1.0000000000003837     
   2.1484375000000000E-002   1.0000000000003837     
   2.5390625000000000E-002   1.0000000000003837     
   2.9296875000000000E-002   1.0000000000003837     
   3.3203125000000000E-002   1.0000000000003837     
   3.7109375000000000E-002   1.0000000000003837     
   4.1015625000000000E-002   1.0000000000003837     
   4.4921875000000000E-002   1.0000000000003837     
   4.8828125000000000E-002   1.0000000000003837     
   5.2734375000000000E-002   1.0000000000003837     
   5.6640625000000000E-002   1.0000000000003837     
   6.0546875000000000E-002   1.0000000000003837     
   6.4453125000000000E-002   1.0000000000003837     
   6.8359375000000000E-002   1.0000000000003837     
   7.2265625000000000E-002   1.0000000000003837     
   7.6171875000000000E-002   1.0000000000003837     
   8.0078125000000000E-002   1.0000000000003837     
   8.3984375000000000E-002   1.0000000000003837     
   8.7890625000000000E-002   1.0000000000003837     
   9.1796875000000000E-002   1.0000000000003837     
   9.5703125000000000E-002   1.0000000000003837     
   9.9609375000000000E-002   1.0000000000003837     
  0.10351562500000000        1.0000000000003837     
  0.10742187500000000        1.0000000000003837     
  0.11132812500000000        1.0000000000003837     
  0.11523437500000000        1.0000000000003837     
  0.11914062500000000        1.0000000000003837     
  0.12304687500000000        1.0000000000003837     
  0.12695312500000000        1.0000000000003837     
  0.13085937500000000        1.0000000000003837     
  0.13476562500000000        1.0000000000003837     
  0.13867187500000000        1.0000000000003837     
  0.14257812500000000        1.0000000000003837     
  0.14648437500000000        1.0000000000003837     
  0.15039062500000000        1.0000000000003837     
  0.15429687500000000        1.0000000000003837     
  0.15820312500000000        1.0000000000003837     
  0.16210937500000000        1.0000000000003837     
  0.16601562500000000        1.0000000000003837     
  0.16992187500000000        1.0000000000003837     
  0.17382812500000000        1.0000000000003837     
  0.17773437500000000        1.0000000000003837     
  0.18164062500000000        1.0000000000003837     
  0.18554687500000000        1.0000000000003837     
  0.18945312500000000        1.0000000000003837     
  0.19335937500000000        1.0000000000003837     
  0.19726562500000000        1.0000000000003837     
  0.20117187500000000        1.0000000000003837     
  0.20507812500000000        1.0000000000003837     
  0.20898437500000000        1.0000000000003837     
  0.21289062500000000        1.0000000000003837     
  0.21679687500000000        1.0000000000003837     
  0.22070312500000000        1.0000000000003837     
  0.22460937500000000        1.0000000000003837     
  0.22851562500000000        1.0000000000003837     
  0.23242187500000000        1.0000000000003837     
  0.23632812500000000        1.0000000000004032     
  0.24023437500000000        1.0000000000001874     
  0.24414062500000000        1.0000000000073981     
  0.24804687500000000        1.0000000008292342     
  0.25195312500000000       0.99999999510762994     
  0.25585937500000000        1.0000008440950328     
  0.25976562500000000        1.0000175670920726     
  0.26367187500000000        1.0000232059310648     
  0.26757812500000000        1.0027733643186636     
  0.27148437500000000        1.0433789688564989     
  0.27539062500000000        1.2867314735451509     
  0.27929687500000000        1.8862324871679892     
  0.28320312500000000        3.3906960292801607     
  0.28710937500000000        4.4241218562555220     
  0.29101562500000000        3.8004877093685168     
  0.29492187500000000        2.7026813157240079     
  0.29882812500000000        2.3809695864514753     
  0.30273437500000000        2.0996976062902517     
  0.30664062500000000        1.6387127909259867     
  0.31054687500000000        1.3734389119121035     
  0.31445312500000000        1.1958287996386663     
  0.31835937500000000       0.97590400500206964     
  0.32226562500000000       0.80723283459124207     
  0.32617187500000000       0.68024083487026155     
  0.33007812500000000       0.56002989584635854     
  0.33398437500000000       0.46158853248439474     
  0.33789062500000000       0.38261817307606250     
  0.34179687500000000       0.31635000707139466     
  0.34570312500000000       0.26735613212263004     
  0.34960937500000000       0.23146532510773021     
  0.35351562500000000       0.20225231408946481     
  0.35742187500000000       0.17583049746916668     
  0.36132812500000000       0.15243276474740444     
  0.36523437500000000       0.13352086648501815     
  0.36914062500000000       0.11874277250179016     
  0.37304687500000000       0.10607092204776672     
  0.37695312500000000        9.3858815599624182E-002
  0.38085937500000000        8.2210708372701224E-002
  0.38476562500000000        7.1426836000296950E-002
  0.38867187500000000        6.1434538633301936E-002
  0.39257812500000000        5.2250319183755806E-002
  0.39648437500000000        4.4256562447641347E-002
  0.40039062500000000        3.7752118666489969E-002
  0.40429687500000000        3.2446287986463221E-002
  0.40820312500000000        2.7859442260983160E-002
  0.41210937500000000        2.4109876573216955E-002
  0.41601562500000000        2.1681722860962722E-002
  0.41992187500000000        2.0725286774198874E-002
  0.42382812500000000        2.0814988902812331E-002
  0.42773437500000000        2.0995634551455269E-002
  0.43164062500000000        2.0648857303486940E-002
  0.43554687500000000        1.9999155483503294E-002
  0.43945312500000000        1.9284531786353334E-002
  0.44335937500000000        1.8593604629466926E-002
  0.44726562500000000        1.7889147193687682E-002
  0.45117187500000000        1.7033186028043001E-002
  0.45507812500000000        1.6147298495495607E-002
  0.45898437500000000        1.4847684790067756E-002
  0.46289062500000000        1.3412394308265055E-002
  0.46679687500000000        1.1725682440325843E-002
  0.47070312500000000        9.5241172751501738E-003
  0.47460937500000000        7.2970595276379288E-003
  0.47851562500000000        7.3198234766320702E-003
  0.48242187500000000        1.0561944140993087E-002
  0.48632812500000000        1.3678301153476288E-002
  0.49023437500000000        1.2042349940751181E-002
  0.49414062500000000        1.0197328589911042E-002
  0.49804687500000000        1.0759096712131022E-002
  0.50195312500000000        1.0759096712131018E-002
  0.50585937500000000        1.0197328589911125E-002
  0.50976562500000000        1.2042349940751299E-002
  0.51367187500000000        1.3678301153476298E-002
  0.51757812500000000        1.0561944140992943E-002
  0.52148437500000000        7.3198234766320078E-003
  0.52539062500000000        7.2970595276379661E-003
  0.52929687500000000        9.5241172751502449E-003
  0.53320312500000000        1.1725682440325950E-002
  0.53710937500000000        1.3412394308265078E-002
  0.54101562500000000        1.4847684790067931E-002
  0.54492187500000000        1.6147298495495663E-002
  0.54882812500000000        1.7033186028042976E-002
  0.55273437500000000        1.7889147193687699E-002
  0.55664062500000000        1.8593604629467030E-002
  0.56054687500000000        1.9284531786353330E-002
  0.56445312500000000        1.9999155483503259E-002
  0.56835937500000000        2.0648857303486909E-002
  0.57226562500000000        2.0995634551455235E-002
  0.57617187500000000        2.0814988902812283E-002
  0.58007812500000000        2.0725286774198784E-002
  0.58398437500000000        2.1681722860962680E-002
  0.58789062500000000        2.4109876573216785E-002
  0.59179687500000000        2.7859442260982827E-002
  0.59570312500000000        3.2446287986462853E-002
  0.59960937500000000        3.7752118666489975E-002
  0.60351562500000000        4.4256562447641534E-002
  0.60742187500000000        5.2250319183755806E-002
  0.61132812500000000        6.1434538633301901E-002
  0.61523437500000000        7.1426836000296770E-002
  0.61914062500000000        8.2210708372700489E-002
  0.62304687500000000        9.3858815599623349E-002
  0.62695312500000000       0.10607092204776633     
  0.63085937500000000       0.11874277250179011     
  0.63476562500000000       0.13352086648501893     
  0.63867187500000000       0.15243276474740575     
  0.64257812500000000       0.17583049746916748     
  0.64648437500000000       0.20225231408946481     
  0.65039062500000000       0.23146532510772960     
  0.65429687500000000       0.26735613212262987     
  0.65820312500000000       0.31635000707139438     
  0.66210937500000000       0.38261817307606222     
  0.66601562500000000       0.46158853248439558     
  0.66992187500000000       0.56002989584636020     
  0.67382812500000000       0.68024083487026787     
  0.67773437500000000       0.80723283459125195     
  0.68164062500000000       0.97590400500208330     
  0.68554687500000000        1.1958287996386854     
  0.68945312500000000        1.3734389119121253     
  0.69335937500000000        1.6387127909260248     
  0.69726562500000000        2.0996976062903143     
  0.70117187500000000        2.3809695864515610     
  0.70507812500000000        2.7026813157241967     
  0.70898437500000000        3.8004877093690546     
  0.71289062500000000        4.4241218562562450     
  0.71679687500000000        3.3906960292806110     
  0.72070312500000000        1.8862324871681477     
  0.72460937500000000        1.2867314735451703     
  0.72851562500000000        1.0433789688564878     
  0.73242187500000000        1.0027733643186598     
  0.73632812500000000        1.0000232059310648     
  0.74023437500000000        1.0000175670920726     
  0.74414062500000000        1.0000008440950328     
  0.74804687500000000       0.99999999510762994     
  0.75195312500000000        1.0000000008292342     
  0.75585937500000000        1.0000000000073970     
  0.75976562500000000        1.0000000000001874     
  0.76367187500000000        1.0000000000004032     
  0.76757812500000000        1.0000000000003837     
  0.77148437500000000        1.0000000000003837     
  0.77539062500000000        1.0000000000003837     
  0.77929687500000000        1.0000000000003837     
  0.78320312500000000        1.0000000000003837     
  0.78710937500000000        1.0000000000003837     
  0.79101562500000000        1.0000000000003837     
  0.79492187500000000        1.0000000000003837     
  0.79882812500000000        1.0000000000003837     
  0.80273437500000000        1.0000000000003837     
  0.80664062500000000        1.0000000000003837     
  0.81054687500000000        1.0000000000003837     
  0.81445312500000000        1.0000000000003837     
  0.81835937500000000        1.0000000000003837     
  0.82226562500000000        1.0000000000003837     
  0.82617187500000000        1.0000000000003837     
  0.83007812500000000        1.0000000000003837     
  0.83398437500000000        1.0000000000003837     
  0.83789062500000000        1.0000000000003837     
  0.84179687500000000        1.0000000000003837     
  0.84570312500000000        1.0000000000003837     
  0.84960937500000000        1.0000000000003837     
  0.85351562500000000        1.0000000000003837     
  0.85742187500000000        1.0000000000003837     
  0.86132812500000000        1.0000000000003837     
  0.86523437500000000        1.0000000000003837     
  0.86914062500000000        1.0000000000003837     
  0.87304687500000000        1.0000000000003837     
  0.87695312500000000        1.0000000000003837     
  0.88085937500000000        1.0000000000003837     
  0.88476562500000000        1.0000000000003837     
  0.88867187500000000        1.0000000000003837     
  0.89257812500000000        1.0000000000003837     
  0.89648437500000000        1.0000000000003837     
  0.90039062500000000        1.0000000000003837     
  0.90429687500000000        1.0000000000003837     
  0.90820312500000000        1.0000000000003837     
  0.91210937500000000        1.0000000000003837     
  0.91601562500000000        1.0000000000003837     
  0.91992187500000000        1.0000000000003837     
  0.92382812500000000        1.0000000000003837     
  0.92773437500000000        1.0000000000003837     
  0.93164062500000000        1.0000000000003837     
  0.93554687500000000        1.0000000000003837     
  0.93945312500000000        1.0000000000003837     
  0.94335937500000000        1.0000000000003837     
  0.94726562500000000        1.0000000000003837     
  0.95117187500000000        1.0000000000003837     
  0.95507812500000000        1.0000000000003837     
  0.95898437500000000        1.0000000000003837     
  0.96289062500000000        1.0000000000003837     
  0.96679687500000000        1.0000000000003837     
  0.97070312500000000        1.0000000000003837     
  0.97460937500000000        1.0000000000003837     
  0.97851562500000000        1.0000000000003837     
  0.98242187500000000        1.0000000000003837     
  0.98632812500000000        1.0000000000003837     
  0.99023437500000000        1.0000000000003837     
  0.99414062500000000        1.0000000000003837     
  0.99804687500000000        1.0000000000003837     
