 -0.70434464532253760        1.0000000000004201     
 -0.69882037359451776        1.0000000000004201     
 -0.69329610186649782        1.0000000000004201     
 -0.68777183013847787        1.0000000000004201     
 -0.68224755841045803        1.0000000000004201     
 -0.67672328668243809        1.0000000000004201     
 -0.67119901495441825        1.0000000000004201     
 -0.66567474322639830        1.0000000000004201     
 -0.66015047149837836        1.0000000000004201     
 -0.65462619977035852        1.0000000000004201     
 -0.64910192804233857        1.0000000000004201     
 -0.64357765631431874        1.0000000000004201     
 -0.63805338458629879        1.0000000000004201     
 -0.63252911285827884        1.0000000000004201     
 -0.62700484113025901        1.0000000000004201     
 -0.62148056940223906        1.0000000000004201     
 -0.61595629767421922        1.0000000000004201     
 -0.61043202594619927        1.0000000000004201     
 -0.60490775421817933        1.0000000000004201     
 -0.59938348249015949        1.0000000000004201     
 -0.59385921076213954        1.0000000000004201     
 -0.58833493903411971        1.0000000000004201     
 -0.58281066730609976        1.0000000000004201     
 -0.57728639557807981        1.0000000000004201     
 -0.57176212385005998        1.0000000000004201     
 -0.56623785212204003        1.0000000000004201     
 -0.56071358039402019        1.0000000000004201     
 -0.55518930866600025        1.0000000000004201     
 -0.54966503693798030        1.0000000000004201     
 -0.54414076520996046        1.0000000000004201     
 -0.53861649348194052        1.0000000000004201     
 -0.53309222175392068        1.0000000000004201     
 -0.52756795002590073        1.0000000000004201     
 -0.52204367829788079        1.0000000000004201     
 -0.51651940656986095        1.0000000000004201     
 -0.51099513484184100        1.0000000000004201     
 -0.50547086311382117        1.0000000000004201     
 -0.49994659138580122        1.0000000000004201     
 -0.49442231965778133        1.0000000000004201     
 -0.48889804792976138        1.0000000000004201     
 -0.48337377620174149        1.0000000000004201     
 -0.47784950447372160        1.0000000000004201     
 -0.47232523274570171        1.0000000000004201     
 -0.46680096101768181        1.0000000000004201     
 -0.46127668928966187        1.0000000000004201     
 -0.45575241756164198        1.0000000000004201     
 -0.45022814583362208        1.0000000000004201     
 -0.44470387410560219        1.0000000000004201     
 -0.43917960237758230        1.0000000000004201     
 -0.43365533064956235        1.0000000000004201     
 -0.42813105892154246        1.0000000000004201     
 -0.42260678719352257        1.0000000000004201     
 -0.41708251546550268        1.0000000000004201     
 -0.41155824373748279        1.0000000000004201     
 -0.40603397200946284        1.0000000000004201     
 -0.40050970028144295        1.0000000000004201     
 -0.39498542855342306        1.0000000000004201     
 -0.38946115682540317        1.0000000000004201     
 -0.38393688509738327        1.0000000000004201     
 -0.37841261336936333        1.0000000000004201     
 -0.37288834164134343        1.0000000000004201     
 -0.36736406991332354        1.0000000000004201     
 -0.36183979818530365        1.0000000000004201     
 -0.35631552645728376        1.0000000000004201     
 -0.35079125472926381        1.0000000000004201     
 -0.34526698300124392        1.0000000000004201     
 -0.33974271127322403        1.0000000000004201     
 -0.33421843954520414        1.0000000000004201     
 -0.32869416781718425        1.0000000000004201     
 -0.32316989608916430        1.0000000000004201     
 -0.31764562436114441        1.0000000000004201     
 -0.31212135263312452        1.0000000000004201     
 -0.30659708090510462        1.0000000000004201     
 -0.30107280917708473        1.0000000000004201     
 -0.29554853744906479        1.0000000000004201     
 -0.29002426572104489        1.0000000000004201     
 -0.28449999399302500        1.0000000000004201     
 -0.27897572226500511        1.0000000000004201     
 -0.27345145053698522        1.0000000000004201     
 -0.26792717880896527        1.0000000000004201     
 -0.26240290708094538        1.0000000000004201     
 -0.25687863535292549        1.0000000000004201     
 -0.25135436362490560        1.0000000000004212     
 -0.24583009189688568       0.99999999999947520     
 -0.24030582016886579       0.99999999915890314     
 -0.23478154844084587       0.99999999006403406     
 -0.22925727671282597        1.0003288814757239     
 -0.22373300498480606        1.0998623865479307     
 -0.21820873325678616        2.0868120578569940     
 -0.21268446152876627        4.6914159592276903     
 -0.20716018980074635        3.2706058811485508     
 -0.20163591807272646        2.7620852583318949     
 -0.19611164634470654        2.1175937469639989     
 -0.19058737461668665        1.5872899605266928     
 -0.18506310288866676        1.3502833505851755     
 -0.17953883116064684        1.0803205845276744     
 -0.17401455943262695       0.84054884060400348     
 -0.16849028770460703       0.67433846841134981     
 -0.16296601597658714       0.53081980279376539     
 -0.15744174424856724       0.43686445941625685     
 -0.15191747252054733       0.38023631531459506     
 -0.14639320079252743       0.33814897985357717     
 -0.14086892906450751       0.30901381241830589     
 -0.13534465733648762       0.28054854015334796     
 -0.12982038560846773       0.24301458636189327     
 -0.12429611388044781       0.19409355790303962     
 -0.11877184215242791       0.15233787870137477     
 -0.11324757042440801       0.12276364014451251     
 -0.10772329869638811        8.3115483858741734E-002
 -0.10219902696836820        3.4172100430597228E-002
  -9.6674755240348298E-002   1.7608954602019056E-002
  -9.1150483512328392E-002   1.3424016460247854E-002
  -8.5626211784308501E-002   1.5923987201897759E-002
  -8.0101940056288595E-002   1.2092376789471462E-002
  -7.4577668328268690E-002   1.2252122344634079E-002
  -6.9053396600248784E-002   1.0980359633016221E-002
  -6.3529124872228879E-002   1.1601705529860284E-002
  -5.8004853144208980E-002   1.1138709284131656E-002
  -5.2480581416189075E-002   1.1473837932778185E-002
  -4.6956309688169176E-002   1.2716262057196864E-002
  -4.1432037960149271E-002   1.4885135358486767E-002
  -3.5907766232129372E-002   1.1981577451938443E-002
  -3.0383494504109466E-002   1.1292569178739718E-002
  -2.4859222776089564E-002   9.8281669265411608E-003
  -1.9334951048069659E-002   8.0395284699897214E-003
  -1.3810679320049757E-002   9.0611891680176995E-003
  -8.2864075920298548E-003   1.1725415342161375E-002
  -2.7621358640099515E-003   1.0723116543618487E-002
   2.7621358640099515E-003   1.0723116543618497E-002
   8.2864075920298548E-003   1.1725415342161410E-002
   1.3810679320049757E-002   9.0611891680175936E-003
   1.9334951048069659E-002   8.0395284699897335E-003
   2.4859222776089564E-002   9.8281669265413967E-003
   3.0383494504109466E-002   1.1292569178739893E-002
   3.5907766232129372E-002   1.1981577451938487E-002
   4.1432037960149271E-002   1.4885135358486849E-002
   4.6956309688169176E-002   1.2716262057196913E-002
   5.2480581416189075E-002   1.1473837932778230E-002
   5.8004853144208980E-002   1.1138709284131694E-002
   6.3529124872228879E-002   1.1601705529860255E-002
   6.9053396600248784E-002   1.0980359633016183E-002
   7.4577668328268690E-002   1.2252122344633968E-002
   8.0101940056288595E-002   1.2092376789471436E-002
   8.5626211784308501E-002   1.5923987201897697E-002
   9.1150483512328392E-002   1.3424016460247682E-002
   9.6674755240348298E-002   1.7608954602019701E-002
  0.10219902696836820        3.4172100430597457E-002
  0.10772329869638811        8.3115483858740943E-002
  0.11324757042440801       0.12276364014451280     
  0.11877184215242791       0.15233787870137433     
  0.12429611388044781       0.19409355790303850     
  0.12982038560846773       0.24301458636189238     
  0.13534465733648762       0.28054854015334613     
  0.14086892906450751       0.30901381241830600     
  0.14639320079252743       0.33814897985357761     
  0.15191747252054733       0.38023631531459662     
  0.15744174424856724       0.43686445941625662     
  0.16296601597658714       0.53081980279376761     
  0.16849028770460703       0.67433846841134748     
  0.17401455943262695       0.84054884060400825     
  0.17953883116064684        1.0803205845276813     
  0.18506310288866676        1.3502833505851712     
  0.19058737461668665        1.5872899605266966     
  0.19611164634470654        2.1175937469640038     
  0.20163591807272646        2.7620852583318971     
  0.20716018980074635        3.2706058811485548     
  0.21268446152876627        4.6914159592276841     
  0.21820873325678616        2.0868120578569953     
  0.22373300498480606        1.0998623865479307     
  0.22925727671282597        1.0003288814757239     
  0.23478154844084587       0.99999999006403406     
  0.24030582016886579       0.99999999915890314     
  0.24583009189688568       0.99999999999947520     
  0.25135436362490560        1.0000000000004212     
  0.25687863535292549        1.0000000000004201     
  0.26240290708094538        1.0000000000004201     
  0.26792717880896527        1.0000000000004201     
  0.27345145053698522        1.0000000000004201     
  0.27897572226500511        1.0000000000004201     
  0.28449999399302500        1.0000000000004201     
  0.29002426572104489        1.0000000000004201     
  0.29554853744906479        1.0000000000004201     
  0.30107280917708473        1.0000000000004201     
  0.30659708090510462        1.0000000000004201     
  0.31212135263312452        1.0000000000004201     
  0.31764562436114441        1.0000000000004201     
  0.32316989608916430        1.0000000000004201     
  0.32869416781718425        1.0000000000004201     
  0.33421843954520414        1.0000000000004201     
  0.33974271127322403        1.0000000000004201     
  0.34526698300124392        1.0000000000004201     
  0.35079125472926381        1.0000000000004201     
  0.35631552645728376        1.0000000000004201     
  0.36183979818530365        1.0000000000004201     
  0.36736406991332354        1.0000000000004201     
  0.37288834164134343        1.0000000000004201     
  0.37841261336936333        1.0000000000004201     
  0.38393688509738327        1.0000000000004201     
  0.38946115682540317        1.0000000000004201     
  0.39498542855342306        1.0000000000004201     
  0.40050970028144295        1.0000000000004201     
  0.40603397200946284        1.0000000000004201     
  0.41155824373748279        1.0000000000004201     
  0.41708251546550268        1.0000000000004201     
  0.42260678719352257        1.0000000000004201     
  0.42813105892154246        1.0000000000004201     
  0.43365533064956235        1.0000000000004201     
  0.43917960237758230        1.0000000000004201     
  0.44470387410560219        1.0000000000004201     
  0.45022814583362208        1.0000000000004201     
  0.45575241756164198        1.0000000000004201     
  0.46127668928966187        1.0000000000004201     
  0.46680096101768181        1.0000000000004201     
  0.47232523274570171        1.0000000000004201     
  0.47784950447372160        1.0000000000004201     
  0.48337377620174149        1.0000000000004201     
  0.48889804792976138        1.0000000000004201     
  0.49442231965778133        1.0000000000004201     
  0.49994659138580122        1.0000000000004201     
  0.50547086311382117        1.0000000000004201     
  0.51099513484184100        1.0000000000004201     
  0.51651940656986095        1.0000000000004201     
  0.52204367829788079        1.0000000000004201     
  0.52756795002590073        1.0000000000004201     
  0.53309222175392068        1.0000000000004201     
  0.53861649348194052        1.0000000000004201     
  0.54414076520996046        1.0000000000004201     
  0.54966503693798030        1.0000000000004201     
  0.55518930866600025        1.0000000000004201     
  0.56071358039402019        1.0000000000004201     
  0.56623785212204003        1.0000000000004201     
  0.57176212385005998        1.0000000000004201     
  0.57728639557807981        1.0000000000004201     
  0.58281066730609976        1.0000000000004201     
  0.58833493903411971        1.0000000000004201     
  0.59385921076213954        1.0000000000004201     
  0.59938348249015949        1.0000000000004201     
  0.60490775421817933        1.0000000000004201     
  0.61043202594619927        1.0000000000004201     
  0.61595629767421922        1.0000000000004201     
  0.62148056940223906        1.0000000000004201     
  0.62700484113025901        1.0000000000004201     
  0.63252911285827884        1.0000000000004201     
  0.63805338458629879        1.0000000000004201     
  0.64357765631431874        1.0000000000004201     
  0.64910192804233857        1.0000000000004201     
  0.65462619977035852        1.0000000000004201     
  0.66015047149837836        1.0000000000004201     
  0.66567474322639830        1.0000000000004201     
  0.67119901495441825        1.0000000000004201     
  0.67672328668243809        1.0000000000004201     
  0.68224755841045803        1.0000000000004201     
  0.68777183013847787        1.0000000000004201     
  0.69329610186649782        1.0000000000004201     
  0.69882037359451776        1.0000000000004201     
  0.70434464532253760        1.0000000000004201     
