  0.20000000000000001        1.0001073890180641     
  0.60000000000000009        1.0000113147227041     
   1.0000000000000002       0.99995447100988466     
   1.4000000000000001       0.99993353537553475     
   1.8000000000000000       0.99983413481691674     
   2.2000000000000002       0.99971452940989047     
   2.6000000000000001       0.99985603722399707     
   3.0000000000000000       0.99999444939754945     
   3.3999999999999999       0.99981601346380689     
   3.7999999999999998       0.99974773870785061     
   4.2000000000000002        1.0001667768914557     
   4.6000000000000005        1.0003198918952905     
   5.0000000000000000       0.99963612363123988     
   5.4000000000000004       0.99965609943913758     
   5.7999999999999998        1.0007245569564747     
   6.2000000000000002        1.0011663670803106     
   6.6000000000000005       0.99983716142300372     
   7.0000000000000000       0.99871427487928033     
   7.4000000000000004       0.99937650458923388     
   7.7999999999999998       0.99535199014787135     
   8.2000000000000011       0.97459392098288200     
   8.6000000000000014       0.91414373543963590     
   9.0000000000000018       0.79671994605778329     
   9.4000000000000021       0.64899164895686634     
   9.8000000000000007       0.54100504919335812     
   10.200000000000001       0.54072751193062407     
   10.600000000000001       0.64844486619626240     
   11.000000000000002       0.79659314580643459     
   11.400000000000002       0.91330655554859008     
   11.800000000000001       0.97379164971901744     
   12.200000000000001       0.99550875817325324     
   12.600000000000001       0.99971073162492308     
   13.000000000000002       0.99867655006430900     
   13.400000000000002       0.99859482421664014     
   13.800000000000001       0.99992886407702808     
   14.200000000000001        1.0006533479301780     
   14.600000000000001        1.0002661580417607     
   15.000000000000002       0.99980238512975927     
   15.400000000000002       0.99985128320739014     
   15.800000000000001        1.0000757468115524     
   16.200000000000003        1.0001041808624807     
   16.600000000000001        1.0000070665327940     
   17.000000000000000       0.99996890248676651     
   17.400000000000002       0.99998710514328726     
   17.800000000000001        1.0000058923516018     
   18.200000000000003        1.0000372258450729     
   18.600000000000001        1.0000744258395065     
   19.000000000000004        1.0000935580469312     
   19.400000000000002        1.0001145832808589     
   19.800000000000001        1.0001439416061058     
