 -0.67175144212722016        1.0000000002908274     
 -0.60104076400856543        1.0000000000900706     
 -0.53033008588991071       0.99999999988236388     
 -0.45961940777125587       0.99999999966810793     
 -0.38890872965260120       0.99999999944778406     
 -0.31819805153394637       0.99999999922221594     
 -0.24748737341529164       0.99999999899247505     
 -0.17677669529663689       0.99999999875956891     
 -0.10606601717798216       0.99999999852423949     
  -3.5355339059327411E-002  0.99999999828710606     
   3.5355339059327411E-002  0.99999999804897455     
  0.10606601717798222       0.99999999781088955     
  0.17677669529663689       0.99999999757393321     
  0.24748737341529170       0.99999999733893064     
  0.31819805153394637       0.99999999710647836     
  0.38890872965260120       0.99999999687726582     
  0.45961940777125604       0.99999999665236117     
  0.53033008588991071       0.99999999643317483     
  0.60104076400856554       0.99999999622114399     
  0.67175144212722016       0.99999999601750500     
  0.74246212024587510       0.99999999582329813     
  0.81317279836452994       0.99999999563944997     
  0.88388347648318477       0.99999999546667406     
  0.95459415460183961       0.99999999530522710     
   1.0253048327204941       0.99999999515480986     
   1.0960155108391489       0.99999999501478076     
   1.1667261889578038       0.99999999488458768     
   1.2374368670764586       0.99999999476402712     
   1.3081475451951134       0.99999999465313372     
   1.3788582233137678       0.99999999455189381     
   1.4495689014324227       0.99999999446013221     
   1.5202795795510775       0.99999999437772358     
   1.5909902576697323       0.99999999430484243     
   1.6617009357883872       0.99999999424195840     
   1.7324116139070416       0.99999999418964514     
   1.8031222920256964       0.99999999414844565     
   1.8738329701443512       0.99999999411897234     
   1.9445436482630061       0.99999999410215723     
   2.0152543263816609       0.99999999409932050     
   2.0859650045003155       0.99999999411195206     
   2.1566756826189706       0.99999999414137586     
   2.2273863607376252       0.99999999418865160     
   2.2980970388562798       0.99999999425472585     
   2.3688077169749349       0.99999999434056486     
   2.4395183950935890       0.99999999444701271     
   2.5102290732122445       0.99999999457450750     
   2.5809397513308987       0.99999999472292167     
   2.6516504294495542       0.99999999489166536     
   2.7223611075682084       0.99999999507989812     
   2.7930717856868630       0.99999999528658601     
   2.8637824638055180       0.99999999551031837     
   2.9344931419241727       0.99999999574907894     
   3.0052038200428277       0.99999999600028278     
   3.0759144981614823       0.99999999626101976     
   3.1466251762801369       0.99999999652827487     
   3.2173358543987920       0.99999999679890161     
   3.2880465325174466       0.99999999706946752     
   3.3587572106361017       0.99999999733625367     
   3.4294678887547563       0.99999999759552249     
   3.5001785668734104       0.99999999784384641     
   3.5708892449920659       0.99999999807825679     
   3.6415999231107201       0.99999999829614461     
   3.7123106012293752       0.99999999849514720     
   3.7830212793480298       0.99999999867329037     
   3.8537319574666844       0.99999999882926272     
   3.9244426355853395       0.99999999896257796     
   3.9951533137039941       0.99999999907350512     
   4.0658639918226491       0.99999999916294791     
   4.1365746699413037       0.99999999923248462     
   4.2072853480599584       0.99999999928468453     
   4.2779960261786130       0.99999999932342121     
   4.3487067042972676       0.99999999935397410     
   4.4194173824159231       0.99999999938285467     
   4.4901280605345777       0.99999999941753392     
   4.5608387386532323       0.99999999946626739     
   4.6315494167718869       0.99999999953779595     
   4.7022600948905415       0.99999999964071973     
   4.7729707730091970       0.99999999978248633     
   4.8436814511278516       0.99999999996823863     
   4.9143921292465054        1.0000000001998313     
   4.9851028073651600        1.0000000004751779     
   5.0558134854838155        1.0000000007878009     
   5.1265241636024701        1.0000000011265175     
   5.1972348417211247        1.0000000014753974     
   5.2679455198397793        1.0000000018143247     
   5.3386561979584330        1.0000000021202389     
   5.4093668760770894        1.0000000023689197     
   5.4800775541957440        1.0000000025368549     
   5.5507882323143978        1.0000000026032019     
   5.6214989104330524        1.0000000025520370     
   5.6922095885517070        1.0000000023749529     
   5.7629202666703634        1.0000000020735922     
   5.8336309447890171        1.0000000016620219     
   5.9043416229076717        1.0000000011691470     
   5.9750523010263263        1.0000000006408898     
   6.0457629791449818        1.0000000001408738     
   6.1164736572636365       0.99999999974836895     
   6.1871843353822911       0.99999999955371022     
   6.2578950135009457       0.99999999965131958     
   6.3286056916196003        1.0000000001290881     
   6.3993163697382558        1.0000000010530281     
   6.4700270478569104        1.0000000024487992     
   6.5407377259755650        1.0000000042833344     
   6.6114484040942196        1.0000000064491086     
   6.6821590822128742        1.0000000087551213     
   6.7528697603315297        1.0000000109334053     
   6.8235804384501844        1.0000000126700481     
   6.8942911165688390        1.0000000136592975     
   6.9650017946874936        1.0000000136668621     
   7.0357124728061482        1.0000000125843338     
   7.1064231509248037        1.0000000104605624     
   7.1771338290434583        1.0000000075019415     
   7.2478445071621129        1.0000000040418120     
   7.3185551852807675        1.0000000004898797     
   7.3892658633994213       0.99999999727696331     
   7.4599765415180777       0.99999999480144419     
   7.5306872196367323       0.99999999337262602     
   7.6013978977553860       0.99999999314886545     
   7.6721085758740406       0.99999999408285067     
   7.7428192539926952       0.99999999589614408     
   7.8135299321113516       0.99999999810468398     
   7.8842406102300053        1.0000000001139078     
   7.9549512883486599        1.0000000013860204     
   8.0256619664673146        1.0000000016373818     
   8.0963726445859692        1.0000000009778858     
   8.1670833227046256       0.99999999990796529     
   8.2377940008232802       0.99999999914712667     
   8.3085046789419348       0.99999999933932415     
   8.3792153570605876        1.0000000007413254     
   8.4499260351792422        1.0000000030428242     
   8.5206367132978986        1.0000000054439104     
   8.5913473914165532        1.0000000069874793     
   8.6620580695352078        1.0000000069811861     
   8.7327687476538625        1.0000000052810858     
   8.8034794257725171        1.0000000022981528     
   8.8741901038911717       0.99999999875193957     
   8.9449007820098263       0.99999999531657191     
   9.0156114601284809       0.99999999232406145     
   9.0863221382471355       0.99999998961507319     
   9.1570328163657901       0.99999998650564959     
   9.2277434944844465       0.99999998173974147     
   9.2984541726031011       0.99999997326525158     
   9.3691648507217558       0.99999995768959205     
   9.4398755288404104       0.99999992928921733     
   9.5105862069590650       0.99999987841620086     
   9.5812968850777196       0.99999978903624165     
   9.6520075631963742       0.99999963493784694     
   9.7227182413150288       0.99999937386354576     
   9.7934289194336834       0.99999893842627885     
   9.8641395975523380       0.99999822217112366     
   9.9348502756709944       0.99999705848008913     
   10.005560953789649       0.99999518914443120     
   10.076271631908304       0.99999221827624696     
   10.146982310026958       0.99998754572445891     
   10.217692988145611       0.99998027226206709     
   10.288403666264267       0.99996906650526241     
   10.359114344382922       0.99995198082126613     
   10.429825022501577       0.99992620051287462     
   10.500535700620231       0.99988770753612999     
   10.571246378738886       0.99983083691827312     
   10.641957056857542       0.99974770123932699     
   10.712667734976195       0.99962745734038960     
   10.783378413094850       0.99945538924627308     
   10.854089091213506       0.99921178034237690     
   10.924799769332159       0.99887055676943082     
   10.995510447450815       0.99839771725178195     
   11.066221125569468       0.99774959076336489     
   11.136931803688125       0.99687093769463708     
   11.207642481806779       0.99569290985389025     
   11.278353159925434       0.99413102009874410     
   11.349063838044088       0.99208339991460370     
   11.419774516162743       0.98942954534705674     
   11.490485194281398       0.98602968771533939     
   11.561195872400054       0.98172512738267936     
   11.631906550518707       0.97634001718521402     
   11.702617228637363       0.96968490450780531     
   11.773327906756016       0.96156220394931557     
   11.844038584874673       0.95177384399948073     
   11.914749262993327       0.94013119492331487     
   11.985459941111980       0.92646701443949464     
   12.056170619230636       0.91064892766118666     
   12.126881297349289       0.89259375929664742     
   12.197591975467946       0.87228163750911170     
   12.268302653586602       0.84976851547450560     
   12.339013331705255       0.82519574885427771     
   12.409724009823911       0.79879540428493856     
   12.480434687942564       0.77089014884640861     
   12.551145366061219       0.74188704626276125     
   12.621856044179875       0.71226525066380808     
   12.692566722298528       0.68255832255953175     
   12.763277400417184       0.65333257452530458     
   12.833988078535841       0.62516337106648801     
   12.904698756654494       0.59861161562426890     
   12.975409434773148       0.57420264048721115     
   13.046120112891803       0.55240926741928797     
   13.116830791010457       0.53364004072812488     
   13.187541469129114       0.51823276856254530     
   13.258252147247767       0.50645271486143073     
   13.328962825366423       0.49849417356172837     
   13.399673503485076       0.49448377628908530     
   13.470384181603732       0.49448382863441964     
   13.541094859722387       0.49849433009528443     
   13.611805537841041       0.50645295940865864     
   13.682516215959696       0.51823305712796841     
   13.753226894078351       0.53364032545685303     
   13.823937572197005       0.55240954300272838     
   13.894648250315662       0.57420295789144549     
   13.965358928434314       0.59861203193498691     
   14.036069606552971       0.62516388958455693     
   14.106780284671624       0.65333314831256639     
   14.177490962790280       0.68255890914667883     
   14.248201640908935       0.71226584177251073     
   14.318912319027588       0.74188764208590696     
   14.389622997146244       0.77089072752284216     
   14.460333675264897       0.79879593256725512     
   14.531044353383553       0.82519620994770015     
   14.601755031502210       0.84976890984572839     
   14.672465709620862       0.87228196205256325     
   14.743176387739519       0.89259400885205786     
   14.813887065858172       0.91064912129515796     
   14.884597743976826       0.92646718972742048     
   14.955308422095483       0.94013136906314565     
   15.026019100214135       0.95177401114812454     
   15.096729778332792       0.96156236441088383     
   15.167440456451445       0.96968506546296496     
   15.238151134570101       0.97634017858844635     
   15.308861812688756       0.98172528458373320     
   15.379572490807410       0.98602983109643549     
   15.450283168926065       0.98942965922762949     
   15.520993847044720       0.99208347759509663     
   15.591704525163374       0.99413106665174455     
   15.662415203282031       0.99569292509795959     
   15.733125881400683       0.99687091732466926     
   15.803836559519340       0.99774954311793151     
   15.874547237637993       0.99839766042417866     
   15.945257915756649       0.99887050331812555     
   16.015968593875304       0.99921173494771953     
   16.086679271993958       0.99945535406449115     
   16.157389950112613       0.99962743292758982     
   16.228100628231267       0.99974768580098705     
   16.298811306349922       0.99983082747560303     
   16.369521984468577       0.99988770121497128     
   16.440232662587231       0.99992619497048507     
   16.510943340705886       0.99995197436394112     
   16.581654018824540       0.99996905807052594     
   16.652364696943195       0.99998026127187023     
   16.723075375061853       0.99998753193664758     
   16.793786053180504       0.99999220169105907     
   16.864496731299159       0.99999516995994098     
   16.935207409417814       0.99999703709449317     
   17.005918087536468       0.99999819921023769     
   17.076628765655126       0.99999891476447067     
   17.147339443773777       0.99999935063808931     
   17.218050121892436       0.99999961355907785     
   17.288760800011087       0.99999977115033623     
   17.359471478129745       0.99999986574337640     
   17.430182156248399       0.99999992328978571     
   17.500892834367054       0.99999995911402484     
   17.571603512485709       0.99999998174914662     
   17.642314190604360       0.99999999563069075     
   17.713024868723018        1.0000000030483787     
   17.783735546841672        1.0000000054954457     
   17.854446224960327        1.0000000044300112     
   17.925156903078982        1.0000000014786230     
   17.995867581197636       0.99999999821755758     
   18.066578259316291       0.99999999578734700     
   18.137288937434946       0.99999999462955858     
   18.207999615553600       0.99999999452250121     
   18.278710293672255       0.99999999489729929     
   18.349420971790909       0.99999999525106242     
   18.420131649909564       0.99999999542773588     
   18.490842328028222       0.99999999562673858     
   18.561553006146873       0.99999999616130530     
   18.632263684265528       0.99999999713494758     
   18.702974362384182       0.99999999825273789     
   18.773685040502837       0.99999999889612812     
   18.844395718621495       0.99999999842209131     
   18.915106396740146       0.99999999650998728     
   18.985817074858804       0.99999999335850642     
   19.056527752977455       0.99999998963236858     
   19.127238431096114       0.99999998620013575     
   19.197949109214768       0.99999998380792543     
   19.268659787333423       0.99999998284957314     
   19.339370465452077       0.99999998332228446     
   19.410081143570732       0.99999998495149445     
   19.480791821689387       0.99999998738996287     
   19.551502499808041       0.99999999037835874     
   19.622213177926696       0.99999999379679605     
   19.692923856045351       0.99999999760477509     
   19.763634534164005        1.0000000017228183     
   19.834345212282660        1.0000000059310676     
   19.905055890401314        1.0000000098414721     
   19.975766568519969        1.0000000129580506     
   20.046477246638624        1.0000000147993613     
   20.117187924757278        1.0000000150326209     
   20.187898602875933        1.0000000135684812     
   20.258609280994591        1.0000000105856222     
   20.329319959113242        1.0000000064832415     
   20.400030637231900        1.0000000017858695     
   20.470741315350551       0.99999999703656106     
   20.541451993469206       0.99999999270815720     
   20.612162671587864       0.99999998914759702     
   20.682873349706515       0.99999998655477507     
   20.753584027825173       0.99999998498919285     
   20.824294705943824       0.99999998439529714     
   20.895005384062483       0.99999998463738016     
   20.965716062181137       0.99999998553584835     
   21.036426740299792       0.99999998689882152     
   21.107137418418446       0.99999998854518179     
   21.177848096537101       0.99999999031809528     
   21.248558774655756       0.99999999209084667     
   21.319269452774410       0.99999999376802462     
   21.389980130893065       0.99999999528451888     
   21.460690809011719       0.99999999660313310     
   21.531401487130374       0.99999999771029247     
   21.602112165249029       0.99999999860977384     
   21.672822843367683       0.99999999931590755     
   21.743533521486338       0.99999999984812060     
   21.814244199604993        1.0000000002277434     
   21.884954877723647        1.0000000004765732     
   21.955665555842305        1.0000000006162353     
   22.026376233960960        1.0000000006678047     
   22.097086912079618        1.0000000006515253     
   22.167797590198269        1.0000000005865581     
   22.238508268316924        1.0000000004905947     
   22.309218946435578        1.0000000003792382     
   22.379929624554233        1.0000000002654950     
   22.450640302672891        1.0000000001597364     
   22.521350980791542        1.0000000000702682     
   22.592061658910197        1.0000000000039020     
   22.662772337028851       0.99999999996605593     
   22.733483015147510       0.99999999996052635     
   22.804193693266164       0.99999999998943723     
   22.874904371384815        1.0000000000536016     
   22.945615049503470        1.0000000001530489     
   23.016325727622128        1.0000000002872027     
   23.087036405740783        1.0000000004545664     
   23.157747083859437        1.0000000006523659     
   23.228457761978088        1.0000000008766761     
   23.299168440096743        1.0000000011230192     
   23.369879118215401        1.0000000013868262     
   23.440589796334056        1.0000000016634059     
   23.511300474452710        1.0000000019476705     
   23.582011152571361        1.0000000022341471     
   23.652721830690020        1.0000000025173987     
   23.723432508808674        1.0000000027925775     
   23.794143186927329        1.0000000030555938     
   23.864853865045987        1.0000000033028145     
   23.935564543164638        1.0000000035307879     
   24.006275221283293        1.0000000037364138     
   24.076985899401947        1.0000000039173977     
   24.147696577520605        1.0000000040724448     
   24.218407255639260        1.0000000042010171     
   24.289117933757911        1.0000000043029915     
   24.359828611876566        1.0000000043786474     
   24.430539289995220        1.0000000044289645     
   24.501249968113878        1.0000000044558335     
   24.571960646232533        1.0000000044617587     
   24.642671324351184        1.0000000044491473     
   24.713382002469839        1.0000000044198514     
   24.784092680588497        1.0000000043754032     
   24.854803358707152        1.0000000043176647     
   24.925514036825806        1.0000000042491659     
   24.996224714944457        1.0000000041728143     
   25.066935393063112        1.0000000040913459     
   25.137646071181770        1.0000000040069488     
   25.208356749300425        1.0000000039212722     
   25.279067427419079        1.0000000038355201     
   25.349778105537730        1.0000000037503700     
   25.420488783656388        1.0000000036657470     
   25.491199461775043        1.0000000035808647     
   25.561910139893698        1.0000000034947871     
   25.632620818012356        1.0000000034071264     
   25.703331496131007        1.0000000033183107     
   25.774042174249661        1.0000000032292584     
   25.844752852368316        1.0000000031408696     
   25.915463530486974        1.0000000030538359     
   25.986174208605629        1.0000000029687484     
   26.056884886724280        1.0000000028861751     
   26.127595564842935        1.0000000028064160     
   26.198306242961589        1.0000000027291431     
   26.269016921080247        1.0000000026532765     
   26.339727599198902        1.0000000025773641     
   26.410438277317557        1.0000000025000950     
   26.481148955436208        1.0000000024204878     
   26.551859633554866        1.0000000023376734     
   26.622570311673520        1.0000000022506403     
   26.693280989792175        1.0000000021583151     
   26.763991667910833        1.0000000020598909     
   26.834702346029481        1.0000000019550026     
   26.905413024148139        1.0000000018435149     
   26.976123702266793        1.0000000017251272     
   27.046834380385448        1.0000000015992558     
   27.117545058504106        1.0000000014652917     
   27.188255736622757        1.0000000013229227     
   27.258966414741412        1.0000000011721615     
   27.329677092860067        1.0000000010130503     
   27.400387770978725        1.0000000008454346     
   27.471098449097379        1.0000000006690897     
   27.541809127216030        1.0000000004840626     
