   5.0000000000000003E-002  0.99999957518198801     
  0.15000000000000002       0.99999957997310029     
  0.25000000000000006       0.99999960529558740     
  0.35000000000000003       0.99999964628660443     
  0.45000000000000001       0.99999969734529748     
  0.55000000000000004       0.99999975262061225     
  0.65000000000000002       0.99999980653104903     
  0.75000000000000000       0.99999985425166105     
  0.84999999999999998       0.99999989209518314     
  0.94999999999999996       0.99999991770455277     
   1.0500000000000000       0.99999993000858312     
   1.1500000000000001       0.99999992896517265     
   1.2500000000000000       0.99999991516886921     
   1.3500000000000001       0.99999988943797025     
   1.4500000000000000       0.99999985252844525     
   1.5500000000000000       0.99999980509662667     
   1.6500000000000001       0.99999974795853674     
   1.7500000000000000       0.99999968262025452     
   1.8500000000000001       0.99999961195300580     
   1.9500000000000000       0.99999954076984088     
   2.0500000000000003       0.99999947603363804     
   2.1500000000000004       0.99999942649332574     
   2.2500000000000004       0.99999940164528223     
   2.3500000000000005       0.99999941010008075     
   2.4500000000000002       0.99999945768095200     
   2.5500000000000003       0.99999954570598881     
   2.6500000000000004       0.99999966988284916     
   2.7500000000000004       0.99999982017894751     
   2.8500000000000005       0.99999998184854344     
   2.9500000000000002        1.0000001374684411     
   3.0500000000000003        1.0000002695893406     
   3.1500000000000004        1.0000003635296020     
   3.2500000000000004        1.0000004097683404     
   3.3500000000000005        1.0000004054136695     
   3.4500000000000002        1.0000003544686320     
   3.5500000000000003        1.0000002668954053     
   3.6500000000000004        1.0000001566700436     
   3.7500000000000004        1.0000000392839474     
   3.8500000000000005       0.99999992937700066     
   3.9500000000000002       0.99999983909438450     
   4.0500000000000007       0.99999977739486667     
   4.1500000000000004       0.99999975004256159     
   4.2500000000000000       0.99999975952922671     
   4.3500000000000005       0.99999980426588120     
   4.4500000000000002       0.99999987736028573     
   4.5500000000000007       0.99999996627472565     
   4.6500000000000004        1.0000000545298124     
   4.7500000000000009        1.0000001254214252     
   4.8500000000000005        1.0000001663739697     
   4.9500000000000002        1.0000001721460612     
   5.0500000000000007        1.0000001460176431     
   5.1500000000000004        1.0000000990746720     
   5.2500000000000009        1.0000000474633408     
   5.3500000000000005        1.0000000074175892     
   5.4500000000000002       0.99999998985059946     
   5.5500000000000007       0.99999999782360316     
   5.6500000000000004        1.0000000271506999     
   5.7500000000000009        1.0000000652878560     
   5.8500000000000005        1.0000000852589264     
   5.9500000000000002        1.0000000416432189     
   6.0500000000000007       0.99999988031312326     
   6.1500000000000004       0.99999955628723902     
   6.2500000000000009       0.99999902565808207     
   6.3500000000000005       0.99999817797801471     
   6.4500000000000002       0.99999672130933337     
   6.5500000000000007       0.99999406954877046     
   6.6500000000000004       0.99998923477520352     
   6.7500000000000009       0.99998060725295312     
   6.8500000000000005       0.99996542938575383     
   6.9500000000000002       0.99993882368186537     
   7.0500000000000007       0.99989233410796363     
   7.1500000000000004       0.99981191017045312     
   7.2500000000000009       0.99967506798324690     
   7.3500000000000005       0.99944679001436232     
   7.4500000000000002       0.99907378263690516     
   7.5500000000000007       0.99847693936920001     
   7.6500000000000004       0.99754208740810890     
   7.7500000000000009       0.99610934692701414     
   7.8500000000000005       0.99396191240117249     
   7.9500000000000002       0.99081588681748167     
   8.0499999999999989       0.98631357114428997     
   8.1500000000000004       0.98002309608133875     
   8.2500000000000000       0.97144747966032707     
   8.3499999999999996       0.96004618486231641     
   8.4499999999999993       0.94527167412113289     
   8.5499999999999989       0.92662188306383675     
   8.6500000000000004       0.90370706070659379     
   8.7500000000000000       0.87632619019183988     
   8.8499999999999996       0.84454387931039165     
   8.9499999999999993       0.80875382737778700     
   9.0499999999999989       0.76971236714092528     
   9.1500000000000004       0.72852783396803478     
   9.2500000000000000       0.68659922981565091     
   9.3499999999999996       0.64550929658327194     
   9.4499999999999993       0.60688944929163069     
   9.5500000000000007       0.57228255057718880     
   9.6500000000000004       0.54303015243141961     
   9.7500000000000000       0.52020244505392255     
   9.8499999999999996       0.50457496474412400     
   9.9499999999999993       0.49664090484888501     
   10.050000000000001       0.49663746152116972     
   10.150000000000000       0.50456542408330207     
   10.250000000000000       0.52018869532748646     
   10.350000000000000       0.54301421470204392     
   10.449999999999999       0.57226574850574463     
   10.550000000000001       0.60687247638493824     
   10.650000000000000       0.64549257749007261     
   10.750000000000000       0.68658295053896434     
   10.850000000000000       0.72851178833659336     
   10.949999999999999       0.76969606115900691     
   11.050000000000001       0.80873697193172878     
   11.150000000000000       0.84452687150035699     
   11.250000000000000       0.87631007614296452     
   11.350000000000000       0.90369297166874740     
   11.449999999999999       0.92661047502697358     
   11.550000000000001       0.94526299721016982     
   11.650000000000000       0.96003984184316316     
   11.750000000000000       0.97144287102841120     
   11.850000000000000       0.98001975608711367     
   11.949999999999999       0.98631145567144796     
   12.050000000000001       0.99081528273979269     
   12.150000000000000       0.99396298659696070     
   12.250000000000000       0.99611180661027865     
   12.350000000000000       0.99754527072142485     
   12.449999999999999       0.99848014098887017     
   12.550000000000001       0.99907646777511783     
   12.650000000000000       0.99944862630945508     
   12.750000000000000       0.99967592904124869     
   12.850000000000000       0.99981189605339960     
   12.949999999999999       0.99989171987295633     
   13.050000000000001       0.99993791155799927     
   13.150000000000000       0.99996442087359960     
   13.250000000000000       0.99997959957663041     
   13.350000000000000       0.99998829746624163     
   13.449999999999999       0.99999328316659042     
   13.550000000000001       0.99999613922946484     
   13.650000000000000       0.99999777941644641     
   13.750000000000000       0.99999872985108396     
   13.850000000000000       0.99999928445949993     
   13.949999999999999       0.99999960034079327     
   14.050000000000001       0.99999976139187019     
   14.150000000000000       0.99999981892292078     
   14.250000000000000       0.99999981300110463     
   14.350000000000000       0.99999977944162799     
   14.449999999999999       0.99999974857990392     
   14.550000000000001       0.99999974133707781     
   14.650000000000000       0.99999976629241105     
   14.750000000000000       0.99999981954334349     
   14.850000000000000       0.99999988758918223     
   14.949999999999999       0.99999995240809880     
   15.050000000000001       0.99999999727986300     
   15.150000000000000        1.0000000117299708     
   15.250000000000000       0.99999999423805075     
   15.350000000000000       0.99999995202193992     
   15.449999999999999       0.99999989812490975     
   15.550000000000001       0.99999984691516497     
   15.650000000000000       0.99999980961970114     
   15.750000000000000       0.99999979142478546     
   15.850000000000000       0.99999979099090375     
   15.949999999999999       0.99999980223744533     
   16.050000000000001       0.99999981739391675     
   16.149999999999999       0.99999982996316594     
   16.250000000000000       0.99999983650931723     
   16.350000000000001       0.99999983687177829     
   16.449999999999999       0.99999983313672747     
   16.550000000000001       0.99999982812701760     
   16.649999999999999       0.99999982416618405     
   16.750000000000000       0.99999982253110253     
   16.850000000000001       0.99999982357023820     
   16.949999999999999       0.99999982716991076     
   17.050000000000001       0.99999983320910135     
   17.149999999999999       0.99999984179692947     
   17.250000000000000       0.99999985329461261     
   17.350000000000001       0.99999986826200227     
   17.449999999999999       0.99999988747649915     
   17.550000000000001       0.99999991206540129     
   17.649999999999999       0.99999994365764999     
   17.750000000000000       0.99999998438799265     
   17.850000000000001        1.0000000366099135     
   17.949999999999999        1.0000001022794371     
   18.050000000000001        1.0000001821196292     
   18.149999999999999        1.0000002747990386     
   18.250000000000000        1.0000003763973775     
   18.350000000000001        1.0000004803762048     
   18.449999999999999        1.0000005781446266     
   18.550000000000001        1.0000006601469915     
   18.649999999999999        1.0000007172544099     
   18.750000000000000        1.0000007421638366     
   18.850000000000001        1.0000007305142036     
   18.949999999999999        1.0000006815116285     
   19.050000000000001        1.0000005979858873     
   19.150000000000002        1.0000004859267311     
   19.250000000000000        1.0000003536367592     
   19.350000000000001        1.0000002106867787     
   19.449999999999999        1.0000000668618838     
   19.550000000000001       0.99999993123850539     
   19.650000000000002       0.99999981147393280     
   19.750000000000000       0.99999971334734716     
   19.850000000000001       0.99999964054434010     
   19.949999999999999       0.99999959463356503     
