   3.5355339059327376E-002   1.0000000004439393     
  0.10606601717798214        1.0000000005491771     
  0.17677669529663692        1.0000000006468286     
  0.24748737341529164        1.0000000007361962     
  0.31819805153394642        1.0000000008162804     
  0.38890872965260115        1.0000000008868815     
  0.45961940777125587        1.0000000009486849     
  0.53033008588991071        1.0000000010023145     
  0.60104076400856532        1.0000000010474936     
  0.67175144212722016        1.0000000010831991     
  0.74246212024587499        1.0000000011087429     
  0.81317279836452983        1.0000000011243342     
  0.88388347648318444        1.0000000011305963     
  0.95459415460183927        1.0000000011275487     
   1.0253048327204939        1.0000000011142314     
   1.0960155108391487        1.0000000010896202     
   1.1667261889578033        1.0000000010538144     
   1.2374368670764579        1.0000000010080723     
   1.3081475451951130        1.0000000009539325     
   1.3788582233137676        1.0000000008925349     
   1.4495689014324227        1.0000000008248782     
   1.5202795795510773        1.0000000007525371     
   1.5909902576697323        1.0000000006776757     
   1.6617009357883870        1.0000000006021812     
   1.7324116139070416        1.0000000005267862     
   1.8031222920256962        1.0000000004511598     
   1.8738329701443512        1.0000000003752569     
   1.9445436482630059        1.0000000003004592     
   2.0152543263816609        1.0000000002290952     
   2.0859650045003155        1.0000000001631575     
   2.1566756826189701        1.0000000001035292     
   2.2273863607376247        1.0000000000505176     
   2.2980970388562794        1.0000000000048797     
   2.3688077169749349       0.99999999996798539     
   2.4395183950935890       0.99999999994102018     
   2.5102290732122441       0.99999999992408584     
   2.5809397513308987       0.99999999991610811     
   2.6516504294495533       0.99999999991600741     
   2.7223611075682079       0.99999999992347477     
   2.7930717856868625       0.99999999993827915     
   2.8637824638055180       0.99999999995921218     
   2.9344931419241727       0.99999999998376643     
   3.0052038200428273        1.0000000000090010     
   3.0759144981614819        1.0000000000325906     
   3.1466251762801365        1.0000000000527012     
   3.2173358543987920        1.0000000000671854     
   3.2880465325174466        1.0000000000729246     
   3.3587572106361012        1.0000000000661067     
   3.4294678887547558        1.0000000000436819     
   3.5001785668734104        1.0000000000040286     
   3.5708892449920655       0.99999999994610311     
   3.6415999231107197       0.99999999986852495     
   3.7123106012293752       0.99999999976946907     
   3.7830212793480298       0.99999999964772468     
   3.8537319574666844       0.99999999950370499     
   3.9244426355853390       0.99999999933894645     
   3.9951533137039936       0.99999999915522531     
   4.0658639918226491       0.99999999895392100     
   4.1365746699413037       0.99999999873631173     
   4.2072853480599584       0.99999999850493260     
   4.2779960261786130       0.99999999826376962     
   4.3487067042972676       0.99999999801710815     
   4.4194173824159222       0.99999999776859338     
   4.4901280605345768       0.99999999752106916     
   4.5608387386532314       0.99999999727772970     
   4.6315494167718860       0.99999999704281817     
   4.7022600948905406       0.99999999682069196     
   4.7729707730091970       0.99999999661485328     
   4.8436814511278516       0.99999999642736093     
   4.9143921292465054       0.99999999625926572     
   4.9851028073651609       0.99999999611194867     
   5.0558134854838155       0.99999999598692180     
   5.1265241636024701       0.99999999588462218     
   5.1972348417211247       0.99999999580384569     
   5.2679455198397793       0.99999999574191945     
   5.3386561979584339       0.99999999569620257     
   5.4093668760770885       0.99999999566485998     
   5.4800775541957432       0.99999999564591335     
   5.5507882323143978       0.99999999563688291     
   5.6214989104330524       0.99999999563492625     
   5.6922095885517070       0.99999999563786368     
   5.7629202666703634       0.99999999564563102     
   5.8336309447890162       0.99999999565929776     
   5.9043416229076708       0.99999999567919262     
   5.9750523010263255       0.99999999570390818     
   6.0457629791449801       0.99999999573029130     
   6.1164736572636365       0.99999999575555831     
   6.1871843353822911       0.99999999577882293     
   6.2578950135009457       0.99999999580093146     
   6.3286056916196003       0.99999999582433940     
   6.3993163697382549       0.99999999585221311     
   6.4700270478569095       0.99999999588884536     
   6.5407377259755641       0.99999999594248135     
   6.6114484040942187       0.99999999602724821     
   6.6821590822128734       0.99999999616372215     
   6.7528697603315297       0.99999999637759207     
   6.8235804384501844       0.99999999669698747     
   6.8942911165688390       0.99999999715118348     
   6.9650017946874927       0.99999999776778203     
   7.0357124728061473       0.99999999856766875     
   7.1064231509248028       0.99999999956040342     
   7.1771338290434574        1.0000000007395573     
   7.2478445071621120        1.0000000020786293     
   7.3185551852807667        1.0000000035255570     
   7.3892658633994213        1.0000000049963538     
   7.4599765415180768        1.0000000063787928     
   7.5306872196367314        1.0000000075519901     
   7.6013978977553851        1.0000000084158587     
   7.6721085758740397        1.0000000089167018     
   7.7428192539926943        1.0000000090542971     
   7.8135299321113507        1.0000000088703891     
   7.8842406102300053        1.0000000084254039     
   7.9549512883486599        1.0000000077697659     
   8.0256619664673146        1.0000000069233450     
   8.0963726445859692        1.0000000058759257     
   8.1670833227046238        1.0000000046132014     
   8.2377940008232784        1.0000000031553078     
   8.3085046789419330        1.0000000015748844     
   8.3792153570605876       0.99999999997432121     
   8.4499260351792422       0.99999999843529697     
   8.5206367132978968       0.99999999698060416     
   8.5913473914165515       0.99999999558928110     
   8.6620580695352061       0.99999999426317676     
   8.7327687476538607       0.99999999309910759     
   8.8034794257725153       0.99999999231014358     
   8.8741901038911717       0.99999999215881408     
   8.9449007820098263       0.99999999281546625     
   9.0156114601284809       0.99999999419839469     
   9.0863221382471338       0.99999999588084953     
   9.1570328163657884       0.99999999716590759     
   9.2277434944844465       0.99999999736128320     
   9.2984541726031011       0.99999999614523660     
   9.3691648507217558       0.99999999380811577     
   9.4398755288404104       0.99999999118461658     
   9.5105862069590650       0.99999998928535716     
   9.5812968850777196       0.99999998881712326     
   9.6520075631963742       0.99999998981744231     
   9.7227182413150288       0.99999999156476282     
   9.7934289194336834       0.99999999277471108     
   9.8641395975523380       0.99999999192620426     
   9.9348502756709927       0.99999998746766272     
   10.005560953789647       0.99999997763918402     
   10.076271631908302       0.99999995975741296     
   10.146982310026956       0.99999992893216250     
   10.217692988145611       0.99999987617132235     
   10.288403666264266       0.99999978573110493     
   10.359114344382920       0.99999963131895053     
   10.429825022501575       0.99999937036238362     
   10.500535700620230       0.99999893512435678     
   10.571246378738884       0.99999821891420559     
   10.641957056857542       0.99999705503758363     
   10.712667734976195       0.99999518535097776     
   10.783378413094848       0.99999221411101136     
   10.854089091213503       0.99998754131821477     
   10.924799769332157       0.99998026783905825     
   10.995510447450815       0.99996906223374016     
   11.066221125569470       0.99995197664249436     
   11.136931803688125       0.99992619594577048     
   11.207642481806779       0.99988770137971539     
   11.278353159925434       0.99983082725632177     
   11.349063838044088       0.99974768580512230     
   11.419774516162743       0.99962743351529781     
   11.490485194281398       0.99945535492705784     
   11.561195872400052       0.99921173656751017     
   11.631906550518707       0.99887050708352532     
   11.702617228637362       0.99839766435721744     
   11.773327906756016       0.99774954147014550     
   11.844038584874671       0.99687090738250450     
   11.914749262993325       0.99569290826592260     
   11.985459941111980       0.99413104292069576     
   12.056170619230635       0.99208344475229504     
   12.126881297349289       0.98942961141731922     
   12.197591975467944       0.98602976097439643     
   12.268302653586602       0.98172519764018851     
   12.339013331705253       0.97634009576209335     
   12.409724009823909       0.96968499990642032     
   12.480434687942562       0.96156230891276984     
   12.551145366061217       0.95177395544557775     
   12.621856044179875       0.94013131464065203     
   12.692566722298526       0.92646714090379945     
   12.763277400417184       0.91064906929814038     
   12.833988078535835       0.89259393084563887     
   12.904698756654494       0.87228183818009619     
   12.975409434773148       0.84976873727831792     
   13.046120112891803       0.82519599575793579     
   13.116830791010457       0.79879568268965284     
   13.187541469129110       0.77089045400561129     
   13.258252147247767       0.74188737173871233     
   13.328962825366421       0.71226560068529432     
   13.399673503485076       0.68255870011121889     
   13.470384181603730       0.65333295989682449     
   13.541094859722385       0.62516373015688320     
   13.611805537841040       0.59861193356579612     
   13.682516215959694       0.57420293485429119     
   13.753226894078349       0.55240956528614260     
   13.823937572197003       0.53364034669929916     
   13.894648250315662       0.51823305280974385     
   13.965358928434313       0.50645293472672459     
   14.036069606552969       0.49849430494579949     
   14.106780284671622       0.49448381884656450     
   14.177490962790278       0.49448378617561406     
   14.248201640908935       0.49849419918051413     
   14.318912319027586       0.50645274043938382     
   14.389622997146244       0.51823277384492716     
   14.460333675264895       0.53364001875321243     
   14.531044353383553       0.55240924438458472     
   14.601755031502208       0.57420266565057798     
   14.672465709620862       0.59861171726582507     
   14.743176387739517       0.62516353220250642     
   14.813887065858170       0.65333276330412615     
   14.884597743976826       0.68255853286361434     
   14.955308422095481       0.71226549500756164     
   15.026019100214135       0.74188731985872580     
   15.096729778332790       0.77089042413934494     
   15.167440456451445       0.79879565674073993     
   15.238151134570099       0.82519596763140579     
   15.308861812688754       0.84976869242358943     
   15.379572490807409       0.87228176434106364     
   15.450283168926063       0.89259383883196997     
   15.520993847044718       0.91064898056789012     
   15.591704525163372       0.92646706566966308     
   15.662415203282029       0.94013125128996300     
   15.733125881400682       0.95177389754123842     
   15.803836559519338       0.96156225713318022     
   15.874547237637991       0.96968497166145939     
   15.945257915756647       0.97634010074114241     
   16.015968593875300       0.98172521174303196     
   16.086679271993958       0.98602975630683054     
   16.157389950112609       0.98942959287164733     
   16.228100628231267       0.99208343112684005     
   16.298811306349918       0.99413104250577455     
   16.369521984468577       0.99569292641839890     
   16.440232662587228       0.99687094647950347     
   16.510943340705886       0.99774959097815830     
   16.581654018824537       0.99839771290952561     
   16.652364696943195       0.99887055262734115     
   16.723075375061853       0.99921177781864090     
   16.793786053180504       0.99945538760142538     
   16.864496731299159       0.99962745612361736     
   16.935207409417814       0.99974770044539774     
   17.005918087536468       0.99983083629301372     
   17.076628765655123       0.99988770657544079     
   17.147339443773777       0.99992619869837318     
   17.218050121892432       0.99995197763116916     
   17.288760800011087       0.99996906139215502     
   17.359471478129741       0.99998026471909418     
   17.430182156248399       0.99998753536963969     
   17.500892834367050       0.99999220492708885     
   17.571603512485709       0.99999517289800077     
   17.642314190604360       0.99999703978314969     
   17.713024868723018       0.99999820183954935     
   17.783735546841669       0.99999891758602066     
   17.854446224960327       0.99999935382185734     
   17.925156903078978       0.99999961702158013     
   17.995867581197636       0.99999977443466503     
   18.066578259316287       0.99999986804920649     
   18.137288937434946       0.99999992371044066     
   18.207999615553597       0.99999995702969513     
   18.278710293672255       0.99999997721670408     
   18.349420971790906       0.99999998958241121     
   18.420131649909564       0.99999999717147214     
   18.490842328028222        1.0000000017931383     
   18.561553006146873        1.0000000046104141     
   18.632263684265528        1.0000000063943992     
   18.702974362384182        1.0000000075629072     
   18.773685040502837        1.0000000081754119     
   18.844395718621492        1.0000000080415006     
   18.915106396740146        1.0000000069685804     
   18.985817074858801        1.0000000050331430     
   19.056527752977452        1.0000000027203344     
   19.127238431096110        1.0000000008324825     
   19.197949109214768        1.0000000001727218     
   19.268659787333419        1.0000000011355454     
   19.339370465452077        1.0000000034196566     
   19.410081143570729        1.0000000060404788     
   19.480791821689387        1.0000000076652105     
   19.551502499808038        1.0000000071237993     
   19.622213177926696        1.0000000038672407     
   19.692923856045347       0.99999999818042817     
   19.763634534164005       0.99999999107711413     
   19.834345212282656       0.99999998394642042     
   19.905055890401314       0.99999997811631991     
   19.975766568519965       0.99999997450974254     
   20.046477246638624       0.99999997350030678     
   20.117187924757275       0.99999997497155502     
   20.187898602875933       0.99999997849935074     
   20.258609280994591       0.99999998354700548     
   20.329319959113242       0.99999998958977787     
   20.400030637231900       0.99999999614451096     
   20.470741315350551        1.0000000027362292     
   20.541451993469206        1.0000000088594845     
   20.612162671587861        1.0000000139815199     
   20.682873349706512        1.0000000176008745     
   20.753584027825170        1.0000000193417891     
   20.824294705943821        1.0000000190462879     
   20.895005384062479        1.0000000168253684     
   20.965716062181137        1.0000000130467646     
   21.036426740299788        1.0000000082627576     
   21.107137418418446        1.0000000031032139     
   21.177848096537097       0.99999999816576257     
   21.248558774655756       0.99999999392961236     
   21.319269452774407       0.99999999070860668     
   21.389980130893065       0.99999998864505413     
   21.460690809011716       0.99999998773251120     
   21.531401487130374       0.99999998785168986     
   21.602112165249025       0.99999998880931351     
   21.672822843367683       0.99999999037620702     
   21.743533521486334       0.99999999232110537     
   21.814244199604993       0.99999999443545939     
   21.884954877723644       0.99999999654708882     
   21.955665555842302       0.99999999852484855     
   22.026376233960960        1.0000000002781804     
   22.097086912079611        1.0000000017541750     
   22.167797590198269        1.0000000029328169     
   22.238508268316920        1.0000000038204477     
   22.309218946435571        1.0000000044419788     
   22.379929624554229        1.0000000048333233     
   22.450640302672880        1.0000000050354594     
   22.521350980791539        1.0000000050903177     
   22.592061658910190        1.0000000050375246     
   22.662772337028848        1.0000000049114370     
   22.733483015147506        1.0000000047389170     
   22.804193693266164        1.0000000045388679     
   22.874904371384815        1.0000000043238380     
   22.945615049503466        1.0000000041022183     
   23.016325727622124        1.0000000038795218     
   23.087036405740783        1.0000000036585317     
   23.157747083859434        1.0000000034394467     
   23.228457761978085        1.0000000032209577     
   23.299168440096743        1.0000000030017848     
   23.369879118215401        1.0000000027815565     
   23.440589796334052        1.0000000025604092     
   23.511300474452710        1.0000000023381341     
   23.582011152571361        1.0000000021140225     
   23.652721830690020        1.0000000018878163     
   23.723432508808671        1.0000000016606043     
   23.794143186927329        1.0000000014345227     
   23.864853865045987        1.0000000012115648     
   23.935564543164634        1.0000000009928991     
   24.006275221283289        1.0000000007793117     
   24.076985899401947        1.0000000005721348     
   24.147696577520602        1.0000000003734453     
   24.218407255639256        1.0000000001852292     
   24.289117933757908        1.0000000000084075     
   24.359828611876566       0.99999999984283905     
   24.430539289995217       0.99999999968835707     
   24.501249968113875       0.99999999954554442     
   24.571960646232533       0.99999999941526330     
   24.642671324351184       0.99999999929758565     
   24.713382002469835       0.99999999919140592     
   24.784092680588493       0.99999999909523263     
   24.854803358707152       0.99999999900814573     
   24.925514036825803       0.99999999892986879     
   24.996224714944454       0.99999999885993562     
   25.066935393063112       0.99999999879688561     
   25.137646071181770       0.99999999873858225     
   25.208356749300421       0.99999999868330325     
   25.279067427419079       0.99999999863037625     
   25.349778105537730       0.99999999857954458     
   25.420488783656388       0.99999999852993149     
   25.491199461775039       0.99999999847990351     
   25.561910139893698       0.99999999842802734     
   25.632620818012356       0.99999999837397857     
   25.703331496131003       0.99999999831840014     
   25.774042174249658       0.99999999826195318     
   25.844752852368316       0.99999999820460883     
   25.915463530486971       0.99999999814609464     
   25.986174208605625       0.99999999808690487     
   26.056884886724276       0.99999999802857897     
   26.127595564842935       0.99999999797285033     
   26.198306242961586       0.99999999792063199     
   26.269016921080244       0.99999999787206995     
   26.339727599198902       0.99999999782761206     
   26.410438277317553       0.99999999778880000     
   26.481148955436204       0.99999999775795589     
   26.551859633554862       0.99999999773716719     
   26.622570311673520       0.99999999772772885     
   26.693280989792171       0.99999999773065751     
   26.763991667910823       0.99999999774754644     
   26.834702346029481       0.99999999778046100     
   26.905413024148139       0.99999999783084070     
   26.976123702266790       0.99999999789853300     
   27.046834380385448       0.99999999798206907     
   27.117545058504106       0.99999999807985085     
   27.188255736622754       0.99999999819082563     
   27.258966414741408       0.99999999831405473     
   27.329677092860067       0.99999999844785259     
   27.400387770978721       0.99999999858960875     
   27.471098449097376       0.99999999873668288     
   27.541809127216027       0.99999999888739299     
   27.612519805334685       0.99999999904095804     
   27.683230483453340       0.99999999919648719     
   27.753941161571994       0.99999999935219164     
   27.824651839690652       0.99999999950585550     
   27.895362517809303       0.99999999965593966     
   27.966073195927954       0.99999999980192900     
   28.036783874046613       0.99999999994357014     
   28.107494552165271        1.0000000000799512     
   28.178205230283922        1.0000000002094871     
   28.248915908402573        1.0000000003308847     
