  0.10000000000000001       0.99999775554139592     
  0.30000000000000004       0.99999819808127710     
  0.50000000000000011       0.99999903241183030     
  0.70000000000000007        1.0000000096653050     
  0.90000000000000002        1.0000008407445322     
   1.1000000000000001        1.0000012562755674     
   1.3000000000000000        1.0000010383107831     
   1.5000000000000000        1.0000000889249483     
   1.7000000000000000       0.99999854914578590     
   1.8999999999999999       0.99999681833726461     
   2.1000000000000001       0.99999542392429464     
   2.3000000000000003       0.99999488615548004     
   2.5000000000000000       0.99999556450285843     
   2.7000000000000002       0.99999737976245195     
   2.8999999999999999       0.99999969903589281     
   3.1000000000000001        1.0000017171234525     
   3.3000000000000003        1.0000029337305589     
   3.5000000000000000        1.0000031444259458     
   3.7000000000000002        1.0000023191927234     
   3.8999999999999999        1.0000009127071137     
   4.1000000000000005       0.99999986592198120     
   4.3000000000000007       0.99999967069328155     
   4.5000000000000009       0.99999985415565373     
   4.7000000000000011       0.99999997476435121     
   4.9000000000000004        1.0000004158588167     
   5.1000000000000005        1.0000012968369192     
   5.3000000000000007        1.0000014987841266     
   5.5000000000000009        1.0000004649856249     
   5.7000000000000011        1.0000002388377223     
   5.9000000000000004        1.0000027441684720     
   6.1000000000000005        1.0000053809822216     
   6.3000000000000007        1.0000040834977955     
   6.5000000000000009        1.0000008171978008     
   6.7000000000000011       0.99999796953123654     
   6.9000000000000004       0.99997383012364560     
   7.1000000000000005       0.99986130450429411     
   7.3000000000000007       0.99953646446036237     
   7.5000000000000009       0.99874531624599749     
   7.7000000000000011       0.99686490950083151     
   7.9000000000000004       0.99252942041404379     
   8.1000000000000014       0.98335614741419697     
   8.3000000000000007       0.96598289466834830     
   8.5000000000000000       0.93644573458620950     
   8.7000000000000011       0.89108398752659712     
   8.9000000000000004       0.82838327152210389     
   9.1000000000000014       0.75135463656571522     
   9.3000000000000007       0.66863944296792244     
   9.5000000000000018       0.59271250482793580     
   9.7000000000000011       0.53569815863649595     
   9.9000000000000004       0.50557687676963015     
   10.100000000000001       0.50557674231518068     
   10.300000000000001       0.53571709858329741     
   10.500000000000002       0.59277042293331228     
   10.700000000000001       0.66872640556799334     
   10.900000000000000       0.75143475013999828     
   11.100000000000001       0.82842676696972661     
   11.300000000000001       0.89110914889459614     
   11.500000000000002       0.93647528723537277     
   11.700000000000001       0.96599928836915139     
   11.900000000000000       0.98335549497567842     
   12.100000000000001       0.99254715754642286     
   12.300000000000001       0.99691071562810296     
   12.500000000000002       0.99877725148675767     
   12.700000000000001       0.99952277042611004     
   12.900000000000000       0.99982220864471560     
   13.100000000000001       0.99994797088854714     
   13.300000000000001       0.99999684093627172     
   13.500000000000002        1.0000089128069405     
   13.700000000000001        1.0000070888263739     
   13.900000000000000        1.0000034220736511     
   14.100000000000001        1.0000013441825775     
   14.300000000000001        1.0000003446070616     
   14.500000000000002       0.99999974580417594     
   14.700000000000001       0.99999954518489831     
   14.900000000000000       0.99999973966905120     
   15.100000000000001        1.0000000082335265     
   15.300000000000001        1.0000000551454649     
   15.500000000000002       0.99999991067463601     
   15.700000000000001       0.99999979890610791     
   15.900000000000000       0.99999983953283167     
   16.099999999999998       0.99999995856171264     
   16.300000000000001        1.0000000297511791     
   16.500000000000000        1.0000000118682806     
   16.699999999999999       0.99999993393145925     
   16.899999999999999       0.99999980220130735     
   17.099999999999998       0.99999957547001772     
   17.300000000000001       0.99999924338223045     
   17.500000000000000       0.99999891225060666     
   17.699999999999999       0.99999879309705375     
   17.899999999999999       0.99999908398771253     
   18.099999999999998       0.99999983278575888     
   18.300000000000001        1.0000008767240662     
   18.500000000000000        1.0000018943844275     
   18.699999999999999        1.0000025369232606     
   18.899999999999999        1.0000025692576524     
   19.100000000000001        1.0000019560677311     
   19.300000000000001        1.0000008655164920     
   19.500000000000000       0.99999960424755940     
   19.699999999999999       0.99999851200878886     
   19.899999999999999       0.99999785368438199     
