   2.5000000000000001E-002  0.99998817405071949       0.99998940534496428       0.99998790165712215        3.4999477422280187        2.4999881740092045     
   7.5000000000000011E-002  0.99998818982178705       0.99998914066134126       0.99998789788452158        3.4999475131988933        2.4999881897803742     
  0.12500000000000003       0.99998823364514289       0.99998889911123245       0.99998790532464843        3.4999473886463490        2.4999882336040309     
  0.17500000000000002       0.99998830441012099       0.99998868206848468       0.99998792335358977        3.4999473665436867        2.4999883043694999     
  0.22500000000000001       0.99998840087246965       0.99998849075601015       0.99998795143792063        3.4999474444697949        2.4999884008325144     
  0.27500000000000002       0.99998852167748531       0.99998832623784106       0.99998798914609388        3.4999476196704347        2.4999885216383584     
  0.32500000000000001       0.99998866538105957       0.99998818941080603       0.99998803615598497        3.4999478891100777        2.4999886653429120     
  0.37500000000000000       0.99998883046810150       0.99998808099571268       0.99998809225829233        3.4999482495125309        2.4999888304310613     
  0.42499999999999999       0.99998901536823526       0.99998800152798251       0.99998815735593849        3.4999486973902356        2.4999890153324169     
  0.47499999999999998       0.99998921846896605       0.99998795134783025       0.99998823145989391        3.4999492290631711        2.4999892184344659     
  0.52500000000000002       0.99998943812658014       0.99998793059023605       0.99998831468178739        3.4999498406686915        2.4999894380934773     
  0.57500000000000007       0.99998967267476957       0.99998793917519402       0.99998840722316229        3.4999505281625938        2.4999896726431259     
  0.62500000000000000       0.99998992043080226       0.99998797679890616       0.99998850936086980        3.4999512873111289        2.4999899204006675     
  0.67500000000000004       0.99999017969934834       0.99998804292671606       0.99998862142831080        3.4999521136747358        2.4999901796707507     
  0.72499999999999998       0.99999044877475107       0.99998813678857001       0.99998874379309532        3.4999530025868548        2.4999904487477105     
  0.77500000000000002       0.99999072594306238       0.99998825737778163       0.99998887683235116        3.4999539491330713        2.4999907259175802     
  0.82500000000000007       0.99999100948504605       0.99998840345384843       0.99998902090689423        3.4999549481356276        2.4999910094611133     
  0.87500000000000000       0.99999129768064621       0.99998857355007997       0.99998917633458073        3.4999559941455614        2.4999912976582404     
  0.92500000000000004       0.99999158881479677       0.99998876598665820       0.99998934336262790        3.4999570814426217        2.4999915887938871     
  0.97499999999999998       0.99999188118458593       0.99998897888947202       0.99998952213903536        3.4999582040434234        2.4999918811651276     
   1.0250000000000001       0.99999217310827127       0.99998921021460807       0.99998971268421621        3.4999593557201183        2.4999921730902104     
   1.0750000000000002       0.99999246293681210       0.99998945777796877       0.99998991486442690        3.4999605300322698        2.4999924629200865     
   1.1250000000000002       0.99999274906793567       0.99998971928912339       0.99999012836815737        3.4999617203722693        2.4999927490524851     
   1.1750000000000003       0.99999302996195549       0.99998999238821784       0.99999035268584047        3.4999629200214795        2.4999930299477087     
   1.2250000000000001       0.99999330415792209       0.99999027468446111       0.99999058709282540        3.4999641222120887        2.4999933041448048     
   1.2750000000000001       0.99999357028870373       0.99999056379445328       0.99999083063567007        3.4999653201894310        2.4999935702766383     
   1.3250000000000002       0.99999382709402085       0.99999085737837057       0.99999108212243293        3.4999665072710466        2.4999938270829301     
   1.3750000000000002       0.99999407343100721       0.99999115317192278       0.99999134011823365        3.4999676769006083        2.4999940734208170     
   1.4250000000000003       0.99999430828191560       0.99999144901214010       0.99999160294722544        3.4999688226949308        2.4999943082725489     
   1.4750000000000001       0.99999453075822908       0.99999174285541759       0.99999186870135637        3.4999699384810707        2.4999945307496105     
   1.5250000000000001       0.99999474010008083       0.99999203278677151       0.99999213525540265        3.4999710183191590        2.4999947400921401     
   1.5750000000000002       0.99999493567020115       0.99999231701982449       0.99999240028763015        3.4999720565079135        2.4999949356628672     
   1.6250000000000002       0.99999511694241217       0.99999259388759199       0.99999266130583342        3.4999730475727051        2.4999951169356196     
   1.6750000000000003       0.99999528348573941       0.99999286182474445       0.99999291567918691        3.4999739862399482        2.4999952834794268     
   1.7250000000000001       0.99999543494578769       0.99999311934262114       0.99999316067637956        3.4999748674036857        2.4999954349398963     
   1.7750000000000001       0.99999557102451453       0.99999336499899028       0.99999339350924576        3.4999756860884190        2.4999955710189914     
   1.8250000000000002       0.99999569145869061       0.99999359736524673       0.99999361137961784        3.4999764374093032        2.4999956914534831     
   1.8750000000000002       0.99999579599764998       0.99999381499406825       0.99999381152734013        3.4999771165321953        2.4999957959927075     
   1.9250000000000003       0.99999588438249254       0.99999401639050700       0.99999399127913324        3.4999777186416234        2.4999958843777694     
   1.9750000000000001       0.99999595632948846       0.99999419998932737       0.99999414809865461        3.4999782389266829        2.4999959563249394     
   2.0250000000000004       0.99999601151916084       0.99999436414131071       0.99999427963648369        3.4999786725900410        2.4999960115147410     
   2.0750000000000002       0.99999604959113020       0.99999450711100679       0.99999438377732819        3.4999790148800090        2.4999960495867959     
   2.1250000000000000       0.99999607014489356       0.99999462708782538       0.99999445868250669        3.4999792611460583        2.4999960701406025     
   2.1750000000000003       0.99999607274762914       0.99999472221144625       0.99999450282755642        3.4999794069213550        2.4999960727433410     
   2.2250000000000001       0.99999605695019922       0.99999479061161012       0.99999451503536552        3.4999794480356838        2.4999960569458715     
   2.2750000000000004       0.99999602231144524       0.99999483046155224       0.99999449450436129        3.4999793807578126        2.4999960223070317     
   2.3250000000000002       0.99999596842930583       0.99999484004364425       0.99999444082996436        3.4999792019603846        2.4999959684247606     
   2.3750000000000004       0.99999589497646435       0.99999481782506594       0.99999435401735259        3.4999789092974734        2.4999958949717396     
   2.4250000000000003       0.99999580173891411       0.99999476254047337       0.99999423448512448        3.4999785013873188        2.4999958017339563     
   2.4750000000000001       0.99999568865706201       0.99999467327774927       0.99999408306152149        3.4999779779970694        2.4999956886518131     
   2.5250000000000004       0.99999555586885769       0.99999454956244471       0.99999390097515184        3.4999773402257706        2.4999955558632614     
   2.5750000000000002       0.99999540375315521       0.99999439143640911       0.99999368984092696        3.4999765906773210        2.4999954037471452     
   2.6250000000000004       0.99999523297082382       0.99999419952614776       0.99999345164139919        3.4999757336129580        2.4999952329643302     
   2.6750000000000003       0.99999504450136401       0.99999397509659604       0.99999318870405751        3.4999747750738712        2.4999950444943209     
   2.7250000000000001       0.99999483967246738       0.99999372008649567       0.99999290367475757        3.4999737229638859        2.4999948396648017     
   2.7750000000000004       0.99999462017964791       0.99999343712232280       0.99999259948696662        3.4999725870817318        2.4999946201712868     
   2.8250000000000002       0.99999438809412344       0.99999312950855290       0.99999227932747115        3.4999713790967149        2.4999943880849966     
   2.8750000000000004       0.99999414585845114       0.99999280119298573       0.99999194660037316        3.4999701124671172        2.4999941458484880     
   2.9250000000000003       0.99999389626888380       0.99999245670722692       0.99999160488966954        3.4999688022991653        2.4999938962580264     
   2.9750000000000001       0.99999364244218936       0.99999210108398240       0.99999125791810228        3.4999674651401982        2.4999936424303799     
   3.0250000000000004       0.99999338776593938       0.99999173975400235       0.99999090950055658        3.4999661187047524        2.4999933877531335     
   3.0750000000000002       0.99999313583478799       0.99999137842630270       0.99999056349374293        3.4999647815451600        2.4999931358209628     
   3.1250000000000004       0.99999289037674877       0.99999102295617603       0.99999022374482682        3.4999634726838647        2.4999928903618929     
   3.1750000000000003       0.99999265517180125       0.99999067920652307       0.99998989403871053        3.4999622112185698        2.4999926551559231     
   3.2250000000000001       0.99999243396422821       0.99999035290872129       0.99998957804198563        3.4999610159078962        2.4999924339473583     
   3.2750000000000004       0.99999223037181617       0.99999004952907822       0.99998927924376435        3.4999599047516785        2.4999922303540116     
   3.3250000000000002       0.99999204779655448       0.99998977414640522       0.99998900089558096        3.4999588945851738        2.4999920477778912     
   3.3750000000000004       0.99999188934063077       0.99998953134564039       0.99998874595186793        3.4999580007031628        2.4999918893212048     
   3.4250000000000003       0.99999175772992155       0.99998932513167593       0.99998851701115121        3.4999572365237062        2.4999917577098514     
   3.4750000000000001       0.99999165524609435       0.99998915886642925       0.99998831625747586        3.4999566132968871        2.4999916552255148     
   3.5250000000000004       0.99999158366830121       0.99998903523073168       0.99998814540177627        3.4999561398623174        2.4999915836473647     
   3.5750000000000002       0.99999154422767222       0.99998895621064587       0.99998800562563361        3.4999558224654366        2.4999915442065381     
   3.6250000000000004       0.99999153757991899       0.99998892310600129       0.99998789753271689        3.4999556646490060        2.4999915375587540     
   3.6750000000000003       0.99999156379899590       0.99998893655794197       0.99998782111065010        3.4999556672266738        2.4999915637779635     
   3.7250000000000001       0.99999162239080874       0.99998899659181151       0.99998777570159003        3.4999558283307164        2.4999916223700711     
   3.7750000000000004       0.99999171232681316       0.99998910267091279       0.99998775998180145        3.4999561435293636        2.4999917123065285     
   3.8250000000000002       0.99999183209898801       0.99998925375619041       0.99998777195346134        3.4999566060157088        2.4999918320792940     
   3.8750000000000004       0.99999197979239840       0.99998944836766979       0.99998780894504602        3.4999572068509575        2.4999919797734180     
   3.9250000000000003       0.99999215316528933       0.99998968464462390       0.99998786760720604        3.4999579352206958        2.4999921531471290     
   3.9750000000000001       0.99999234972921103       0.99998996040165811       0.99998794389293633        3.4999587786714530        2.4999923497119552     
   4.0249999999999995       0.99999256682851234       0.99999027317791489       0.99998803301863215        3.4999597233197033        2.4999925668122276     
   4.0750000000000002       0.99999280171849592       0.99999062027764685       0.99998812940141257        3.4999607540251390        2.4999928017032258     
   4.1250000000000000       0.99999305163445995       0.99999099880251363       0.99998822655788133        3.4999618544943392        2.4999930516202267     
   4.1749999999999998       0.99999331383738643       0.99999140567803013       0.99998831694051282        3.4999630072578194        2.4999933138241865     
   4.2249999999999996       0.99999358562223040       0.99999183767763489       0.99998839168634679        3.4999641934635282        2.4999935856100404     
   4.2749999999999995       0.99999386428216286       0.99999229144746893       0.99998844025797728        3.4999653924532179        2.4999938642709334     
   4.3250000000000002       0.99999414703103862       0.99999276353405242       0.99998844996173064        3.4999665811144709        2.4999941470206868     
   4.3750000000000000       0.99999443089315265       0.99999325041621179       0.99998840532819866        3.4999677330175603        2.4999944308835551     
   4.4249999999999998       0.99999471257992545       0.99999374854067236       0.99998828734291711        3.4999688173734356        2.4999947125708948     
   4.4749999999999996       0.99999498838881395       0.99999425435772860       0.99998807252321764        3.4999697978935416        2.4999949883800738     
   4.5249999999999995       0.99999525416766355       0.99999476435167911       0.99998773183788447        3.4999706316507870        2.4999952541587920     
   4.5750000000000002       0.99999550538194393       0.99999527506124808       0.99998722945189122        3.4999712680128261        2.4999955053722971     
   4.6250000000000000       0.99999573731023927       0.99999578308654968       0.99998652125767862        3.4999716476690472        2.4999957372988204     
   4.6749999999999998       0.99999594537579684       0.99999628508141347       0.99998555312894122        3.4999717017055998        2.4999959453610527     
   4.7249999999999996       0.99999612559411355       0.99999677773417073       0.99998425879709241        3.4999713505816690        2.4999961255736012     
   4.7750000000000004       0.99999627508573363       0.99999725774508308       0.99998255721143525        3.4999705027491617        2.4999962750555946     
   4.8250000000000002       0.99999639257807527       0.99999772181281577       0.99998034920836432        3.4999690525631237        2.4999963925322386     
   4.8750000000000000       0.99999647880188536       0.99999816664522956       0.99997751328085727        3.4999668770533803        2.4999964787307958     
   4.9249999999999998       0.99999653668852972       0.99999858900966265       0.99997390021892163        3.4999638311089081        2.4999965365772225     
   4.9749999999999996       0.99999657130572461       0.99999898583331381       0.99996932639936065        3.4999597407079523        2.4999965711308758     
   5.0250000000000004       0.99999658951743808       0.99999935435706921       0.99996356552238619        3.4999543939592535        2.4999965892428921     
   5.0750000000000002       0.99999659939820118       0.99999969233872310       0.99995633859912436        3.4999475298302323        2.4999965989682655     
   5.1250000000000000       0.99999660947285607       0.99999999829447161       0.99994730199476023        3.4999388245336522        2.4999966088022787     
   5.1749999999999998       0.99999662788568155        1.0000002717627647       0.99993603333121195        3.4999278756212253        2.4999966268448568     
   5.2249999999999996       0.99999666160631806        1.0000005135751393       0.99992201502559352        3.4999141838144334        2.4999966599995891     
   5.2750000000000004       0.99999671575019433        1.0000007261238655       0.99990461517649631        3.4998971324701116        2.4999967132843506     
   5.3250000000000002       0.99999679305497224        1.0000009136224364       0.99988306544074435        3.4998759644252742        2.4999967892938431     
   5.3750000000000000       0.99999689353437937        1.0000010823595091       0.99985643549570402        3.4998497558734596        2.4999968878339756     
   5.4249999999999998       0.99999701432178745        1.0000012409493695       0.99982360364401257        3.4998173868679929        2.4999970057383809     
   5.4749999999999996       0.99999714970639730        1.0000014005836182       0.99978322307238487        3.4997775079826221        2.4999971368674596     
   5.5250000000000004       0.99999729136426030        1.0000015752894760       0.99973368324409606        3.4997285026300577        2.4999972722888164     
   5.5750000000000002       0.99999742880322018        1.0000017821989866       0.99967306590388483        3.4996684445836905        2.4999974006540486     
   5.6250000000000000       0.99999755004213875        1.0000020418336815       0.99959909516364975        3.4995950502470512        2.4999975087869806     
   5.6749999999999998       0.99999764250040801        1.0000023784158811       0.99950908108404124        3.4995056250668846        2.4999975824530263     
   5.7249999999999996       0.99999769402732952        1.0000028202260678       0.99939985613420035        3.4993970033574673        2.4999976072320629     
   5.7750000000000004       0.99999769399299920        1.0000034000292437       0.99926770395071707        3.4992654808432615        2.4999975694085719     
   5.8250000000000002       0.99999763434369604        1.0000041555961987       0.99910827985495010        3.4991067392441777        2.4999974567735657     
   5.8750000000000000       0.99999751047900776        1.0000051303506938       0.99891652260002328        3.4989157621595890        2.4999972591856534     
   5.9249999999999998       0.99999732182366308        1.0000063741693381       0.99868655692733199        3.4986867416876732        2.4999969687518102     
   5.9749999999999996       0.99999707204591581        1.0000079443472965       0.99841158672989783        3.4984129756644076        2.4999965795636969     
   6.0250000000000004       0.99999676890205069        1.0000099067330832       0.99808377880114185        3.4980867557092692        2.4999960869515476     
   6.0750000000000002       0.99999642367997299        1.0000123370238709       0.99769413731902234        3.4976992464926111        2.4999954862162754     
   6.1250000000000000       0.99999605026735972        1.0000153221847585       0.99723236951831407        3.4972403571620765        2.4999947708708810     
   6.1749999999999998       0.99999566389501393        1.0000189619243569       0.99668674333903906        3.4966986063829699        2.4999939304779737     
   6.2249999999999996       0.99999527952068989        1.0000233701371046       0.99604393808353242        3.4960609826347309        2.4999929481188001     
   6.2750000000000004       0.99999490976670791        1.0000286761955706       0.99528888944051774        3.4953128017593298        2.4999917974913166     
   6.3250000000000002       0.99999456236582374        1.0000350259469255       0.99440463072209373        3.4944375644843060        2.4999904396430632     
   6.3750000000000000       0.99999423704853541        1.0000425822622621       0.99337213259258750        3.4934168171523732        2.4999888192315773     
   6.4249999999999998       0.99999392172374013        1.0000515249876374       0.99217014392852321        3.4922300191820721        2.4999868600058290     
   6.4749999999999996       0.99999358778887271        1.0000620500970103       0.99077503692210223        3.4908544213987458        2.4999844591406104     
   6.5250000000000004       0.99999318433523876        1.0000743677118087       0.98916066002093817        3.4892649600148347        2.4999814801662121     
   6.5750000000000002       0.99999263073218536        1.0000886983916433       0.98729820262031820        3.4874341712460772        2.4999777445109777     
   6.6250000000000000       0.99999180667682297        1.0001052666822035       0.98515607577131636        3.4853321317286245        2.4999730222447649     
   6.6749999999999998       0.99999053837564422        1.0001242903907159       0.98269981371061099        3.4829264302706506        2.4999670233548583     
   6.7249999999999996       0.99998857912183448        1.0001459636298751       0.97989200176566549        3.4801821767502359        2.4999593913060423     
   6.7750000000000004       0.99998558242728752        1.0001704315766868       0.97669223731437793        3.4770620544306974        2.4999497002139766     
   6.8250000000000002       0.99998106636968553        1.0001977553939820       0.97305713203372157        3.4735264228394023        2.4999374552127880     
   6.8750000000000000       0.99997436891662073        1.0002278670116649       0.96894036513987181        3.4695334788846339        2.4999220921915466     
   6.9249999999999998       0.99996459549500205        1.0002605152971658       0.96429279793031353        3.4650394832552109        2.4999029684668028     
   6.9749999999999996       0.99995056156128292        1.0002952069708173       0.95906265896601772        3.4599990569177352        2.4998793316626928     
   7.0250000000000004       0.99993073349091843        1.0003311465052722       0.95319580604888487        3.4543655479053412        2.4998502522003667     
   7.0750000000000002       0.99990316973733551        1.0003671781405343       0.94663606590788207        3.4480914613653413        2.4998145075264842     
   7.1250000000000000       0.99986546049977365        1.0004017293487415       0.93932564687441555        3.4411289376666065        2.4997704148956870     
   7.1749999999999998       0.99981465853293905        1.0004327488502647       0.93120561654049672        3.4334302568200510        2.4997156232476847     
   7.2249999999999996       0.99974718772185400        1.0004576252053163       0.92221643817909393        3.4249483447156033        2.4996468894692687     
   7.2750000000000004       0.99965871224948688        1.0004730668661730       0.91229856812324672        3.4156372591663855        2.4995598737385754     
   7.3250000000000002       0.99954395045471656        1.0004749245616380       0.90139313017192157        3.4054526407331944        2.4994489860147224     
   7.3750000000000000       0.99939642536323614        1.0004579441715382       0.88944269766740591        3.3943521207817846        2.4993072971731314     
   7.4249999999999998       0.99920815747441416        1.0004154524085411       0.87639222226300251        3.3822956818715690        2.4991264962704896     
   7.4749999999999996       0.99896932078494527        1.0003389948070969       0.86219014434744701        3.3692459592872481        2.4988968402261804     
   7.5250000000000004       0.99866789388618049        1.0002179591475757       0.84678970114107399        3.3551684560837236        2.4986070193686887     
   7.5750000000000002       0.99828933822982013        1.0000392206312207       0.83015041864353667        3.3400316213935235        2.4982438665803901     
   7.6250000000000000       0.99781632306074763       0.99978683424777959       0.81223974338257943        3.3238067221144578        2.4977918751426325     
   7.6749999999999998       0.99722849467714769       0.99944177750919738       0.79303475178585781        3.3064674309633975        2.4972325515644198     
   7.7249999999999996       0.99650226590293789       0.99898172227619231       0.77252387736579453        3.2879890647707999        2.4965436909478038     
   7.7750000000000004       0.99561059167160026       0.99838080009468866       0.75070861844644821        3.2683474359355578        2.4956986954636489     
   7.8250000000000002       0.99452270609505788       0.99760933059366474       0.72760522087872204        3.2475173202531309        2.4946660428339231     
   7.8750000000000000       0.99320382348080638       0.99663350745939416       0.70324635296623283        3.2254705838824465        2.4934089550363701     
   7.9249999999999998       0.99161483921024707       0.99541507100581361       0.67768278806188520        3.2021740422048062        2.4918852457361216     
   7.9749999999999996       0.98971209065356036       0.99391102428439604       0.65098507967226005        3.1775871423334205        2.4900472768122479     
   8.0250000000000004       0.98744724164925524       0.99207345815605663       0.62324516364403082        3.1516595730228314        2.4878419559926543     
   8.0749999999999993       0.98476733676158978       0.98984953783743368       0.59457777174110038        3.1243289205043108        2.4852107567107184     
   8.1250000000000000       0.98161504612043637       0.98718167936201739       0.56512151152464907        3.0955185178001279        2.4820898079149609     
   8.1750000000000007       0.97792910340758166       0.98400792464279407       0.53503946822580528        3.0651356790300834        2.4784101461089230     
   8.2249999999999996       0.97364493667164753       0.98026251830398303       0.50451920829891250        3.0330705581498547        2.4740982216602974     
   8.2750000000000004       0.96869550168736374       0.97587669657338982       0.47377209474024429        2.9991959100417862        2.4690767150253969     
   8.3249999999999993       0.96301233927948049       0.97077970843043349       0.44303184351465746        2.9633680459231773        2.4632656738779595     
   8.3750000000000000       0.95652688029226718       0.96490009234071694       0.41255225075803348        2.9254292534223398        2.4565839519972923     
   8.4250000000000007       0.94917201333533696       0.95816722615242944       0.38260401181149178        2.8852118990948075        2.4489509188122116     
   8.4749999999999996       0.94088391643423075       0.95051315654164459       0.35347055711860947        2.8425443563446731        2.4402884014733841     
   8.5250000000000004       0.93160413820945931       0.94187470063602929       0.32544286749514129        2.7972588060088217        2.4305228064850231     
   8.5749999999999993       0.92128189736312183       0.93219579606656944       0.29881331210660533        2.7492008400613384        2.4195873488195430     
   8.6250000000000000       0.90987654717271982       0.92143005097422370       0.27386866426131495        2.6982406500838190        2.4074243056040943     
   8.6750000000000007       0.89736012520192254       0.90954341221106005       0.25088256775252393        2.6442854055753275        2.3939872173533687     
   8.7249999999999996       0.88371988708781368       0.89651684501641116       0.23010782426167584        2.5872922627743478        2.3792429809961044     
   8.7750000000000004       0.86896070030598338       0.88234889111999604       0.21176890961033207        2.5272812587280145        2.3631737894083473     
   8.8249999999999993       0.85310717179684203       0.86705796719759853       0.19605513549700559        2.4643472536415274        2.3457788880225015     
   8.8750000000000000       0.83620537999873634       0.85068426949522291       0.18311483771627007        2.3986700338971811        2.3270761269339486     
   8.9250000000000007       0.81832407927524276       0.83329114773069946       0.17305092126862570        2.3305216934387105        2.3071032961997102     
   8.9749999999999996       0.79955526245388109       0.81496583427238822       0.16591805859434303        2.2602705600772404        2.2859192605321232     
   9.0250000000000004       0.78001397818272578       0.79581942140984885       0.16172177408395283        2.1883810753664594        2.2636049079414859     
   9.0749999999999993       0.75983733422746458       0.77598601959919022       0.16041958396962985        2.1154092960114768        2.2402639160535536     
   9.1250000000000000       0.73918268163227452       0.75562107584325300       0.16192428873985076        2.0419940358139974        2.2160233292525917     
   9.1750000000000007       0.71822500071830364       0.73489887253762276       0.16610936903441115        1.9688439146055527        2.1910338763772184     
   9.2249999999999996       0.69715359515040820       0.71400929615286324       0.17281634233415344        1.8967210351618893        2.1654699761869538     
   9.2750000000000004       0.67616822358488626       0.69315398929900929       0.18186376112326202        1.8264222352012238        2.1395293551707164     
   9.3249999999999993       0.65547483364796455       0.67254204958953256       0.19305739211954892        1.7587591194367009        2.1134322231388034     
   9.3750000000000000       0.63528109990960080       0.65238547091679266       0.20620100188263912        1.6945382447280575        2.0874199879808137     
   9.4250000000000007       0.61579197953019893       0.63289453010679120       0.22110707383603795        1.6345427956702934        2.0617534867866305     
   9.4749999999999996       0.59720549192960704       0.61427335747854417       0.23760679429677206        1.5795169399318127        2.0367106609490895     
   9.5250000000000004       0.57970890240578465       0.59671589672875736       0.25555864151296642        1.5301536742347230        2.0125835067246518     
   9.5750000000000011       0.56347557473750531       0.58040246897974024       0.27485521108418925        1.4870869451416269        1.9896742257947537     
   9.6250000000000000       0.54866250182820697       0.56549707269015914       0.29542783852852728        1.4508878118315518        1.9682901987828902     
   9.6750000000000007       0.53540864171070757       0.55214549482118136       0.31724890687858864        1.4220644796691380        1.9487377024761887     
   9.7249999999999996       0.52383407668621773       0.54047423704522368       0.34033193543982032        1.4010656248988229        1.9313144008218277     
   9.7750000000000004       0.51403982627916389       0.53059016207878928       0.36472937154596297        1.3882857103008641        1.9163006592352776     
   9.8250000000000011       0.50610820610039020       0.52258071642306025       0.39052834855156304        1.3840711908712056        1.9039501315729552     
   9.8750000000000000       0.50010359677163085       0.51651450831233314       0.41784459524600370        1.3887263193298716        1.8944802932686733     
   9.9250000000000007       0.49607331192433124       0.51244211965353670       0.44681466493619476        1.4025170706632233        1.8880635100948724     
   9.9749999999999996       0.49404842452719577       0.51039685782366118       0.47758673306969079        1.4256720124217606        1.8848194976740205     
   10.025000000000000       0.49404431757953982       0.51039519725334404       0.51031012417088184        1.4583789047702171        1.8848097785886466     
   10.075000000000001       0.49606112247003381       0.51243731446047547       0.54512435738549447        1.5007779886918782        1.8880351087067100     
   10.125000000000000       0.50008347599207992       0.51650681090180539       0.58214814984091523        1.5529503646539591        1.8944351452387274     
   10.175000000000001       0.50608040463379633       0.52257045271418068       0.62146773844332626        1.6149028907121517        1.9038914972914780     
   10.225000000000000       0.51400465714623012       0.53057763855368045       0.66312512696833925        1.6865490013350737        1.9162329665131428     
   10.275000000000000       0.52379186398092936       0.54045967454963739       0.70710712070130133        1.7676875078458518        1.9312428484763682     
   10.325000000000001       0.53535971385669445       0.55212901907641376       0.75333581668146854        1.8579812967369851        1.9486676561251315     
   10.375000000000000       0.54860723476925011       0.56547871393070348       0.80166105965606782        1.9569377602263378        1.9682263969583984     
   10.425000000000001       0.56341445192993400       0.58038220641684468       0.85185561380457853        2.0638934795766626        1.9896198811413481     
   10.475000000000000       0.57964256681010384       0.59669374326944569       0.90361355328753912        2.1780052312641676        2.0125395105518886     
   10.525000000000000       0.59713484161657793       0.61424942097839474       0.95655232677604696        2.2982492354904869        2.0366752723705113     
   10.575000000000001       0.61571811345320293       0.63286902533545319        1.0102183892641572        2.4234293018966895        2.0617224634674498     
   10.625000000000000       0.63520523153735364       0.65235864368451180        1.0640968062490197        2.5521953600171843        2.0873874016406408     
   10.675000000000001       0.65539812182365287       0.67251403120068520        1.1176240921528868        2.6830711534052729        2.1133917032455267     
   10.725000000000000       0.67609156017624783       0.69312461551216809        1.1702040541571250        2.8144907156161225        2.1394754348110174     
   10.775000000000000       0.69707743602284244       0.71397796171559258        1.2212258676971093        2.9448417746881397        2.1653992004074305     
   10.825000000000001       0.71814929609263567       0.73486448390272563        1.2700834634922638        3.0725137646989742        2.1909453809063018     
   10.875000000000000       0.73910692699247127       0.75558212111895262        1.3161952120716380        3.1959477160222436        2.2159187822518511     
   10.925000000000001       0.75976070467960866       0.77594075587106892        1.3590228146162426        3.3136850639959201        2.2401468897719772     
   10.975000000000000       0.77993555655510294       0.79576613498160953        1.3980884878572883        3.4244127533761457        2.2634799937650096     
   11.025000000000000       0.79947424795695721       0.81490310967510726        1.4329893042551960        3.5270014852665388        2.2857911421810542     
   11.075000000000001       0.81823996819931033       0.83321809564193250        1.4634082144852960        3.6205355117950493        2.3069760456551336     
   11.125000000000000       0.83611808020207912       0.85060067862055855        1.4891211270515332        3.7043321418274848        2.3269528129206676     
   11.175000000000001       0.85301705461323118       0.86696436702613722        1.5100000015556714        3.7779505729112266        2.3456614924787558     
   11.225000000000000       0.86886858597830963       0.88224652235361911        1.5260119681936943        3.8411900037624731        2.3630633434735375     
   11.275000000000000       0.88362698204600532       0.89640755032763497        1.5372149179639782        3.8940781255519816        2.3791398406846764     
   11.325000000000001       0.89726790027140546       0.90942945213903437        1.5437500546531544        3.9368513410931540        2.3938913799582382     
   11.375000000000000       0.90978658026489945       0.92131387143869614        1.5458321717423433        3.9699287646638002        2.4073357026509217     
   11.425000000000001       0.92119570640794379       0.93207978922712642        1.5437383881034725        3.9938820448071235        2.4195060319772677     
   11.475000000000000       0.93152305113944500       0.94176101515175892        1.5377960833020461        4.0094031015705101        2.4304489679706354     
   11.525000000000000       0.94080901039495168       0.95040359553799925        1.5283706128412204        4.0172715261008154        2.4402222261862625     
   11.575000000000001       0.94910411625953939       0.95806322694807644        1.5158532543696399        4.0183230811358781        2.4488923510863025     
   11.625000000000000       0.95646659574140203       0.96480274740098837        1.5006497416251952        4.0134204424708884        2.4565325251415562     
   11.675000000000001       0.96296004634751609       0.97068977252386524        1.4831696982472375        4.0034270579972357        2.4632205237335576     
   11.725000000000000       0.96865131415312256       0.97579455769127399        1.4638172724018830        3.9891848083887038        2.4690367900213017     
   11.775000000000000       0.97360865140363861       0.98018815707203810        1.4429832048062730        3.9714958820547928        2.4740625765884179     
   11.825000000000001       0.97790018982195059       0.98394091275966011        1.4210384279843506        3.9511089492390519        2.4783781543012506     
   11.875000000000000       0.98159270929923237       0.98712125387622307        1.3983291374474109        3.9287094037608403        2.4820611852939241     
   11.925000000000001       0.98475064142483004       0.98979474422191949        1.3751731672854208        3.9049132199273888        2.4851854148960273     
   11.975000000000000       0.98743524825936668       0.99202331630681950        1.3518574931664884        3.8802639075148226        2.4878198006656529     
   12.025000000000000       0.98970395178368198       0.99386466222601189        1.3286367488708983        3.8552320865245595        2.4900280762953009     
   12.075000000000001       0.99160983294360672       0.99537179305471279        1.3057327140353538        3.8302172753574535        2.4918686222961375     
   12.125000000000000       0.99320133870701055       0.99659279844272664        1.2833347444114178        3.8055515151048458        2.4933944629379137     
   12.175000000000001       0.99452221473521207       0.99757082074368186        1.2616010515721860        3.7815044065497752        2.4946532543507214     
   12.225000000000000       0.99561163306416323       0.99834421271454654        1.2406606356521803        3.7582890543731708        2.4956872343187575     
   12.275000000000000       0.99650445121905518       0.99894682797303869        1.2206156094720297        3.7360684361411081        2.4965332135408889     
   12.325000000000001       0.99723151975480739       0.99940836493649543        1.2015436415975849        3.7149617348618644        2.4972227190130605     
   12.375000000000000       0.99781995203331619       0.99975465962590992        1.1835003025028707        3.6950501990597604        2.4977823392892571     
   12.425000000000001       0.99829340222820218        1.0000080271713734        1.1665213272391006        3.6763827836261127        2.4982343325471579     
   12.475000000000000       0.99867225026917905        1.0001875235348641        1.1506248735352835        3.6589812323035131        2.4985972989976251     
   12.525000000000000       0.99897383256022643        1.0003091535557609        1.1358136134052446        3.6428446345572256        2.4988869038388968     
   12.575000000000001       0.99921268940364905        1.0003861380441808        1.1220767244601200        3.6279534871555619        2.4991164732134807     
   12.625000000000000       0.99940085771142617        1.0004292122082870        1.1093919493210929        3.6142734652526856        2.4992974206244485     
   12.675000000000001       0.99954820232394748        1.0004469598616743        1.0977276602698034        3.6017588712397983        2.4994395088777761     
   12.725000000000000       0.99966276050803238        1.0004461633430806        1.0870448374591684        3.5903556939178962        2.4995509923289152     
   12.775000000000000       0.99975107106385819        1.0004321406399050        1.0772988779511805        3.5800042305822251        2.4996387036224288     
   12.825000000000001       0.99981846405174835        1.0004090445045595        1.0684411818797943        3.5706412575729192        2.4997081414917535     
   12.875000000000000       0.99986929798694746        1.0003801090955111        1.0604204982442895        3.5622017726420268        2.4997635933782543     
   12.925000000000001       0.99990714308593154        1.0003478415479377        1.0531840430803621        3.5546203601677826        2.4998083001607627     
   12.975000000000000       0.99993491819500990        1.0003141653095684        1.0466784207956104        3.5478322439370964        2.4998446498873466     
   13.025000000000000       0.99995499353916573        1.0002805269804815        1.0408503847121009        3.5417740922740535        2.4998743774840686     
   13.075000000000001       0.99996927160898275        1.0002479789320988        1.0356474687908948        3.5363846311606264        2.4998987476374772     
   13.125000000000000       0.99997925579190616        1.0002172475502618        1.0310185139649009        3.5316051079720738        2.4999187049949994     
   13.175000000000001       0.99998611252857339        1.0001887933027134        1.0269141037046878        3.5273796358440208        2.4999349852113557     
   13.225000000000000       0.99999072927671850        1.0001628654028085        1.0232869169547925        3.5236554389571544        2.4999481886927297     
   13.275000000000000       0.99999376819276808        1.0001395514397153        1.0200920032206531        3.5203830128563354        2.4999588242395108     
   13.325000000000001       0.99999571436407431        1.0001188211740688        1.0172869839052892        3.5175162107961917        2.4999673318111895     
   13.375000000000000       0.99999691738434127        1.0001005635418077        1.0148321849416795        3.5150122659765177        2.4999740930444090     
   13.425000000000001       0.99999762562313010        1.0000846163663666        1.0126907072651012        3.5128317593427161        2.4999794360919645     
   13.475000000000000       0.99999801327776316        1.0000707889513452        1.0108284429444190        3.5109385426047601        2.4999836388917895     
   13.525000000000000       0.99999820092142389        1.0000588783228197        1.0092140454609699        3.5092996258541094        2.4999869328521100     
   13.575000000000001       0.99999827063780988        1.0000486802641770        1.0078188626337190        3.5078850385095017        2.4999895074837095     
   13.625000000000000       0.99999827694805365        1.0000399964078948        1.0066168401793552        3.5066676713592946        2.4999915157377246     
   13.675000000000001       0.99999825465079406        1.0000326385645186        1.0055844030726753        3.5056231063247871        2.4999930795538683     
   13.725000000000000       0.99999822449692333        1.0000264312570375        1.0047003209241989        3.5047294393830186        2.4999942951734235     
   13.775000000000000       0.99999819738401563        1.0000212131662602        1.0039455626500060        3.5039671009642861        2.4999952379382333     
   13.825000000000001       0.99999817753564413        1.0000168379392322        1.0033031448442147        3.5033186771455176        2.4999959664627389     
   13.875000000000000       0.99999816495586491        1.0000131746050074        1.0027579775030582        3.5027687341282858        2.4999965261777670     
   13.925000000000001       0.99999815732681319        1.0000101076956283        1.0022967100898401        3.5023036478267269        2.4999969522967471     
   13.975000000000000       0.99999815144269466        1.0000075370847394        1.0019075803601041        3.5019114398855300        2.4999972722647921     
   14.025000000000000       0.99999814423531908        1.0000053775213975        1.0015802678717642        3.5015816210781825        2.4999975077413339     
   14.075000000000001       0.99999813343259070        1.0000035578375510        1.0013057536740706        3.5013050427717216        2.4999976761552198     
   14.125000000000000       0.99999811789143556        1.0000020198292923        1.0010761872934839        3.5010737569557309        2.4999977918661211     
   14.175000000000001       0.99999809765274583        1.0000007168418201        1.0008847618080905        3.5008808851930038        2.4999978669690766     
   14.225000000000000       0.99999807377318384       0.99999961211733734        1.0007255975209053        3.5007204967369470        2.4999979117878115     
   14.275000000000000       0.99999804799435432       0.99999867698885458        1.0005936345031909        3.5005874959625483        2.4999979351127517     
   14.325000000000001       0.99999802231288903       0.99999788901893261        1.0004845340785282        3.5004775191663891        2.4999979442484368     
   14.375000000000000       0.99999799851490223       0.99999723019012343        1.0003945891535799        3.5003868407024656        2.4999979449397758     
   14.425000000000001       0.99999797773496502       0.99999668525319596        1.0003206431684342        3.5003122883322644        2.4999979412465922     
   14.475000000000000       0.99999796009310793       0.99999624032999823        1.0002600173340261        3.5002511675772165        2.4999979354307711     
   14.525000000000000       0.99999794445325685       0.99999588184988830        1.0002104457422600        3.5002011947671066        2.4999979279102411     
   14.575000000000001       0.99999792833308609       0.99999559587245157        1.0001700178722051        3.5001604383786669        2.4999979173199107     
   14.625000000000000       0.99999790797897936       0.99999536781612974        1.0001371279699578        3.5001272681553441        2.4999979007020467     
   14.675000000000001       0.99999787860175038       0.99999518257521836        1.0001104307483057        3.5001003113975306        2.4999978738292294     
   14.725000000000000       0.99999783475079407       0.99999502497062309        1.0000888028340296        3.5000784157208704        2.4999978316437792     
   14.775000000000000       0.99999777078866137       0.99999488044739493        1.0000713093854461        3.5000606175095248        2.4999977687805721     
   14.825000000000001       0.99999768141665502       0.99999473590901933        1.0000571753103582        3.5000461152518403        2.4999976801279975     
   14.875000000000000       0.99999756219675784       0.99999458056795043        1.0000457605349085        3.5000342469453360        2.4999975613754080     
   14.925000000000001       0.99999741001635056       0.99999440669545081        1.0000365388055108        3.5000244707984036        2.4999974094961637     
   14.975000000000000       0.99999722344962860       0.99999421017070933        1.0000290795473872        3.5000163485341824        2.4999972231219862     
   15.025000000000000       0.99999700298182637       0.99999399075672057        1.0000230323511781        3.5000095307092036        2.4999970027762806     
   15.075000000000001       0.99999675107769326       0.99999375206452756        1.0000181137108961        3.5000037435841009        2.4999967509489029     
   15.125000000000000       0.99999647209193010       0.99999350120340558        1.0000140956886789        3.4999987772130599        2.4999964720109245     
   15.175000000000001       0.99999617203456337       0.99999324814809210        1.0000107962317732        3.4999944745405465        2.4999961719829740     
   15.225000000000000       0.99999585821693182       0.99999300488169651        1.0000080709125232        3.4999907213985981        2.4999958581831798     
   15.275000000000000       0.99999553881297654       0.99999278439219574        1.0000058059014996        3.4999874373793851        2.4999955387898218     
   15.325000000000001       0.99999522237557781       0.99999259961048048        1.0000039120166095        3.4999845676130077        2.4999952223585304     
   15.375000000000000       0.99999491734868151       0.99999246237891892        1.0000023197169998        3.4999820755101698        2.4999949173349840     
   15.425000000000001       0.99999463161340807       0.99999238253234080        1.0000009749304279        3.4999799365357380        2.4999946316013895     
   15.475000000000000       0.99999437210080189       0.99999236715979312       0.99999983561706873        3.4999781330661626        2.4999943720894895     
   15.525000000000000       0.99999414449612023       0.99999242009713307       0.99999886898262047        3.4999766503558343        2.4999941444849663     
   15.575000000000001       0.99999395305035765       0.99999254167935336       0.99999804925998426        3.4999754735999131        2.4999939530390880     
   15.625000000000000       0.99999380050501119       0.99999272875937095       0.99999735598298123        3.4999745860387241        2.4999938004935265     
   15.675000000000001       0.99999368812660649       0.99999297497855999       0.99999677267847842        3.4999739680067097        2.4999936881149103     
   15.725000000000000       0.99999361583886714       0.99999327125519843       0.99999628590570289        3.4999735967906074        2.4999936158270240     
   15.775000000000000       0.99999358243327108       0.99999360644172497       0.99999588457427713        3.4999734471311239        2.4999935824213795     
   15.825000000000001       0.99999358583354958       0.99999396809123520       0.99999555947611540        3.4999734921825603        2.4999935858217230     
   15.875000000000000       0.99999362338696907       0.99999434326874082       0.99999530297142702        3.4999737047382702        2.4999936233753175     
   15.925000000000001       0.99999369215510581       0.99999471934340023       0.99999510877577680        3.4999740585368948        2.4999936921437391     
   15.975000000000000       0.99999378917924342       0.99999508470400611       0.99999497180348518        3.4999745294847240        2.4999937891682547     
   16.025000000000002       0.99999391170006680       0.99999542935042918       0.99999488803215897        3.4999750966609242        2.4999939116895402     
   16.075000000000003       0.99999405731728164       0.99999574532743973       0.99999485436312652        3.4999757430108316        2.4999940573072852     
   16.125000000000004       0.99999422408154837       0.99999602698274193       0.99999486846244301        3.4999764556748465        2.4999942240721449     
   16.175000000000001       0.99999441051796190       0.99999627104667410       0.99999492857631611        3.4999772259422395        2.4999944105091991     
   16.225000000000001       0.99999461558660530       0.99999647654542689       0.99999503332274275        3.4999780488574084        2.4999946155785202     
   16.275000000000002       0.99999483859095895       0.99999664457159809       0.99999518146746591        3.4999789225374132        2.4999948385835808     
   16.325000000000003       0.99999507904872753       0.99999677794460196       0.99999537169670916        3.4999798472821833        2.4999950790420788     
   16.375000000000004       0.99999533654155537       0.99999688079853954       0.99999560240126739        3.4999808245707635        2.4999953365356484     
   16.425000000000001       0.99999561056038133       0.99999695813645650       0.99999587148670899        3.4999818560391658        2.4999956105552190     
   16.475000000000001       0.99999590036182462       0.99999701538787611       0.99999617622280268        3.4999829425282822        2.4999959003573995     
   16.525000000000002       0.99999620484849705       0.99999705800161043       0.99999651314236182        3.4999840832763245        2.4999962048447921     
   16.575000000000003       0.99999652248273885       0.99999709109893131       0.99999687799583103        3.4999852753109155        2.4999965224797265     
   16.625000000000004       0.99999685123950544       0.99999711920406109       0.99999726576367309        3.4999865130741727        2.4999968512371442     
   16.675000000000001       0.99999718860023856       0.99999714606054857       0.99999767072434487        3.4999877882917545        2.4999971885984822     
   16.725000000000001       0.99999753158610849       0.99999717453411119       0.99999808657186118        3.4999890900763404        2.4999975315848944     
   16.775000000000002       0.99999787682595587       0.99999720659564584       0.99999850657378064        3.4999904052385062        2.4999978768252147     
   16.825000000000003       0.99999822065207444       0.99999724337277729       0.99999892375825949        3.4999917187647727        2.4999982206517335     
   16.875000000000004       0.99999855921549563       0.99999728525469067       0.99999933111756056        3.4999930144141569        2.4999985592154772     
   16.925000000000001       0.99999888861180408       0.99999733203321461       0.99999972181515284        3.4999942753808986        2.4999988886120312     
   16.975000000000001       0.99999920500875306       0.99999738306296448        1.0000000893843528        3.4999954849722847        2.4999992050091548     
   17.025000000000002       0.99999950476771926       0.99999743742462988        1.0000004279079524        3.4999966272551992        2.4999995047682293     
   17.075000000000003       0.99999978455234872       0.99999749407783622        1.0000007321704198        3.4999976876328058        2.4999997845529083     
   17.125000000000004        1.0000000414192005       0.99999755199306706        1.0000009977765605        3.4999986533217493        2.5000000414197632     
   17.175000000000001        1.0000002728867976       0.99999761025555101        1.0000012212329592        3.4999995137101063        2.5000002728873305     
   17.225000000000001        1.0000004769811066       0.99999766813740543        1.0000013999908604        3.5000002605861069        2.5000004769815827     
   17.275000000000002        1.0000006522570639       0.99999772513743468        1.0000015324514240        3.5000008882370244        2.5000006522574734     
   17.325000000000003        1.0000007977972429       0.99999778099060532        1.0000016179362485        3.5000013934258223        2.5000007977975804     
   17.375000000000004        1.0000009131899039       0.99999783565124600        1.0000016566275889        3.5000017752597112        2.5000009131901750     
   17.425000000000001        1.0000009984895297       0.99999788925539779        1.0000016494838140        3.5000020349692971        2.5000009984897482     
   17.475000000000001        1.0000010541634494       0.99999794206846204        1.0000015981361960        3.5000021756195672        2.5000010541636333     
   17.525000000000002        1.0000010810284214       0.99999799442443460        1.0000015047734232        3.5000022017751000        2.5000010810285880     
   17.575000000000003        1.0000010801811441       0.99999804666262326        1.0000013720201681        3.5000021191416284        2.5000010801813097     
   17.625000000000004        1.0000010529264252       0.99999809906699677        1.0000012028156071        3.5000019342043358        2.5000010529266112     
   17.675000000000001        1.0000010007062108       0.99999815181229934        1.0000010002968946        3.5000016538799978        2.5000010007064284     
   17.725000000000001        1.0000009250320179       0.99999820491997016        1.0000007676915819        3.5000012851964306        2.5000009250322841     
   17.775000000000002        1.0000008274227943       0.99999825822572341        1.0000005082220205        3.5000008350090881        2.5000008274231171     
   17.825000000000003        1.0000007093498451       0.99999831135949890        1.0000002250240851        3.5000003097620720        2.5000007093502243     
   17.875000000000004        1.0000005721902705       0.99999836373754825       0.99999992108193037        3.4999997152985665        2.5000005721907042     
   17.925000000000001        1.0000004171899020       0.99999841456563687       0.99999959917961068        3.4999990567229986        2.5000004171903840     
   17.975000000000001        1.0000002454361618       0.99999846285186411       0.99999926186933374        3.4999983383142537        2.5000002454366803     
   18.025000000000002        1.0000000578407509       0.99999850742732854       0.99999891145513631        3.4999975634867435        2.5000000578412904     
   18.075000000000003       0.99999985513181389       0.99999854697275359       0.99999854999020377        3.4999967347947560        2.4999998551323497     
   18.125000000000004       0.99999963785526680       0.99999858004923170       0.99999817928591062        3.4999958539755651        2.4999996378557685     
   18.175000000000001       0.99999940638504992       0.99999860513135630       0.99999780093072199        3.4999949220270983        2.4999994063854833     
   18.225000000000001       0.99999916094195329       0.99999862064128742       0.99999741631700167        3.4999939393158721        2.4999991609422816     
   18.275000000000002       0.99999890162024341       0.99999862498261494       0.99999702667345669        3.4999929057098598        2.4999989016204207     
   18.325000000000003       0.99999862842085008       0.99999861657321198       0.99999663310064524        3.4999918207298215        2.4999986284208173     
   18.375000000000004       0.99999834128956511       0.99999859387656498       0.99999623660701698        3.4999906837121912        2.4999983412892637     
   18.425000000000001       0.99999804015877036       0.99999855543124361       0.99999583814345772        3.4999894939773890        2.4999980401581339     
   18.475000000000001       0.99999772499138040       0.99999849987824274       0.99999543863501072        3.4999882509987490        2.4999977249903353     
   18.525000000000002       0.99999739582565761       0.99999842598605460       0.99999503900888986        3.4999869545676425        2.4999973958241219     
   18.575000000000003       0.99999705281924878       0.99999833267336347       0.99999464021790130        3.4999856049496865        2.4999970528171329     
   18.625000000000004       0.99999669629041765       0.99999821902934205       0.99999424325830200        3.4999842030259787        2.4999966962876257     
   18.675000000000001       0.99999632675443584       0.99999808433152149       0.99999384918128542        3.4999827504134289        2.4999963267508614     
   18.725000000000001       0.99999594495344157       0.99999792806110377       0.99999345909787274        3.4999812495596117        2.4999959449489730     
   18.775000000000002       0.99999555187862954       0.99999774991554147       0.99999307417757877        3.4999797038094873        2.4999955518731514     
   18.825000000000003       0.99999514878394735       0.99999754981814215       0.99999269564151017        3.4999781174423390        2.4999951487773400     
   18.875000000000004       0.99999473719067500       0.99999732792449714       0.99999232475057254        3.4999764956778581        2.4999947371828126     
   18.925000000000001       0.99999431888246981       0.99999708462558090       0.99999196278936098        3.4999748446507537        2.4999943188732314     
   18.975000000000001       0.99999389589080900       0.99999682054743011       0.99999161104645606        3.4999731713543190        2.4999938958800718     
   19.025000000000002       0.99999347047134268       0.99999653654733889       0.99999127079211692        3.4999714835552140        2.4999934704589899     
   19.075000000000003       0.99999304507215125       0.99999623370660295       0.99999094325458382        3.4999697896831528        2.4999930450580754     
   19.125000000000004       0.99999262229525354       0.99999591331990434       0.99999062959623453        3.4999680987002106        2.4999926222793598     
   19.175000000000004       0.99999220485285201       0.99999557688156582       0.99999033089063560        3.4999664199547418        2.4999922048350567     
   19.225000000000001       0.99999179551976469       0.99999522606900249       0.99999004810122472        3.4999647630246056        2.4999917955000064     
   19.275000000000002       0.99999139708360230       0.99999486272380900       0.99998978206227584        3.4999631375546465        2.4999913970618386     
   19.325000000000003       0.99999101229440601       0.99999448883092601       0.99998953346288899        3.4999615530939541        2.4999910122706139     
   19.375000000000004       0.99999064381562852       0.99999410649634790       0.99998930283485699        3.4999600189388955        2.4999906437898152     
   19.425000000000004       0.99999029417815044       0.99999371792385849       0.99998909054504370        3.4999585439872587        2.4999902941503418     
   19.475000000000001       0.99998996573866117       0.99999332539129970       0.99998889679247549        3.4999571366075823        2.4999899657089140     
   19.525000000000002       0.99998966064327921       0.99999293122689004       0.99998872160991836        3.4999558045260901        2.4999896606116709     
   19.575000000000003       0.99998938079705191       0.99999253778607700       0.99998856486963761        3.4999545547330624        2.4999893807636857     
   19.625000000000004       0.99998912783992655       0.99999214742931397       0.99998842629314033        3.4999533934102853        2.4999891278049318     
   19.675000000000004       0.99998890312955047       0.99999176250108190       0.99998830546464168        3.4999523258805341        2.4999889030930769     
   19.725000000000001       0.99998870773100745       0.99999138531038478       0.99998820184783299        3.4999513565791784        2.4999887076932210     
   19.775000000000002       0.99998854241326240       0.99999101811289803       0.99998811480532557        3.4999504890468969        2.4999885423743473     
   19.825000000000003       0.99998840765198949       0.99999066309482665       0.99998804362020943        3.4999497259421539        2.4999884076121406     
   19.875000000000004       0.99998830363834612       0.99999032235846907       0.99998798751929008        3.4999490690719375        2.4999883035977666     
   19.925000000000004       0.99998823029302586       0.99998999790939158       0.99998794569743676        3.4999485194384219        2.4999882302519256     
   19.975000000000001       0.99998818728456840       0.99998969164509055       0.99998791734212378        3.4999480772979297        2.4999881872431544     
