   7.0710678118654752E-002  0.99998005954138125     
  0.21213203435596428       0.99998062935660004     
  0.35355339059327384       0.99998128700878441     
  0.49497474683058329       0.99998200522558311     
  0.63639610306789285       0.99998275270403103     
  0.77781745930520230       0.99998349502367256     
  0.91923881554251174       0.99998419625756096     
   1.0606601717798214       0.99998482128435706     
   1.2020815280171306       0.99998533809766776     
   1.3435028842544403       0.99998571943408754     
   1.4849242404917500       0.99998594380682837     
   1.6263455967290597       0.99998599659626775     
   1.7677669529663689       0.99998587146414908     
   1.9091883092036785       0.99998557146329836     
   2.0506096654409878       0.99998510902151883     
   2.1920310216782974       0.99998450485908585     
   2.3334523779156067       0.99998378677344169     
   2.4748737341529159       0.99998298894096893     
   2.6162950903902260       0.99998215125710410     
   2.7577164466275352       0.99998131775943000     
   2.8991378028648453       0.99998053403337428     
   3.0405591591021546       0.99997984458679112     
   3.1819805153394647       0.99997929108356109     
   3.3234018715767739       0.99997891109634962     
   3.4648232278140831       0.99997873630104095     
   3.6062445840513924       0.99997878987106636     
   3.7476659402887025       0.99997908416521053     
   3.8890872965260117       0.99997961988952377     
   4.0305086527633218       0.99998038651978749     
   4.1719300090006310       0.99998136269420246     
   4.3133513652379403       0.99998251603888533     
   4.4547727214752495       0.99998380338126280     
   4.5961940777125587       0.99998517255330177     
   4.7376154339498697       0.99998656551069498     
   4.8790367901871781       0.99998792112711532     
   5.0204581464244882       0.99998917674290255     
   5.1618795026617974       0.99999026931798385     
   5.3033008588991066       0.99999113777291526     
   5.4447222151364159       0.99999172693766147     
   5.5861435713737251       0.99999199208736933     
   5.7275649276110361       0.99999190426015794     
   5.8689862838483453       0.99999145925647137     
   6.0104076400856545       0.99999069415100394     
   6.1518289963229638       0.99998971132878489     
   6.2932503525602730       0.99998870123825911     
   6.4346717087975840       0.99998794719521700     
   6.5760930650348932       0.99998779201903298     
   6.7175144212722024       0.99998855048050239     
   6.8589357775095117       0.99999036917799111     
   7.0003571337468209       0.99999306697628643     
   7.1417784899841310       0.99999603124048286     
   7.2831998462214393       0.99999826842087502     
   7.4246212024587503       0.99999866711082608     
   7.5660425586960596       0.99999641812021789     
   7.7074639149333688       0.99999139954947491     
   7.8488852711706780       0.99998429417723600     
   7.9903066274079872       0.99997634332592777     
   8.1317279836452983       0.99996887781588273     
   8.2731493398826075       0.99996291723128294     
   8.4145706961199167       0.99995903855524437     
   8.5559920523572259       0.99995745399819536     
   8.6974134085945352       0.99995807485723298     
   8.8388347648318444       0.99996043117060962     
   8.9802561210691536       0.99996356527040953     
   9.1216774773064628       0.99996614595028943     
   9.2630988335437721       0.99996690686548129     
   9.4045201897810813       0.99996524643877249     
   9.5459415460183941       0.99996165147351712     
   9.6873629022557033       0.99995765007616666     
   9.8287842584930107       0.99995523981473866     
   9.9702056147303217       0.99995601832799452     
   10.111626970967631       0.99996045527648691     
   10.253048327204940       0.99996769106323424     
   10.394469683442249       0.99997586308194686     
   10.535891039679559       0.99998267766899118     
   10.677312395916868       0.99998616591708278     
   10.818733752154177       0.99998591608481968     
   10.960155108391486       0.99998397115877313     
   11.101576464628796       0.99998091072369455     
   11.242997820866105       0.99996027448052216     
   11.384419177103414       0.99985993501142278     
   11.525840533340727       0.99954114579324083     
   11.667261889578032       0.99877093287629160     
   11.808683245815342       0.99721738805216376     
   11.950104602052651       0.99443486879007059     
   12.091525958289960       0.98981957570396684     
   12.232947314527273       0.98255113834093777     
   12.374368670764582       0.97156178646114943     
   12.515790027001891       0.95555329113597720     
   12.657211383239201       0.93309808677282136     
   12.798632739476510       0.90287171832865709     
   12.940054095713819       0.86403571886162411     
   13.081475451951128       0.81668948217835668     
   13.222896808188437       0.76222287543496492     
   13.364318164425747       0.70341024732556867     
   13.505739520663059       0.64418394229430365     
   13.647160876900369       0.58913989275350698     
   13.788582233137678       0.54290861415656477     
   13.930003589374985       0.50954854946585137     
   14.071424945612295       0.49205749570251328     
   14.212846301849606       0.49201748457205918     
   14.354267658086915       0.50941014119389638     
   14.495689014324224       0.54265005488316886     
   14.637110370561533       0.58877723647607927     
   14.778531726798843       0.64376399642760940     
   14.919953083036154       0.70297419779419712     
   15.061374439273463       0.76178386548625010     
   15.202795795510770       0.81625002962718318     
   15.344217151748079       0.86361916910245995     
   15.485638507985389       0.90252159880751415     
   15.627059864222701       0.93284597243864364     
   15.768481220460011       0.95539486249376904     
   15.909902576697320       0.97146165617508851     
   16.051323932934629       0.98246629512273076     
   16.192745289171938       0.98972204721090906     
   16.334166645409248       0.99431988404637495     
   16.475588001646557       0.99709573225466874     
   16.617009357883866       0.99866044950237920     
   16.758430714121175       0.99945891874077408     
   16.899852070358484       0.99981270889779716     
   17.041273426595794       0.99994103207769824     
   17.182694782833103       0.99997417574118252     
   17.324116139070412       0.99997555730143195     
   17.465537495307721       0.99996908962004927     
   17.606958851545031       0.99996143173425922     
   17.748380207782343       0.99995424675235078     
   17.889801564019653       0.99994851592008760     
   18.031222920256962       0.99994511903419836     
   18.172644276494268       0.99994451929224915     
   18.314065632731577       0.99994656046123664     
   18.455486988968893       0.99995049979954254     
   18.596908345206202       0.99995522735264486     
   18.738329701443512       0.99995956947814646     
   18.879751057680821       0.99996248524733622     
   19.021172413918130       0.99996303828446387     
   19.162593770155439       0.99996031439159760     
   19.304015126392748       0.99995363597212605     
   19.445436482630058       0.99994317212613704     
   19.586857838867367       0.99993052221904188     
   19.728279195104676       0.99991863309954665     
   19.869700551341985       0.99991082817085220     
   20.011121907579295       0.99990944299425222     
   20.152543263816604       0.99991490677238004     
   20.293964620053913       0.99992577894576284     
   20.435385976291222       0.99993957798917732     
   20.576807332528531       0.99995380208570617     
   20.718228688765841       0.99996660548734817     
   20.859650045003150       0.99997696838570382     
   21.001071401240459       0.99998452532444648     
   21.142492757477768       0.99998930927712681     
   21.283914113715085       0.99999157389227000     
   21.425335469952390       0.99999171919233198     
   21.566756826189696       0.99999026583599693     
   21.708178182427005       0.99998781740288423     
   21.849599538664314       0.99998498699784677     
   21.991020894901631       0.99998230418479728     
   22.132442251138940       0.99998013692703325     
   22.273863607376249       0.99997865711431588     
   22.415284963613558       0.99997785760756364     
   22.556706319850868       0.99997760779430644     
   22.698127676088177       0.99997772350408398     
   22.839549032325486       0.99997802814926195     
   22.980970388562795       0.99997839118225929     
   23.122391744800105       0.99997874115825924     
   23.263813101037414       0.99997905900802286     
   23.405234457274723       0.99997936066316750     
   23.546655813512032       0.99997967759194983     
   23.688077169749342       0.99998004097029092     
   23.829498525986651       0.99998047195639206     
   23.970919882223960       0.99998097796363850     
   24.112341238461269       0.99998155331636840     
   24.253762594698578       0.99998218220215118     
   24.395183950935888       0.99998284217891520     
   24.536605307173204       0.99998350725555585     
   24.678026663410506       0.99998415027335608     
   24.819448019647819       0.99998474468800924     
   24.960869375885125       0.99998526591374337     
   25.102290732122434       0.99998569234160994     
   25.243712088359750       0.99998600613671740     
   25.385133444597052       0.99998619394481802     
   25.526554800834369       0.99998624757598809     
   25.667976157071671       0.99998616454619682     
   25.809397513308987       0.99998594822840925     
   25.950818869546296       0.99998560749055043     
   26.092240225783605       0.99998515598111037     
   26.233661582020915       0.99998461134505545     
   26.375082938258220       0.99998399447758346     
   26.516504294495533       0.99998332868604423     
   26.657925650732842       0.99998263864823433     
   26.799347006970152       0.99998194932353357     
   26.940768363207461       0.99998128514229834     
   27.082189719444770       0.99998066959017107     
   27.223611075682079       0.99998012490990873     
   27.365032431919389       0.99997967154535083     
   27.506453788156698       0.99997932729306815     
   27.647875144394007       0.99997910650120736     
   27.789296500631323       0.99997901960116153     
   27.930717856868625       0.99997907282152920     
   28.072139213105938       0.99997926766573242     
   28.213560569343244       0.99997960004602415     
