   1.2500000000000000E-003  0.53391821202539147     
   3.7499999999999999E-003  0.53391850713312805     
   6.2499999999999995E-003  0.53391785069197539     
   8.7500000000000008E-003  0.53391532417848131     
   1.1250000000000001E-002  0.53391345522465217     
   1.3750000000000000E-002  0.53390939077173238     
   1.6250000000000001E-002  0.53389449842445813     
   1.8749999999999999E-002  0.53386318908958930     
   2.1249999999999998E-002  0.53380963655439606     
   2.3750000000000000E-002  0.53375555722623380     
   2.6249999999999999E-002  0.53377361957401337     
   2.8749999999999998E-002  0.53387448612867283     
   3.1250000000000000E-002  0.53393154280821464     
   3.3750000000000002E-002  0.53385930080167998     
   3.6249999999999998E-002  0.53373377310508330     
   3.8750000000000000E-002  0.53366051394642466     
   4.1250000000000002E-002  0.53365374253055320     
   4.3749999999999997E-002  0.53365435734925437     
   4.6249999999999999E-002  0.53362699957617499     
   4.8750000000000002E-002  0.53361819717201742     
   5.1249999999999997E-002  0.53366014158612596     
   5.3749999999999999E-002  0.53369348751835288     
   5.6250000000000001E-002  0.53366014346703761     
   5.8749999999999997E-002  0.53357625949229026     
   6.1249999999999999E-002  0.53350123628154367     
   6.3750000000000001E-002  0.53349297858467326     
   6.6250000000000003E-002  0.53353717807526913     
   6.8750000000000006E-002  0.53354675539721408     
   7.1249999999999994E-002  0.53344777135767929     
   7.3749999999999996E-002  0.53331841542518532     
   7.6249999999999998E-002  0.53330394442233375     
   7.8750000000000001E-002  0.53346843987881187     
   8.1250000000000003E-002  0.53365652051892665     
   8.3750000000000005E-002  0.53372292900840201     
   8.6250000000000007E-002  0.53364968615574404     
   8.8749999999999996E-002  0.53345874173084484     
   9.1249999999999998E-002  0.53336680433520478     
   9.3750000000000000E-002  0.53341227288267479     
   9.6250000000000002E-002  0.53354883059925118     
   9.8750000000000004E-002  0.53633989829206852     
  0.10125000000000001       0.54295331741831454     
  0.10375000000000000       0.80240063508755499     
  0.10625000000000000        1.0371134818669996     
  0.10875000000000000        1.0446554217264512     
  0.11125000000000000        1.0458251012911111     
  0.11375000000000000        1.0444475488636413     
  0.11625000000000001        1.0396104525913030     
  0.11874999999999999        1.0348909233404611     
  0.12125000000000000        1.0321949467144165     
  0.12375000000000000        1.0293182712472302     
  0.12625000000000000        1.0275433864997991     
  0.12875000000000000        1.0285681295861986     
  0.13125000000000001        1.0304614936734517     
  0.13375000000000001        1.0281487525108530     
  0.13625000000000001        1.0180272076606292     
  0.13875000000000001       0.99607535569144057     
  0.14125000000000001       0.95075580925225311     
  0.14374999999999999       0.88693040124414313     
  0.14624999999999999       0.80904786845059729     
  0.14874999999999999       0.72347695783254817     
  0.15125000000000000       0.65340310215212305     
  0.15375000000000000       0.63435435658141315     
  0.15625000000000000       0.62766806174051393     
  0.15875000000000000       0.63142252257267095     
  0.16125000000000000       0.63679758234727524     
  0.16375000000000001       0.64058764734494444     
  0.16625000000000001       0.64185406718191440     
  0.16875000000000001       0.64055940521138166     
  0.17125000000000001       0.63897398485427137     
  0.17375000000000002       0.63624910881066965     
  0.17624999999999999       0.63393966872151497     
  0.17874999999999999       0.63192755085033192     
  0.18124999999999999       0.63122371682644962     
  0.18375000000000000       0.63067239993990987     
  0.18625000000000000       0.62935188232257289     
  0.18875000000000000       0.62741318174164784     
  0.19125000000000000       0.62565901625216636     
  0.19375000000000001       0.62441479291016277     
  0.19625000000000001       0.62307818330874576     
  0.19875000000000001       0.62133430843160598     
  0.20125000000000001       0.61936522328499044     
  0.20375000000000001       0.61738639191357736     
  0.20625000000000002       0.61530788672759695     
  0.20874999999999999       0.61320482897003781     
  0.21124999999999999       0.61134432274646866     
  0.21375000000000000       0.60974589417396052     
  0.21625000000000000       0.60803335286565985     
  0.21875000000000000       0.60597253989102740     
  0.22125000000000000       0.60371963301180354     
  0.22375000000000000       0.60162892222336906     
  0.22625000000000001       0.59985063974082664     
  0.22875000000000001       0.59832985499229108     
  0.23125000000000001       0.59690184890603204     
  0.23375000000000001       0.59542005938611609     
  0.23625000000000002       0.59375885202744860     
  0.23874999999999999       0.59178786743228806     
  0.24124999999999999       0.58943267641733810     
  0.24374999999999999       0.58675051729897909     
  0.24625000000000000       0.58393954856216190     
  0.24875000000000000       0.58110922634924211     
  0.25125000000000003       0.57814098850201889     
  0.25375000000000003       0.57475385108812982     
  0.25625000000000003       0.57081628360041292     
  0.25875000000000004       0.56651136339722430     
  0.26125000000000004       0.56222240838360904     
  0.26375000000000004       0.55827360295798456     
  0.26625000000000004       0.55480223592753575     
  0.26875000000000004       0.55183718298181050     
  0.27125000000000005       0.54937773488127573     
  0.27375000000000005       0.54739560865528891     
  0.27625000000000005       0.54578974676960745     
  0.27875000000000005       0.54443302863089738     
  0.28125000000000006       0.54322912566498649     
  0.28375000000000006       0.54206843443943165     
  0.28625000000000006       0.54072903197647648     
  0.28875000000000001       0.53898165657113428     
  0.29125000000000001       0.53684488671531583     
  0.29375000000000001       0.53466937170745021     
  0.29625000000000001       0.53276273319498424     
  0.29875000000000002       0.53102299776170880     
  0.30125000000000002       0.52878384642832377     
  0.30375000000000002       0.52592013557616757     
  0.30625000000000002       0.52301398355678075     
  0.30875000000000002       0.52115133162114213     
  0.31125000000000003       0.52136412398505660     
  0.31375000000000003       0.52359381184611598     
  0.31625000000000003       0.52672530502998294     
  0.31875000000000003       0.53000679496761105     
  0.32125000000000004       0.53329893151587027     
  0.32375000000000004       0.53694193385430133     
  0.32625000000000004       0.54205646138555674     
  0.32875000000000004       0.54946451229797044     
  0.33125000000000004       0.55787191347061960     
  0.33375000000000005       0.56544801472946438     
  0.33625000000000005       0.57273044895361591     
  0.33875000000000005       0.58094605708865921     
  0.34125000000000005       0.58900698443167443     
  0.34375000000000006       0.59530448219901022     
  0.34625000000000006       0.60070203983184833     
  0.34875000000000006       0.60423009239815617     
  0.35125000000000001       0.60577433695264615     
  0.35375000000000001       0.60764320400663274     
  0.35625000000000001       0.61178507280394689     
  0.35875000000000001       0.61442032780789380     
  0.36125000000000002       0.61682542699578824     
  0.36375000000000002       0.62073176022325793     
  0.36625000000000002       0.62321344053778616     
  0.36875000000000002       0.62288594069028158     
  0.37125000000000002       0.62178686910585379     
  0.37375000000000003       0.62158717385417650     
  0.37625000000000003       0.62089967416491143     
  0.37875000000000003       0.62004336026981977     
  0.38125000000000003       0.62096612037230858     
  0.38375000000000004       0.62275095293933980     
  0.38625000000000004       0.62256215723968522     
  0.38875000000000004       0.62091475726388989     
  0.39125000000000004       0.62072073843946141     
  0.39375000000000004       0.62146503626305927     
  0.39625000000000005       0.62076763031578330     
  0.39875000000000005       0.61988492733234923     
  0.40125000000000005       0.62052819375326507     
  0.40375000000000005       0.62089208658100281     
  0.40625000000000006       0.61948506195572062     
  0.40875000000000006       0.61679376142550613     
  0.41125000000000006       0.61276308226114562     
  0.41375000000000006       0.60813697875624462     
  0.41625000000000001       0.60549248229011254     
  0.41875000000000001       0.60481800905649252     
  0.42125000000000001       0.60096363944735265     
  0.42375000000000002       0.59096501652986677     
  0.42625000000000002       0.58507203661037976     
  0.42875000000000002       0.60098888386871718     
  0.43125000000000002       0.64132106342283568     
  0.43375000000000002       0.68874681485713396     
  0.43625000000000003       0.71949577419474853     
  0.43875000000000003       0.70426571069471200     
  0.44125000000000003       0.64182199408383767     
  0.44375000000000003       0.58859895399298456     
  0.44625000000000004       0.57403241135593464     
  0.44875000000000004       0.56559962708418909     
  0.45125000000000004       0.55879817006519472     
  0.45375000000000004       0.56750050321499856     
  0.45625000000000004       0.59286365572798194     
  0.45875000000000005       0.63655657847798397     
  0.46125000000000005       0.69550133871174502     
  0.46375000000000005       0.77824002375758683     
  0.46625000000000005       0.88541216581852622     
  0.46875000000000006       0.97281250187046298     
  0.47125000000000006       0.99514057069986828     
  0.47375000000000006       0.98221851201525734     
  0.47625000000000006       0.99375897155907122     
  0.47875000000000001        1.0230716982880765     
  0.48125000000000001        1.0354118834487647     
  0.48375000000000001        1.0384068227384486     
  0.48625000000000002        1.0507390892224708     
  0.48875000000000002        1.0649725651650479     
  0.49125000000000002        1.0680919469038148     
  0.49375000000000002        1.0447189919622641     
  0.49625000000000002       0.99063779999514900     
  0.49875000000000003       0.96416529433343834     
  0.50125000000000008       0.96190701423903513     
  0.50375000000000003       0.96228097116753653     
  0.50625000000000009       0.96374611382771702     
  0.50875000000000004       0.95962801171997625     
  0.51124999999999998       0.95273512302424790     
  0.51375000000000004       0.94633831857980266     
  0.51624999999999999       0.93789242926968097     
  0.51875000000000004       0.93183473108542925     
  0.52124999999999999       0.93423686029585951     
  0.52375000000000005       0.94223880540662064     
  0.52625000000000000       0.94189555371206524     
  0.52875000000000005       0.91720781482502867     
  0.53125000000000000       0.86010435318914957     
  0.53375000000000006       0.77528968304895718     
  0.53625000000000000       0.68740297159451680     
  0.53875000000000006       0.62959068305024612     
  0.54125000000000001       0.61832084469673587     
  0.54375000000000007       0.63668707806356761     
  0.54625000000000001       0.65495352890069436     
  0.54875000000000007       0.66452603279678901     
  0.55125000000000002       0.67285536548501423     
  0.55375000000000008       0.68597670359942808     
  0.55625000000000002       0.70177653844834553     
  0.55875000000000008       0.71609304070603597     
  0.56125000000000003       0.72650710384210837     
  0.56375000000000008       0.73267038079349833     
  0.56625000000000003       0.73421107199012525     
  0.56875000000000009       0.72886659776696772     
  0.57125000000000004       0.71798469968074685     
  0.57375000000000009       0.70125604748683112     
  0.57625000000000004       0.67813457401680821     
  0.57874999999999999       0.65412740029488270     
  0.58125000000000004       0.63560403029942791     
  0.58374999999999999       0.62741712912584380     
  0.58625000000000005       0.62977533478056980     
  0.58875000000000000       0.63776474601592958     
  0.59125000000000005       0.64111495690955378     
  0.59375000000000000       0.63725271828132035     
  0.59625000000000006       0.66199804865009459     
  0.59875000000000000       0.73668862177682248     
  0.60125000000000006       0.76546453502201806     
  0.60375000000000001       0.69962553429892183     
  0.60625000000000007       0.66312169960050404     
  0.60875000000000001       0.68234861288257775     
  0.61125000000000007       0.68446318138717888     
  0.61375000000000002       0.71399619589047836     
  0.61625000000000008       0.81308932078690432     
  0.61875000000000002       0.96111936702331235     
  0.62125000000000008        1.1084187774159395     
  0.62375000000000003        1.1773304366460342     
  0.62625000000000008        1.1633554340974246     
  0.62875000000000003        1.1438409235177665     
  0.63125000000000009        1.1610620726014806     
  0.63375000000000004        1.1984783209157921     
  0.63625000000000009        1.2254669638940130     
  0.63875000000000004        1.2442728708430504     
  0.64124999999999999        1.2676252420425478     
  0.64375000000000004        1.2851908815252915     
  0.64624999999999999        1.2934868470222196     
  0.64875000000000005        1.3022102158162654     
  0.65125000000000000        1.3112187921000229     
  0.65375000000000005        1.3203352582026959     
  0.65625000000000000        1.3311611967844417     
  0.65875000000000006        1.3416811518909426     
  0.66125000000000000        1.3518918161183007     
  0.66375000000000006        1.3619057747582208     
  0.66625000000000001        1.3712131489743762     
  0.66875000000000007        1.3791633413667195     
  0.67125000000000001        1.3857916926082081     
  0.67375000000000007        1.3924746105506685     
  0.67625000000000002        1.4006231775106210     
  0.67875000000000008        1.4105534634076780     
  0.68125000000000002        1.4216796131090381     
  0.68375000000000008        1.4334074458602797     
  0.68625000000000003        1.4454612002409513     
  0.68875000000000008        1.4572511425687624     
  0.69125000000000003        1.4675448490241110     
  0.69375000000000009        1.4752965416336088     
  0.69625000000000004        1.4806042063865092     
  0.69875000000000009        1.4844484120668844     
  0.70125000000000004        1.4877203475826983     
  0.70374999999999999        1.4909838873350092     
  0.70625000000000004        1.4949546557136295     
  0.70874999999999999        1.5002857287173186     
  0.71125000000000005        1.5065476138996876     
  0.71375000000000000        1.5127680597029527     
  0.71625000000000005        1.5197426223289627     
  0.71875000000000000        1.5281769652666282     
  0.72125000000000006        1.5314465927646275     
  0.72375000000000000        1.5179175110931031     
  0.72625000000000006        1.4906644940379274     
  0.72875000000000001        1.4676895633101874     
  0.73125000000000007        1.4483913087548692     
  0.73375000000000001        1.4312244340261340     
  0.73625000000000007        1.4352286732352562     
  0.73875000000000002        1.4463830510452029     
  0.74125000000000008        1.4454404812985382     
  0.74375000000000002        1.4409271038887519     
  0.74625000000000008        1.4400111377344276     
  0.74875000000000003        1.4380046192629730     
  0.75125000000000008        1.4348323974099606     
  0.75375000000000003        1.4338330822681029     
  0.75625000000000009        1.4352996387040906     
  0.75875000000000004        1.4393254943111362     
  0.76125000000000009        1.4459814898272354     
  0.76375000000000004        1.4513052756317604     
  0.76625000000000010        1.4473630243372337     
  0.76875000000000004        1.4310305725826957     
  0.77124999999999999        1.4138935120704175     
  0.77375000000000005        1.4148396230360121     
  0.77625000000000000        1.4381764094435237     
  0.77875000000000005        1.4646028315219504     
  0.78125000000000000        1.4712610298937701     
  0.78375000000000006        1.4607430137172952     
  0.78625000000000000        1.4541243367716465     
  0.78875000000000006        1.4583198205268302     
  0.79125000000000001        1.4619019965746600     
  0.79375000000000007        1.4593930665536639     
  0.79625000000000001        1.4576848033437508     
  0.79875000000000007        1.4598393224913051     
  0.80125000000000002        1.4616792009468773     
  0.80375000000000008        1.4622476610964161     
  0.80625000000000002        1.4633156208084106     
  0.80875000000000008        1.4639461687069291     
  0.81125000000000003        1.4636894895868253     
  0.81375000000000008        1.4639896074928098     
  0.81625000000000003        1.4648122990152213     
  0.81875000000000009        1.4654521596391501     
  0.82125000000000004        1.4662100302035397     
  0.82375000000000009        1.4672584107825037     
  0.82625000000000004        1.4685115552921884     
  0.82875000000000010        1.4694866405696163     
  0.83125000000000004        1.4692096130305559     
  0.83374999999999999        1.4673588915027533     
  0.83625000000000005        1.4646337273044698     
  0.83875000000000000        1.4622383858673671     
  0.84125000000000005        1.4612446820110658     
  0.84375000000000000        1.4618019300321035     
  0.84625000000000006        1.4633668865696370     
  0.84875000000000000        1.4652615331434882     
  0.85125000000000006        1.4672988058591279     
  0.85375000000000001        1.4697290279725743     
  0.85625000000000007        1.4725870638356915     
  0.85875000000000001        1.4752577061250634     
  0.86125000000000007        1.4771605786856916     
  0.86375000000000002        1.4785262845759570     
  0.86625000000000008        1.4798526953542803     
  0.86875000000000002        1.4809654772859211     
  0.87125000000000008        1.4813346262135165     
  0.87375000000000003        1.4809861728847697     
  0.87625000000000008        1.4804209155571686     
  0.87875000000000003        1.4798743187612613     
  0.88125000000000009        1.4792674676361353     
  0.88375000000000004        1.4786595126909923     
  0.88625000000000009        1.4781901627139096     
  0.88875000000000004        1.4778010339748879     
  0.89125000000000010        1.4774679923654852     
  0.89375000000000004        1.4773795301917225     
  0.89624999999999999        1.4775993382411490     
  0.89875000000000005        1.4779539893474813     
  0.90125000000000000        1.4783289997481475     
  0.90375000000000005        1.4786694643819380     
  0.90625000000000000        1.4787379841916104     
  0.90875000000000006        1.4782988154466674     
  0.91125000000000000        1.4775459132363788     
  0.91375000000000006        1.4769826731693270     
  0.91625000000000001        1.4768485116809469     
  0.91875000000000007        1.4770111555948775     
  0.92125000000000001        1.4774036337759846     
  0.92375000000000007        1.4781105004571229     
  0.92625000000000002        1.4790685676430171     
  0.92875000000000008        1.4801047026277836     
  0.93125000000000002        1.4811809159285272     
  0.93375000000000008        1.4823345783261128     
  0.93625000000000003        1.4834490551221828     
  0.93875000000000008        1.4841696223396048     
  0.94125000000000003        1.4841802269976807     
  0.94375000000000009        1.4836891918063679     
  0.94625000000000004        1.4833340027371338     
  0.94875000000000009        1.4834830352918673     
  0.95125000000000004        1.4839766708241227     
  0.95375000000000010        1.4844156898186487     
  0.95625000000000004        1.4844685800898376     
  0.95874999999999999        1.4842100756566232     
  0.96125000000000005        1.4839833391398842     
  0.96375000000000000        1.4838503324359127     
  0.96625000000000005        1.4837295222846640     
  0.96875000000000000        1.4836527906012185     
  0.97125000000000006        1.4835250996174212     
  0.97375000000000000        1.4834170377529137     
  0.97625000000000006        1.4837443042593785     
  0.97875000000000001        1.4846058412900514     
  0.98125000000000007        1.4856887618601842     
  0.98375000000000001        1.4867496352149390     
  0.98625000000000007        1.4877028129781540     
  0.98875000000000002        1.4884924057380491     
  0.99125000000000008        1.4890619555279434     
  0.99375000000000002        1.4893889912220684     
  0.99625000000000008        1.4894702530552415     
  0.99875000000000003        1.4894931337582040     
